0.000000
0.004008
0.008016
0.012024
0.016032
0.020040
0.024048
0.028056
0.032064
0.036072
0.040080
0.044088
0.048096
0.052104
0.056112
0.060120
0.064128
0.068136
0.072144
0.076152
0.080160
0.084168
0.088176
0.092184
0.096192
0.100200
0.104208
0.108216
0.112224
0.116232
0.120240
0.124248
0.128257
0.132265
0.136273
0.140281
0.144289
0.148297
0.152305
0.156313
0.160321
0.164329
0.168337
0.172345
0.176353
0.180361
0.184369
0.188377
0.192385
0.196393
0.200401
0.204409
0.208417
0.212425
0.216433
0.220441
0.224449
0.228457
0.232465
0.236473
0.240481
0.244489
0.248497
0.252505
0.256513
0.260521
0.264529
0.268537
0.272545
0.276553
0.280561
0.284569
0.288577
0.292585
0.296593
0.300601
0.304609
0.308617
0.312625
0.316633
0.320641
0.324649
0.328657
0.332665
0.336673
0.340681
0.344689
0.348697
0.352705
0.356713
0.360721
0.364729
0.368737
0.372745
0.376754
0.380762
0.384770
0.388778
0.392786
0.396794
0.400802
0.404810
0.408818
0.412826
0.416834
0.420842
0.424850
0.428858
0.432866
0.436874
0.440882
0.444890
0.448898
0.452906
0.456914
0.460922
0.464930
0.468938
0.472946
0.476954
0.480962
0.484970
0.488978
0.492986
0.496994
0.501002
0.505010
0.509018
0.513026
0.517034
0.521042
0.525050
0.529058
0.533066
0.537074
0.541082
0.545090
0.549098
0.553106
0.557114
0.561122
0.565130
0.569138
0.573146
0.577154
0.581162
0.585170
0.589178
0.593186
0.597194
0.601202
0.605210
0.609218
0.613226
0.617234
0.621242
0.625251
0.629259
0.633267
0.637275
0.641283
0.645291
0.649299
0.653307
0.657315
0.661323
0.665331
0.669339
0.673347
0.677355
0.681390
0.685479
0.689621
0.693815
0.698060
0.702355
0.706699
0.711091
0.715531
0.720017
0.724548
0.729124
0.733744
0.738407
0.743112
0.747858
0.752645
0.757471
0.762336
0.767240
0.772181
0.777159
0.782173
0.787222
0.792306
0.797423
0.802574
0.807758
0.812974
0.818221
0.823499
0.828807
0.834145
0.839511
0.844907
0.850330
0.855780
0.861257
0.866761
0.872291
0.877845
0.883425
0.889029
0.894657
0.900309
0.905983
0.911680
0.917399
0.923140
0.928902
0.934685
0.940489
0.946313
0.952156
0.958019
0.963901
0.969801
0.975720
0.981657
0.987612
0.993584
0.999573
1.005579
1.011601
1.017639
1.023694
1.029763
1.035848
1.041948
1.048063
1.054192
1.060336
1.066493
1.072664
1.078849
1.085047
1.091258
1.097482
1.103718
1.109967
1.111763
1.109084
1.107276
1.106385
1.105540
1.104740
1.103986
1.103278
1.102616
1.102001
1.101431
1.100908
1.100431
1.100000
1.099616
1.099278
1.098987
1.098742
1.098543
1.098391
1.098286
1.098227
1.098214
1.098248
1.098328
1.098455
1.098628
1.098848
1.099114
1.099426
1.099784
1.100188
1.100639
1.101135
1.101677
1.102266
1.102900
1.103579
1.104304
1.105075
1.105890
1.106751
1.107657
1.108608
1.109604
1.110644
1.111729
1.112858
1.114031
1.115249
1.116510
1.117815
1.119163
1.120555
1.121990
1.123467
1.124988
1.126551
1.128156
1.129803
1.131492
1.133223
1.134996
1.136809
1.138664
1.140559
1.142495
1.144471
1.146487
1.148543
1.150639
1.152774
1.154948
1.157160
1.159412
1.161701
1.164028
1.166393
1.168796
1.171236
1.173712
1.176225
1.178775
1.181361
1.183982
1.186639
1.179403
1.172167
1.164932
1.157696
1.150461
1.143225
1.135989
1.128754
1.121518
1.114283
1.107047
1.099811
1.092576
1.085340
1.078105
1.070869
1.063633
1.056398
1.049162
1.041927
1.034691
1.027455
1.020220
1.012984
1.005749
0.998513
0.991277
0.984042
0.976806
0.969571
0.962335
0.955099
0.947864
0.940628
0.933393
0.926157
0.918921
0.911686
0.904450
0.897215
0.889979
0.882743
0.875508
0.868272
0.861037
0.853801
0.846565
0.839330
0.832094
0.824859
0.817623
0.810387
0.803152
0.795916
0.788681
0.781445
0.774209
0.766974
0.759738
0.752503
0.745267
0.738031
0.730796
0.723560
0.716325
0.709089
0.701853
0.694618
0.687382
0.680147
0.672911
0.665675
0.658440
0.651204
0.643969
0.636733
0.629497
0.622262
0.615026
0.607791
0.600555
0.593319
0.586084
0.578848
0.571613
0.564377
0.557141
0.549906
0.542670
0.535435
0.528199
0.520963
0.513728
0.506492
0.499257
0.492021
0.484785
0.477550
0.470314
0.463078
0.455843
0.448607
0.441372
0.434136
0.426900
0.419665
0.412429
0.405194
0.397958
0.390722
0.383487
0.376251
0.369016
0.361780
0.354544
0.347309
0.340073
0.332838
0.325602
0.318366
0.311131
0.303895
0.296660
0.289424
0.282188
0.274953
0.267717
0.260482
0.253246
0.246010
0.238775
0.231539
0.224304
0.217068
0.209832
0.202597
0.195361
0.188126
0.180890
0.173654
0.166419
0.159183
0.151948
0.144712
0.137476
0.130241
0.123005
0.115770
0.108534
0.101298
0.094063
0.086827
0.079592
0.072356
0.065120
0.057885
0.050649
0.043414
0.036178
0.028942
0.021707
0.014471
0.007236
0.000000
