0.000000
0.000000
0.000000
0.000000
0.000000
0.000000
0.000000
0.000000
0.000000
0.000000
0.000000
0.000000
0.000000
0.000000
0.000000
0.000000
0.000000
0.000000
0.000000
0.000000
0.000000
0.000000
0.000000
0.000000
0.000000
0.000000
0.000000
0.000000
0.000000
0.000000
0.000000
0.000000
0.000000
0.000000
0.000000
0.000000
0.000000
0.000000
0.000000
0.000000
0.000000
0.000000
0.000000
0.000000
0.000000
0.000000
0.000000
0.000000
0.000000
0.000000
0.000000
0.000000
0.000000
0.000000
0.000000
0.000000
0.000000
0.000000
0.000000
0.000000
0.000000
0.000000
0.000000
0.000000
0.000000
0.000000
0.000000
0.000000
0.000000
0.000000
0.000000
0.000000
0.000000
0.000000
0.000000
0.000000
0.000000
0.000000
0.000000
0.000000
0.000000
0.000000
0.000000
0.000000
0.000000
0.000000
0.000000
0.000000
0.000000
0.000000
0.000000
0.000000
0.000000
0.000000
0.000000
0.000000
0.000000
0.000000
0.000000
0.000000
0.000000
0.000000
0.000000
0.000000
0.000000
0.000000
0.000000
0.000000
0.000000
0.000000
0.000000
0.000000
0.000000
0.000000
0.000000
0.000000
0.000000
0.000000
0.000000
0.000000
0.000000
0.000000
0.000000
0.000000
0.000000
0.000000
0.000000
0.000000
0.000000
0.000000
0.000000
0.000000
0.000000
0.000000
0.000000
0.000000
0.000000
0.000000
0.000000
0.000000
0.000000
0.000000
0.000000
0.000000
0.000000
0.000000
0.000000
0.000000
0.000000
0.000000
0.000000
0.000000
0.000000
0.000000
0.000000
0.000000
0.000000
0.000000
0.000000
0.000000
0.000000
0.000000
0.000000
0.000000
0.000000
0.000000
0.000000
0.000000
0.000000
0.812918
0.803926
0.794865
0.785741
0.776561
0.767331
0.758057
0.748747
0.739407
0.730042
0.720661
0.711268
0.701870
0.692474
0.683085
0.673710
0.664353
0.655022
0.645720
0.636454
0.627229
0.618050
0.608921
0.599847
0.590833
0.581882
0.572999
0.564187
0.555450
0.546792
0.538215
0.529722
0.521316
0.513000
0.504775
0.496645
0.488610
0.480673
0.472835
0.465097
0.457461
0.449927
0.442497
0.435171
0.427950
0.420834
0.413823
0.406917
0.400117
0.393422
0.386832
0.380347
0.373966
0.367690
0.361516
0.355445
0.349476
0.343608
0.337840
0.332171
0.326600
0.321127
0.315749
0.310467
0.305278
0.300182
0.295178
0.290263
0.285438
0.280700
0.276049
0.271483
0.267000
0.262600
0.258282
0.254043
0.249882
0.245799
0.241792
0.237860
0.234000
0.231105
0.335677
0.435401
0.436284
0.437122
0.437914
0.438659
0.439358
0.440009
0.440612
0.441168
0.441675
0.442134
0.442545
0.442906
0.443219
0.443483
0.443697
0.443862
0.443978
0.444044
0.444060
0.444027
0.443945
0.443813
0.443632
0.443401
0.443122
0.442793
0.442415
0.441989
0.441515
0.440992
0.440421
0.439803
0.439137
0.438424
0.437665
0.436859
0.436008
0.435111
0.434169
0.433182
0.432152
0.431078
0.429960
0.428801
0.427599
0.426356
0.425072
0.423748
0.422385
0.420982
0.419541
0.418063
0.416547
0.414996
0.413408
0.411787
0.410130
0.408441
0.406719
0.404965
0.403180
0.401365
0.399520
0.397646
0.395745
0.393816
0.391861
0.389880
0.387875
0.385845
0.383793
0.381718
0.379621
0.377504
0.375367
0.373211
0.371037
0.368845
0.366637
0.364412
0.362173
0.359919
-0.000000
0.000000
0.000000
-0.000000
0.000000
0.000000
0.000000
0.000000
0.000000
0.000000
0.000000
-0.000000
0.000000
-0.000000
0.000000
0.000000
-0.000000
-0.000000
0.000000
-0.000000
0.000000
-0.000000
0.000000
0.000000
-0.000000
0.000000
0.000000
-0.000000
0.000000
0.000000
0.000000
0.000000
-0.000000
0.000000
0.000000
-0.000000
0.000000
0.000000
0.000000
-0.000000
0.000000
0.000000
0.000000
0.000000
0.000000
0.000000
0.000000
0.000000
0.000000
0.000000
0.000000
0.000000
0.000000
-0.000000
-0.000000
0.000000
0.000000
-0.000000
0.000000
0.000000
0.000000
-0.000000
0.000000
-0.000000
0.000000
-0.000000
-0.000000
0.000000
-0.000000
0.000000
-0.000000
0.000000
0.000000
0.000000
-0.000000
0.000000
0.000000
0.000000
0.000000
0.000000
0.000000
-0.000000
0.000000
0.000000
-0.000000
0.000000
0.000000
-0.000000
-0.000000
0.000000
0.000000
0.000000
-0.000000
0.000000
0.000000
-0.000000
-0.000000
0.000000
-0.000000
0.000000
0.000000
0.000000
-0.000000
-0.000000
0.000000
-0.000000
0.000000
0.000000
-0.000000
0.000000
-0.000000
-0.000000
0.000000
0.000000
-0.000000
0.000000
-0.000000
0.000000
0.000000
-0.000000
0.000000
-0.000000
-0.000000
0.000000
0.000000
-0.000000
-0.000000
0.000000
-0.000000
0.000000
-0.000000
0.000000
-0.000000
-0.000000
0.000000
-0.000000
0.000000
-0.000000
-0.000000
0.000000
-0.000000
0.000000
-0.000000
0.000000
0.000000
-0.000000
0.000000
-0.000000
0.000000
-0.000000
0.000000
-0.000000
0.000000
0.000000
-0.000000
0.000000
-0.000000
-0.000000
0.000000
-0.000000
0.000000
-0.000000
-0.000000
-0.000000
0.000000
