0.000000
-0.011469
-0.011473
-0.011478
-0.011472
-0.011464
-0.011454
-0.011446
-0.011444
-0.011448
-0.011455
-0.011464
-0.011474
-0.011472
-0.011457
-0.011449
-0.011443
-0.011444
-0.011450
-0.011456
-0.011464
-0.011470
-0.011473
-0.011471
-0.011465
-0.011456
-0.011444
-0.011435
-0.011432
-0.011431
-0.011434
-0.011438
-0.011448
-0.011451
-0.011451
-0.011446
-0.011423
-0.011414
-0.011414
-0.011416
-0.011415
-0.011412
-0.011407
-0.011402
-0.011395
-0.011387
-0.011378
-0.011369
-0.011350
-0.011344
-0.011342
-0.011342
-0.011344
-0.011345
-0.011344
-0.011341
-0.011338
-0.011333
-0.011328
-0.011321
-0.011314
-0.011296
-0.011286
-0.011264
-0.011258
-0.011255
-0.011253
-0.011250
-0.011246
-0.011236
-0.011229
-0.011221
-0.011205
-0.011201
-0.011200
-0.011201
-0.011201
-0.011200
-0.011197
-0.011193
-0.011188
-0.011182
-0.011175
-0.011167
-0.011159
-0.011150
-0.011145
-0.011144
-0.011144
-0.011139
-0.011135
-0.011129
-0.011107
-0.011098
-0.011091
-0.011089
-0.011085
-0.011080
-0.011059
-0.011040
-0.011030
-0.011014
-0.011015
-0.011015
-0.011010
-0.011006
-0.011001
-0.010995
-0.010989
-0.010964
-0.010954
-0.010944
-0.010939
-0.010938
-0.010942
-0.010913
-0.010904
-0.010894
-0.010885
-0.010878
-0.010879
-0.010879
-0.010875
-0.010865
-0.010851
-0.010843
-0.010835
-0.010826
-0.010821
-0.010820
-0.010821
-0.010820
-0.010818
-0.010815
-0.010811
-0.010806
-0.010792
-0.010776
-0.010771
-0.010773
-0.010773
-0.010772
-0.010729
-0.010714
-0.010707
-0.010695
-0.010678
-0.010665
-0.010664
-0.010662
-0.010654
-0.010634
-0.010616
-0.010610
-0.010609
-0.010596
-0.010589
-0.010571
-0.010549
-0.010530
-0.010524
-0.010520
-0.010515
-0.010501
-0.010483
-0.010472
-0.010438
-0.010427
-0.010415
-0.010417
-0.010412
-0.010408
-0.010404
-0.010398
-0.010392
-0.010376
-0.010367
-0.010357
-0.010346
-0.010335
-0.010328
-0.010324
-0.010324
-0.010322
-0.010313
-0.010307
-0.010291
-0.010282
-0.010271
-0.010247
-0.010234
-0.010220
-0.010211
-0.010203
-0.010198
-0.010193
-0.010187
-0.010171
-0.010162
-0.010152
-0.010142
-0.010132
-0.010127
-0.010124
-0.010123
-0.010121
-0.010117
-0.010112
-0.010099
-0.010092
-0.010083
-0.010073
-0.010063
-0.010052
-0.010046
-0.010042
-0.010039
-0.010035
-0.010030
-0.010024
-0.010008
-0.009998
-0.009988
-0.009977
-0.009959
-0.009955
-0.009954
-0.009951
-0.009948
-0.009942
-0.009929
-0.009921
-0.009903
-0.009893
-0.009883
-0.009877
-0.009874
-0.009873
-0.009870
-0.009866
-0.009860
-0.009854
-0.009846
-0.009829
-0.009819
-0.009802
-0.009799
-0.009796
-0.009793
-0.009788
-0.009782
-0.009775
-0.009767
-0.009757
-0.009747
-0.009737
-0.009720
-0.009717
-0.009716
-0.009714
-0.009711
-0.009706
-0.009694
-0.009678
-0.009668
-0.009660
-0.009654
-0.009652
-0.009647
-0.009643
-0.009637
-0.009622
-0.009613
-0.009604
-0.009594
-0.009589
-0.009586
-0.009582
-0.009572
-0.009565
-0.009558
-0.009549
-0.009540
-0.009530
-0.009520
-0.009511
-0.009511
-0.009505
-0.009501
-0.009489
-0.009473
-0.009453
-0.009443
-0.009434
-0.009434
-0.009435
-0.009435
-0.009431
-0.009427
-0.009416
-0.009409
-0.009401
-0.009381
-0.009370
-0.009359
-0.009348
-0.009347
-0.009344
-0.009337
-0.009326
-0.009320
-0.009305
-0.009297
-0.009288
-0.009279
-0.009258
-0.009246
-0.009234
-0.009209
-0.009195
-0.009182
-0.009155
-0.009144
-0.009135
-0.009122
-0.009118
-0.009115
-0.009114
-0.009117
-0.009120
-0.009132
-0.009139
-0.009148
-0.009158
-0.009181
-0.009208
-0.009223
-0.009238
-0.009270
-0.009287
-0.009321
-0.009356
-0.009373
-0.009391
-0.009431
-0.009454
-0.009479
-0.009506
-0.009568
-0.009603
-0.009640
-0.009680
-0.009768
-0.009816
-0.009867
-0.009978
-0.010038
-0.010100
-0.010166
-0.010234
-0.010380
-0.010457
-0.010537
-0.010620
-0.010706
-0.010884
-0.010977
-0.011073
-0.011270
-0.011476
-0.011689
-0.011909
-0.012135
-0.012368
-0.012606
-0.012851
-0.013213
-0.013329
-0.013557
-0.013668
-0.013889
-0.013998
-0.014105
-0.014212
-0.014421
-0.014627
-0.014730
-0.014831
-0.014932
-0.015032
-0.015230
-0.015329
-0.015427
-0.015526
-0.015721
-0.015818
-0.015915
-0.016013
-0.016207
-0.016303
-0.016400
-0.016594
-0.016788
-0.016884
-0.016981
-0.017175
-0.017272
-0.017369
-0.017564
-0.017662
-0.017857
-0.017955
-0.018053
-0.018151
-0.018347
-0.018445
-0.018543
-0.018641
-0.018739
-0.018836
-0.018934
-0.019032
-0.019226
-0.019324
-0.019421
-0.019518
-0.019616
-0.019810
-0.019907
-0.020100
-0.020197
-0.020293
-0.020485
-0.020581
-0.020676
-0.020771
-0.020866
-0.020961
-0.021057
-0.021245
-0.021337
-0.021428
-0.021604
-0.021687
-0.021772
-0.021926
-0.021996
-0.022066
-0.022125
-0.022187
-0.022302
-0.022353
-0.022405
-0.022454
-0.022551
-0.022594
-0.022638
-0.022685
-0.022727
-0.022767
-0.022805
-0.022849
-0.022928
-0.022963
-0.023004
-0.023038
-0.023072
-0.023144
-0.023176
-0.023213
-0.023243
-0.023308
-0.023342
-0.023370
-0.023405
-0.023431
-0.023489
-0.023522
-0.023548
-0.023579
-0.023604
-0.023652
-0.023679
-0.023701
-0.023747
-0.023791
-0.023815
-0.023833
-0.023874
-0.023910
-0.023930
-0.023946
-0.023966
-0.023982
-0.024000
-0.024014
-0.024032
-0.024044
-0.024069
-0.024083
-0.024105
-0.024120
-0.024125
-0.024134
-0.024136
-0.024142
-0.024141
-0.024140
-0.024130
-0.024119
-0.024104
-0.024086
-0.024062
-0.024039
-0.024009
-0.023978
-0.023946
-0.023912
-0.023876
-0.023798
-0.023758
-0.023719
-0.023683
-0.023648
-0.023613
-0.023539
-0.023499
-0.023415
-0.023373
-0.023330
-0.023244
-0.023201
-0.023157
-0.023114
-0.023071
-0.023028
-0.022985
-0.022942
-0.022899
-0.022857
-0.022815
-0.022773
-0.022691
-0.022650
-0.022610
-0.022570
-0.022531
-0.022491
-0.022452
-0.022373
-0.022335
-0.022295
-0.022257
-0.022219
-0.022181
-0.022143
-0.022105
-0.022030
-0.021990
-0.021949
-0.021906
-0.021815
-0.021767
-0.021718
-0.021666
-0.021615
-0.021556
-0.021504
-0.021369
-0.021296
-0.021233
-0.021164
-0.021083
-0.020902
-0.020807
-0.020710
-0.020611
-0.020509
-0.020311
-0.020218
-0.020127
-0.019955
-0.019875
-0.019799
-0.019664
-0.019604
-0.019550
-0.019500
-0.019457
-0.019419
-0.019388
-0.019344
-0.019331
-0.019325
-0.019326
-0.019332
-0.019344
-0.019362
-0.019385
-0.019413
-0.019446
-0.019483
-0.019525
-0.019571
-0.019621
-0.019674
-0.019732
-0.019792
-0.019856
-0.019923
-0.020064
-0.020137
-0.020212
-0.020288
-0.020366
-0.020522
-0.020601
-0.020679
-0.020758
-0.020915
-0.020993
-0.021070
-0.021147
-0.021224
-0.021300
-0.021375
-0.021523
-0.021595
-0.021667
-0.021807
-0.021942
-0.022008
-0.022072
-0.022195
-0.022311
-0.022419
-0.022470
-0.022518
-0.022608
-0.022650
-0.022689
-0.022726
-0.022760
-0.022792
-0.022821
-0.022847
-0.022872
-0.022914
-0.022932
-0.022948
-0.022963
-0.022989
-0.023001
-0.023012
-0.023035
-0.023047
-0.023060
-0.023074
-0.023091
-0.023110
-0.023131
-0.023154
-0.023180
-0.023245
-0.023284
-0.023326
-0.023373
-0.023482
-0.023546
-0.023616
-0.023694
-0.023778
-0.023870
-0.023968
-0.024074
-0.024186
-0.024304
-0.024542
-0.024804
-0.024930
-0.025053
-0.025178
-0.025306
-0.025564
-0.025690
-0.025932
-0.026049
-0.026162
-0.026374
-0.026473
-0.026567
-0.026740
-0.026895
-0.026966
-0.027034
-0.027097
-0.027213
-0.027266
-0.027361
-0.027405
-0.027445
-0.027520
-0.027553
-0.027584
-0.027655
-0.027672
-0.027696
-0.027703
-0.027702
-0.027690
-0.027671
-0.027612
-0.027574
-0.027531
-0.027483
-0.027431
-0.027375
-0.027250
-0.027180
-0.027107
-0.026950
-0.026867
-0.026779
-0.026689
-0.026596
-0.026499
-0.026400
-0.026297
-0.026083
-0.025972
-0.025857
-0.025742
-0.025628
-0.025507
-0.025392
-0.025263
-0.025005
-0.024736
-0.024602
-0.024321
-0.024030
-0.023730
-0.023573
-0.023416
-0.023343
-0.023269
-0.023196
-0.023129
-0.023063
-0.022940
-0.022871
-0.022793
-0.022701
-0.022521
-0.022428
-0.022334
-0.022241
-0.022036
-0.021930
-0.021823
-0.021592
-0.021471
-0.021351
-0.021230
-0.020987
-0.020866
-0.020744
-0.020623
-0.020377
-0.020254
-0.020004
-0.019877
-0.019750
-0.019483
-0.019351
-0.019090
-0.018958
-0.018824
-0.018552
-0.018409
-0.018262
-0.018117
-0.017974
-0.017832
-0.017691
-0.017540
-0.017388
-0.017095
-0.016949
-0.016790
-0.016479
-0.016326
-0.016167
-0.016021
-0.015862
-0.015544
-0.015385
-0.015227
-0.015066
-0.014907
-0.014563
-0.014386
-0.014209
-0.014033
-0.013858
-0.013685
-0.013517
-0.013355
-0.013204
-0.012934
-0.012807
-0.012683
-0.012561
-0.012437
-0.012312
-0.012179
-0.012018
-0.011834
-0.011635
-0.011429
-0.011216
-0.010995
-0.010767
-0.010530
-0.010288
-0.010038
-0.009786
-0.009531
-0.009273
-0.009013
-0.008752
-0.008489
-0.008226
-0.007941
-0.007655
-0.007365
-0.007079
-0.006803
-0.006549
-0.006313
-0.006096
-0.005897
-0.005726
-0.005573
-0.005434
-0.005306
-0.005074
-0.004859
-0.004663
-0.004574
-0.004488
-0.004325
-0.004173
-0.004101
-0.003931
-0.003807
-0.003650
-0.003256
-0.003022
-0.002484
-0.002181
-0.001868
-0.001234
-0.000916
-0.000599
0.000129
0.000402
0.000717
0.001034
0.001350
0.001668
0.001988
0.002307
0.002628
0.002949
0.003271
0.003596
0.004237
0.004566
0.004873
0.005514
0.005838
0.006167
0.006835
0.007173
0.007702
0.007867
0.008017
0.008166
0.008482
0.008834
0.009219
0.009425
0.009860
0.010078
0.010297
0.010518
0.010966
0.011140
0.011485
0.011671
0.011864
0.012273
0.012651
0.013088
0.013996
0.014335
0.014701
0.015434
0.015813
0.016605
0.017036
0.017488
0.017992
0.018533
0.019694
0.020279
0.020860
0.022008
0.022575
0.023695
0.024245
0.025318
0.025835
0.026330
0.026808
0.027720
0.028579
0.028990
0.029782
0.030163
0.030535
0.030897
0.031247
0.032081
0.032488
0.032905
0.033315
0.033710
0.034448
0.034785
0.035100
0.035653
0.036121
0.036353
0.036731
0.037147
0.037365
0.037814
0.038276
0.038737
0.038962
0.039387
0.039943
0.040224
0.040773
0.041035
0.041256
0.041770
0.042048
0.042310
0.042794
0.043022
0.043563
0.044223
0.044574
0.044918
0.045259
0.045595
0.046228
0.046536
0.047127
0.047404
0.047656
0.048109
0.048320
0.048980
0.049347
0.050052
0.050391
0.050721
0.051341
0.051632
0.052451
0.052707
0.052953
0.053189
0.053415
0.053897
0.054121
0.054330
0.054698
0.054873
0.055039
0.055354
0.055501
0.055642
0.055911
0.055979
0.055783
0.055654
0.055388
0.055269
0.055043
0.054922
0.054796
0.054534
0.054558
0.054585
0.054655
0.054737
0.054819
0.054868
0.054918
0.054892
0.054740
0.054655
0.054477
0.054385
0.054191
0.054089
0.053883
0.053780
0.053575
0.053503
0.053432
0.053314
0.053267
0.053226
0.053190
0.053121
0.053084
0.053042
0.052933
0.052856
0.052763
0.052655
0.052539
0.052415
0.052137
0.051973
0.051614
0.051417
0.051208
0.050988
0.050756
0.050514
0.050001
0.049734
0.049190
0.048911
0.048627
0.048337
0.048044
0.047444
0.047138
0.046830
0.046171
0.045805
0.045428
0.045045
0.044637
0.044220
0.043816
0.042995
0.042578
0.042160
0.041738
0.040889
0.040463
0.040036
0.039891
0.039834
0.039773
0.039621
0.039530
0.039429
0.039321
0.039094
0.038945
0.038829
0.038719
0.038623
0.038514
0.038453
0.038318
0.038168
0.038086
0.037818
0.037625
0.037451
0.037372
0.037228
0.037180
0.037137
0.037093
0.037050
0.037085
0.037116
0.037153
0.037242
0.037293
0.037349
0.037408
0.037471
0.037607
0.037680
0.037835
0.038001
0.038086
0.038262
0.038373
0.038486
0.038712
0.038967
0.039124
0.039441
0.039600
0.039918
0.040078
0.040239
0.040562
0.040726
0.041059
0.041226
0.041393
0.041739
0.041921
0.042106
0.042290
0.042640
0.042805
0.043168
0.043379
0.043592
0.044013
0.044220
0.044626
0.044825
0.045021
0.045408
0.045599
0.045881
0.046084
0.046500
0.046724
0.046944
0.047161
0.047353
0.047685
0.047828
0.047958
0.048072
0.048178
0.048224
0.048263
0.048315
0.048331
0.048346
0.048358
0.048369
0.048377
0.048402
0.048446
0.048462
0.048471
0.048471
0.048464
0.048449
0.048426
0.048395
0.048312
0.048291
0.048269
0.048243
0.048185
0.048117
0.047961
0.047874
0.047775
0.047664
0.047544
0.047410
0.047132
0.047023
0.046907
0.046792
0.046651
0.046347
0.046189
0.046029
0.045701
0.045539
0.045287
0.045170
0.045030
0.044892
0.044752
0.044458
0.044297
0.044121
0.043707
0.043308
0.043095
0.042875
0.042652
0.042425
0.042194
0.041818
0.041452
0.041279
0.041084
0.040648
0.040420
0.040184
0.039690
0.039431
0.039165
0.038893
0.038366
0.038114
0.037858
0.037324
0.037046
0.036770
0.036204
0.035912
0.035313
0.035006
0.034674
0.034320
0.033613
0.033265
0.032547
0.032177
0.031819
0.031446
0.030670
0.029909
0.029538
0.029162
0.028784
0.028407
0.027685
0.027348
0.027020
0.026377
0.026022
0.025641
0.024912
0.024542
0.024173
0.023426
0.023046
0.022320
0.021977
0.021632
0.021283
0.020935
0.020585
0.020235
0.019885
0.019527
0.019173
0.018334
0.017941
0.017113
0.016688
0.016251
0.015812
0.015374
0.014940
0.014512
0.014090
0.013675
0.013268
0.012862
0.012049
0.011644
0.011258
0.010871
0.010095
0.009712
0.009334
0.008960
0.008591
0.008225
0.007480
0.007088
0.006725
0.006006
0.005640
0.005268
0.004890
0.004119
0.003728
0.003335
0.002944
0.002553
0.002168
0.001454
0.001098
0.000749
0.000089
-0.000251
-0.000619
-0.001245
-0.001552
-0.001837
-0.002117
-0.002391
-0.002664
-0.003211
-0.003485
-0.004031
-0.004289
-0.004541
-0.004794
-0.005291
-0.005533
-0.005771
-0.006212
-0.006407
-0.006623
-0.007065
-0.007493
-0.007679
-0.008054
-0.008412
-0.008774
-0.008972
-0.009555
-0.009949
-0.010142
-0.010316
-0.010636
-0.010763
-0.010878
-0.010976
-0.011095
-0.011217
-0.011328
-0.011434
-0.011536
-0.011636
-0.011748
-0.011859
-0.011994
-0.012136
-0.012290
-0.012451
-0.012602
-0.012739
-0.012862
-0.012976
-0.013109
-0.013225
-0.013333
-0.013438
-0.013546
-0.013659
-0.013880
-0.013987
-0.014193
-0.014293
-0.014535
-0.014635
-0.014724
-0.014869
-0.014926
-0.015067
-0.015357
-0.015504
-0.015649
-0.015782
-0.015895
-0.015980
-0.016057
-0.016120
-0.016169
-0.016202
-0.016217
-0.016234
-0.016253
-0.016273
-0.016289
-0.016302
-0.016310
-0.016314
-0.016313
-0.016327
-0.016323
-0.016307
-0.016281
-0.016248
-0.016211
-0.016171
-0.016079
-0.016052
-0.016031
-0.016002
-0.015977
-0.015886
-0.015818
-0.015734
-0.015516
-0.015380
-0.015225
-0.015060
-0.014698
-0.014316
-0.014117
-0.013913
-0.013701
-0.013497
-0.013288
-0.012854
-0.012632
-0.012407
-0.011903
-0.011615
-0.010994
-0.010663
-0.010316
-0.009961
-0.009572
-0.009022
-0.008726
-0.007799
-0.007473
-0.006383
-0.005999
-0.005598
-0.005173
-0.004320
-0.003914
-0.003509
-0.002707
-0.001909
-0.001513
-0.000735
0.000234
0.000521
0.001154
0.001364
0.001785
0.002008
0.002520
0.002796
0.003092
0.003747
0.004125
0.004530
0.004906
0.005267
0.005613
0.005942
0.006253
0.006545
0.007152
0.007458
0.007778
0.008100
0.008421
0.008737
0.009045
0.009347
0.009516
0.009682
0.009826
0.009950
0.010058
0.010134
0.010198
0.010256
0.010385
0.010455
0.010536
0.010597
0.010666
0.010682
0.010700
0.010716
0.010737
0.010761
0.010787
0.010813
0.010872
0.010904
0.010938
0.010976
0.011128
0.011218
0.011461
0.011602
0.011712
0.011765
0.011811
0.011816
0.011741
0.011678
0.011546
0.011478
0.011360
0.011299
0.011230
0.011155
0.011028
0.010984
0.010943
0.010882
0.010796
0.010779
0.010781
0.010833
0.010882
0.010855
0.010798
0.010759
0.010715
0.010630
0.010594
0.010562
0.010533
0.010528
0.010554
0.010595
0.010641
0.010657
0.010661
0.010649
0.010644
0.010645
0.010666
0.010691
0.010785
0.010853
0.010944
0.010964
0.010988
0.011031
0.011088
0.011149
0.011217
0.011291
0.011372
0.011467
0.011575
0.011700
0.011940
0.012059
0.012178
0.012279
0.012384
0.012499
0.012625
0.012910
0.013067
0.013235
0.013413
0.013600
0.013795
0.013882
0.013995
0.014100
0.014212
0.014305
0.014405
0.014512
0.014634
0.014771
0.014927
0.015077
0.015219
0.015359
0.015492
0.015621
0.015735
0.015843
0.015941
0.016030
0.016109
0.016179
0.016239
0.016290
0.016332
0.016364
0.016387
0.016402
0.016422
0.016433
0.016430
0.016392
0.016346
0.016286
0.016221
0.016147
0.016069
0.015892
0.015793
0.015686
0.015572
0.015453
0.015329
0.015200
0.014929
0.014787
0.014631
0.014467
0.014297
0.014122
0.013941
0.013755
0.013564
0.013372
0.013182
0.012800
0.012584
0.012347
0.011867
0.011626
0.011384
0.011142
0.010657
0.010418
0.010181
0.009714
0.009253
0.009024
0.008572
0.008351
0.007917
0.007705
0.007493
0.007278
0.007057
0.006842
0.006637
0.006434
0.006235
0.006041
0.005853
0.005669
0.005492
0.005321
0.004997
0.004696
0.004549
0.004396
0.004113
0.003983
0.003861
0.003744
0.003532
0.003436
0.003346
0.003185
0.003113
0.003047
0.002965
0.002931
0.002899
0.002851
0.002790
0.002752
0.002712
0.002626
0.002533
0.002485
0.002356
0.002221
0.001960
0.001845
0.001741
0.001588
0.001521
0.001456
0.001400
0.001356
0.001324
0.001210
0.001122
0.001014
0.000887
0.000744
0.000636
0.000536
0.000432
0.000329
-0.000321
-0.000453
-0.000842
-0.001072
-0.001322
-0.001590
-0.002164
-0.002466
-0.002777
-0.003278
-0.003555
-0.003842
-0.004134
-0.004450
-0.005131
-0.005519
-0.005943
-0.006393
-0.006871
-0.007863
-0.008372
-0.008888
-0.009410
-0.010468
-0.011004
-0.011535
-0.012065
-0.012595
-0.013125
-0.014177
-0.014698
-0.015728
-0.016283
-0.016853
-0.018020
-0.019217
-0.019815
-0.020716
-0.021185
-0.021656
-0.022607
-0.023087
-0.024060
-0.024543
-0.025027
-0.025530
-0.026038
-0.027043
-0.027542
-0.028025
-0.028496
-0.029414
-0.029811
-0.030231
-0.031058
-0.031474
-0.031904
-0.032810
-0.033281
-0.034270
-0.035290
-0.035768
-0.036694
-0.037144
-0.037586
-0.038013
-0.038826
-0.039211
-0.039583
-0.039947
-0.040299
-0.040640
-0.040970
-0.041590
-0.041879
-0.042156
-0.042416
-0.042660
-0.042888
-0.043103
-0.043306
-0.043673
-0.043847
-0.044125
-0.044234
-0.044328
-0.044408
-0.044530
-0.044573
-0.044605
-0.044627
-0.044659
-0.044686
-0.044734
-0.044840
-0.044981
-0.045105
-0.045226
-0.045338
-0.045459
-0.045587
-0.045718
-0.045846
-0.045965
-0.046174
-0.046277
-0.046369
-0.046455
-0.046605
-0.046679
-0.046752
-0.046825
-0.046898
-0.046912
-0.046941
-0.046962
-0.046977
-0.046996
-0.047023
-0.047040
-0.047079
-0.047124
-0.047176
-0.047246
-0.047436
-0.047531
-0.047619
-0.047702
-0.047775
-0.047837
-0.047890
-0.047937
-0.048038
-0.048116
-0.048228
-0.048280
-0.048388
-0.048419
-0.048434
-0.048431
-0.048419
-0.048399
-0.048343
-0.048276
-0.048241
-0.048144
-0.048079
-0.048004
-0.047922
-0.047837
-0.047749
-0.047690
-0.047662
-0.047652
-0.047645
-0.047646
-0.047654
-0.047611
-0.047577
-0.047497
-0.047442
-0.047308
-0.047228
-0.047140
-0.047041
-0.046816
-0.046688
-0.046568
-0.046452
-0.046206
-0.046077
-0.045951
-0.045705
-0.045580
-0.045462
-0.045216
-0.044986
-0.044788
-0.044594
-0.044208
-0.044007
-0.043821
-0.043649
-0.043495
-0.043360
-0.043245
-0.043156
-0.042975
-0.042880
-0.042800
-0.042731
-0.042649
-0.042573
-0.042447
-0.042385
-0.042346
-0.042294
-0.042292
-0.042303
-0.042324
-0.042357
-0.042452
-0.042512
-0.042668
-0.042765
-0.043004
-0.043147
-0.043307
-0.043686
-0.043909
-0.044156
-0.044429
-0.045049
-0.045738
-0.046110
-0.046831
-0.047151
-0.047842
-0.048231
-0.048653
-0.049591
-0.050100
-0.051171
-0.051733
-0.052317
-0.053549
-0.054197
-0.054865
-0.056260
-0.056986
-0.058494
-0.059275
-0.060066
-0.060870
-0.062513
-0.064208
-0.065076
-0.065955
-0.066850
-0.068710
-0.069707
-0.071766
-0.072813
-0.073869
-0.074931
-0.077060
-0.078122
-0.079177
-0.080223
-0.081258
-0.082278
-0.083282
-0.084268
-0.085234
-0.086183
-0.087105
-0.088001
-0.088887
-0.089755
-0.090609
-0.091454
-0.092364
-0.093327
-0.094305
-0.095292
-0.096279
-0.097254
-0.098216
-0.100110
-0.101043
-0.101970
-0.102895
-0.103819
-0.104732
-0.106529
-0.107411
-0.108280
-0.109138
-0.109983
-0.111684
-0.112560
-0.113430
-0.114290
-0.115988
-0.116827
-0.117661
-0.118489
-0.120131
-0.120944
-0.122565
-0.123381
-0.124200
-0.125826
-0.126633
-0.127437
-0.129021
-0.129805
-0.130588
-0.131359
-0.132823
-0.133545
-0.134979
-0.135686
-0.136383
-0.137068
-0.137227
-0.137218
-0.137197
-0.137171
-0.137145
-0.137060
-0.136913
-0.136846
