0.000000	0.000000	0.000000	0.000000	0.000000	0.000000	0.000000	0.000000	0.000000	0.000000
-0.013948	-0.013948	-0.014059	-0.014059	-0.030000	-0.030000	-0.030000	-0.030000	0.000000	0.040000
-0.072280	-0.068415	-0.072104	-0.068221	-0.092413	-0.087451	-0.030808	-0.029146	0.000000	0.120000
0.006855	0.007245	0.006927	0.007318	-0.030854	-0.029192	-0.092549	-0.087587	0.000000	0.200000
0.063714	0.075280	0.064789	0.076273	0.032724	0.027695	-0.163396	-0.138621	0.000000	0.280000
0.126710	0.167396	0.130512	0.170664	0.104490	0.079032	-0.242806	-0.184914	0.000000	0.360000
0.181021	0.267146	0.188761	0.272900	0.185976	0.125625	-0.331803	-0.227266	0.000000	0.440000
0.208918	0.334633	0.219782	0.343427	0.274256	0.169901	-0.393050	-0.247635	0.000000	0.500000
0.243623	0.407902	0.254529	0.420956	0.363693	0.214094	-0.410857	-0.243904	0.000000	0.500000
0.295779	0.452164	0.304259	0.462807	0.283997	0.184329	-0.312541	-0.203545	0.000000	0.500000
0.348596	0.485307	0.356215	0.495332	0.212721	0.152235	-0.223695	-0.160215	0.000000	0.500000
0.367955	0.474659	0.375501	0.485352	0.175895	0.136071	-0.145414	-0.112343	0.000000	0.500000
0.412865	0.492576	0.421469	0.503903	0.139406	0.116733	-0.073308	-0.061299	0.000000	0.500000
0.456402	0.497239	0.466414	0.508476	0.090754	0.083282	-0.007073	-0.006488	0.000000	0.500000
0.492838	0.488008	0.502460	0.497541	0.042736	0.042317	0.053493	0.052969	0.000000	0.500000
0.506742	0.477054	0.515002	0.485000	0.011869	0.011172	0.079269	0.074634	0.000000	0.500000
0.533723	0.457536	0.538001	0.462040	-0.051931	-0.044431	0.126903	0.108710	0.000000	0.500000
0.561692	0.434860	0.562670	0.437564	-0.120765	-0.092586	0.188653	0.145119	0.000000	0.500000
0.583089	0.425870	0.577903	0.422493	-0.191409	-0.137058	0.201082	0.144097	0.000000	0.500000
0.607773	0.419851	0.593538	0.407095	-0.264460	-0.176357	0.214829	0.142378	0.000000	0.500000
0.607257	0.391992	0.582052	0.368679	-0.341204	-0.206722	0.251554	0.149625	0.000000	0.500000
0.546050	0.366303	0.527023	0.348110	-0.309764	-0.198276	0.220100	0.138914	0.000000	0.500000
0.526083	0.377180	0.511754	0.362973	-0.259586	-0.181265	0.167739	0.116093	0.000000	0.500000
0.473311	0.358225	0.469085	0.354185	-0.187371	-0.139815	0.157665	0.117434	0.000000	0.500000
0.457044	0.365295	0.457273	0.365924	-0.122577	-0.097309	0.146512	0.116414	0.000000	0.500000
0.475420	0.399836	0.485114	0.409042	-0.058737	-0.049260	0.143634	0.120678	0.000000	0.500000
0.463851	0.407742	0.472430	0.415844	-0.034596	-0.030377	0.113560	0.099803	0.000000	0.500000
0.456539	0.414631	0.465370	0.422889	-0.025528	-0.023174	0.083771	0.076075	0.000000	0.500000
0.479295	0.444138	0.487244	0.451605	-0.024500	-0.022698	0.061312	0.056810	0.000000	0.500000
0.503633	0.484144	0.509855	0.490145	-0.009326	-0.008965	0.034408	0.033077	0.000000	0.500000
0.492683	0.494401	0.499130	0.500870	0.003768	0.003755	-0.000023	-0.000023	0.000000	0.500000
0.488946	0.497367	0.495730	0.504270	0.011908	0.011707	-0.006825	-0.006709	0.000000	0.500000
0.486580	0.499110	0.493643	0.506357	0.018143	0.017687	-0.009869	-0.009621	0.000000	0.500000
0.484977	0.500095	0.492323	0.507677	0.023764	0.023045	-0.010149	-0.009842	0.000000	0.500000
0.473328	0.509953	0.481356	0.518645	0.049203	0.045667	-0.035087	-0.032564	0.000000	0.500000
0.460748	0.521774	0.468948	0.531061	0.072299	0.063831	-0.072199	-0.063742	0.000000	0.500000
0.433339	0.547258	0.441961	0.558151	0.144695	0.114425	-0.144589	-0.114341	0.000000	0.500000
0.407981	0.573259	0.415997	0.584531	0.226326	0.160388	-0.226214	-0.160307	0.000000	0.500000
0.405865	0.574877	0.413288	0.587242	0.247372	0.173742	-0.221087	-0.154951	0.000000	0.500000
0.407477	0.572358	0.414524	0.585905	0.255579	0.180965	-0.201484	-0.142064	0.000000	0.500000
0.409196	0.570526	0.416465	0.583928	0.247596	0.176691	-0.196741	-0.139870	0.000000	0.500000
0.411296	0.567860	0.418582	0.581743	0.246169	0.177433	-0.182997	-0.131316	0.000000	0.500000
0.402229	0.579131	0.409537	0.591126	0.257329	0.177693	-0.238323	-0.164292	0.000000	0.500000
0.380345	0.605595	0.385484	0.616429	0.352655	0.218661	-0.332770	-0.205727	0.000000	0.500000
0.361694	0.632403	0.363898	0.640517	0.459624	0.256521	-0.439130	-0.243955	0.000000	0.500000
0.356213	0.642205	0.355718	0.649957	0.511417	0.274913	-0.475683	-0.253332	0.000000	0.500000
0.359379	0.636456	0.360291	0.644603	0.482556	0.265121	-0.453104	-0.247188	0.000000	0.500000
0.364492	0.627937	0.367507	0.636398	0.438776	0.249168	-0.421905	-0.238739	0.000000	0.500000
0.357713	0.637537	0.363598	0.641714	0.448783	0.245909	-0.477517	-0.263434	0.000000	0.500000
0.342543	0.665007	0.346638	0.663535	0.568423	0.280961	-0.597666	-0.298375	0.000000	0.500000
0.339598	0.677926	0.335668	0.677443	0.663681	0.313707	-0.644726	-0.302367	0.000000	0.500000
0.343427	0.671611	0.335988	0.675366	0.656219	0.317283	-0.605804	-0.287216	0.000000	0.500000
0.346965	0.665146	0.337420	0.672292	0.643080	0.318147	-0.567591	-0.273206	0.000000	0.500000
0.351081	0.656891	0.340803	0.667070	0.618670	0.315151	-0.522062	-0.257607	0.000000	0.500000
0.356069	0.645746	0.348460	0.657444	0.568176	0.301246	-0.470492	-0.242646	0.000000	0.500000
0.360039	0.638287	0.353398	0.651369	0.540234	0.294355	-0.434571	-0.230459	0.000000	0.500000
0.360298	0.637886	0.353561	0.651142	0.539738	0.294513	-0.432128	-0.229412	0.000000	0.500000
0.351826	0.651846	0.347511	0.659633	0.568099	0.294640	-0.511654	-0.260894	0.000000	0.500000
0.341401	0.678901	0.331643	0.681598	0.695265	0.327984	-0.639921	-0.294796	0.000000	0.500000
0.340534	0.673736	0.338732	0.673330	0.636114	0.304975	-0.627494	-0.299834	0.000000	0.500000
0.344343	0.662513	0.346627	0.662934	0.568810	0.283746	-0.581472	-0.291290	0.000000	0.500000
0.348682	0.654694	0.350000	0.657933	0.544217	0.279366	-0.541531	-0.277761	0.000000	0.500000
0.354877	0.642774	0.358636	0.647344	0.483853	0.259745	-0.493204	-0.265402	0.000000	0.500000
0.359416	0.635740	0.362373	0.642531	0.464921	0.256272	-0.457733	-0.251886	0.000000	0.500000
0.363685	0.629595	0.364932	0.639075	0.458302	0.258434	-0.421785	-0.235957	0.000000	0.500000
0.358776	0.639021	0.355482	0.649565	0.520188	0.282818	-0.450147	-0.240422	0.000000	0.500000
0.362433	0.631602	0.363422	0.640823	0.466510	0.261048	-0.430247	-0.238806	0.000000	0.500000
0.366805	0.624775	0.368488	0.634977	0.440287	0.252909	-0.400888	-0.228442	0.000000	0.500000
0.373460	0.614979	0.376302	0.626238	0.402280	0.240057	-0.360840	-0.213776	0.000000	0.500000
0.379374	0.606796	0.382834	0.619066	0.375101	0.231107	-0.326351	-0.199576	0.000000	0.500000
0.385307	0.598908	0.389339	0.612058	0.350720	0.222879	-0.293363	-0.185001	0.000000	0.500000
0.391886	0.590572	0.396879	0.604115	0.321381	0.211172	-0.262319	-0.171199	0.000000	0.500000
0.398255	0.582905	0.404182	0.596530	0.293251	0.198804	-0.236011	-0.159100	0.000000	0.500000
0.402502	0.577942	0.408947	0.591616	0.276179	0.191067	-0.218990	-0.150738	0.000000	0.500000
0.401003	0.579873	0.407499	0.593135	0.277354	0.190501	-0.229202	-0.156733	0.000000	0.500000
0.397968	0.583275	0.403904	0.596824	0.293586	0.198754	-0.237929	-0.160189	0.000000	0.500000
0.390675	0.592366	0.396326	0.604799	0.314443	0.205421	-0.277423	-0.180451	0.000000	0.500000
0.390429	0.592519	0.395623	0.605482	0.321800	0.209942	-0.273582	-0.177467	0.000000	0.500000
0.394816	0.587466	0.401143	0.599788	0.293327	0.195564	-0.262392	-0.174365	0.000000	0.500000
0.401468	0.580639	0.409364	0.591397	0.245940	0.169145	-0.254344	-0.175057	0.000000	0.500000
0.411340	0.571528	0.420290	0.580279	0.184144	0.132169	-0.244819	-0.176468	0.000000	0.500000
0.424614	0.560705	0.433366	0.567023	0.111614	0.084449	-0.235838	-0.179544	0.000000	0.500000
0.437680	0.551418	0.444967	0.555303	0.046798	0.037140	-0.232068	-0.185352	0.000000	0.500000
0.434591	0.554896	0.442189	0.558152	0.047149	0.036922	-0.249171	-0.196631	0.000000	0.500000
0.429406	0.560942	0.437681	0.562817	0.045271	0.034650	-0.280805	-0.217217	0.000000	0.500000
0.427071	0.564637	0.435764	0.564869	0.033333	0.025210	-0.307246	-0.235482	0.000000	0.500000
0.435158	0.558977	0.442304	0.558200	-0.001549	-0.001206	-0.301502	-0.237527	0.000000	0.500000
0.440372	0.554761	0.446488	0.553919	-0.015877	-0.012603	-0.290014	-0.232595	0.000000	0.500000
0.445817	0.550881	0.450775	0.549559	-0.034459	-0.027885	-0.283210	-0.231266	0.000000	0.500000
0.452233	0.546211	0.455818	0.544437	-0.053510	-0.044297	-0.273145	-0.227817	0.000000	0.500000
0.453140	0.543509	0.457039	0.543162	-0.038144	-0.031799	-0.249989	-0.209701	0.000000	0.500000
0.460854	0.535350	0.464037	0.536066	-0.038589	-0.033217	-0.211436	-0.182680	0.000000	0.500000
0.456365	0.537900	0.460574	0.539547	-0.019671	-0.016689	-0.210856	-0.179627	0.000000	0.500000
0.444122	0.548955	0.449994	0.550273	0.000736	0.000596	-0.250582	-0.204196	0.000000	0.500000
0.423806	0.565080	0.432886	0.567698	0.070782	0.053066	-0.285213	-0.216228	0.000000	0.500000
0.408216	0.578356	0.418949	0.582019	0.137486	0.096886	-0.311771	-0.222636	0.000000	0.500000
0.406127	0.578888	0.416272	0.584633	0.169255	0.118454	-0.294360	-0.208076	0.000000	0.500000
0.405864	0.578538	0.415674	0.585183	0.180558	0.126316	-0.285199	-0.201205	0.000000	0.500000
0.407966	0.576027	0.417486	0.583267	0.179140	0.126534	-0.272462	-0.193828	0.000000	0.500000
0.414085	0.570322	0.423473	0.577128	0.151596	0.109867	-0.259790	-0.189621	0.000000	0.500000
0.419375	0.564796	0.428382	0.572069	0.139260	0.103253	-0.238730	-0.178013	0.000000	0.500000
0.425420	0.558890	0.434071	0.566259	0.121821	0.092632	-0.219653	-0.167813	0.000000	0.500000
0.435714	0.549524	0.443681	0.556514	0.089540	0.070960	-0.193864	-0.154202	0.000000	0.500000
0.430408	0.554809	0.438721	0.561553	0.100220	0.077696	-0.213288	-0.166137	0.000000	0.500000
0.417007	0.568043	0.426349	0.574212	0.134106	0.098312	-0.259205	-0.191478	0.000000	0.500000
0.410428	0.575543	0.420659	0.580174	0.139931	0.099626	-0.295182	-0.212526	0.000000	0.500000
0.411202	0.574465	0.421241	0.579541	0.142091	0.101542	-0.288045	-0.207979	0.000000	0.500000
0.416097	0.570242	0.425821	0.574848	0.119130	0.086831	-0.280554	-0.206572	0.000000	0.500000
0.421845	0.565292	0.431025	0.569521	0.095630	0.071315	-0.270081	-0.203325	0.000000	0.500000
0.426356	0.561342	0.435026	0.565430	0.080048	0.060771	-0.260014	-0.199114	0.000000	0.500000
0.430556	0.557637	0.438723	0.561656	0.067116	0.051805	-0.249725	-0.194265	0.000000	0.500000
0.433032	0.554445	0.440974	0.559329	0.070715	0.055212	-0.231229	-0.181678	0.000000	0.500000
0.435245	0.551051	0.443111	0.557118	0.079349	0.062649	-0.208402	-0.165310	0.000000	0.500000
0.428856	0.556103	0.437286	0.563006	0.106394	0.081986	-0.215725	-0.167032	0.000000	0.500000
0.422124	0.562473	0.431008	0.569402	0.126475	0.094806	-0.235100	-0.177250	0.000000	0.500000
0.412454	0.571226	0.421687	0.578909	0.167620	0.120757	-0.254093	-0.184139	0.000000	0.500000
0.409344	0.574142	0.418585	0.582084	0.182038	0.129433	-0.260348	-0.186186	0.000000	0.500000
0.413585	0.570087	0.422772	0.577794	0.163882	0.118639	-0.250455	-0.182357	0.000000	0.500000
0.416424	0.566566	0.425325	0.575130	0.164265	0.120483	-0.231435	-0.170453	0.000000	0.500000
0.421708	0.561870	0.430509	0.569863	0.140482	0.105286	-0.222599	-0.167562	0.000000	0.500000
0.427572	0.556911	0.436093	0.564204	0.114724	0.088000	-0.214249	-0.165086	0.000000	0.500000
0.434191	0.551586	0.442192	0.558038	0.086727	0.068236	-0.206107	-0.162885	0.000000	0.500000
0.437842	0.547792	0.445623	0.554554	0.081581	0.065180	-0.190629	-0.152852	0.000000	0.500000
0.438809	0.545607	0.446746	0.553393	0.092171	0.074092	-0.172550	-0.139055	0.000000	0.500000
0.428264	0.554095	0.436790	0.563425	0.137835	0.106397	-0.184141	-0.142429	0.000000	0.500000
0.422871	0.559329	0.431502	0.568788	0.154749	0.116794	-0.199715	-0.151079	0.000000	0.500000
0.424543	0.558048	0.433162	0.567116	0.145036	0.110175	-0.199637	-0.152057	0.000000	0.500000
0.429588	0.553851	0.438033	0.562196	0.122049	0.094572	-0.193650	-0.150508	0.000000	0.500000
0.432565	0.550581	0.440920	0.559261	0.118438	0.092967	-0.179500	-0.141228	0.000000	0.500000
0.435354	0.547448	0.443668	0.556473	0.115915	0.092104	-0.165449	-0.131690	0.000000	0.500000
0.437933	0.544614	0.446231	0.553880	0.112988	0.090787	-0.153308	-0.123342	0.000000	0.500000
0.440624	0.541806	0.448901	0.551187	0.108539	0.088211	-0.142475	-0.115902	0.000000	0.500000
0.445773	0.537873	0.453663	0.546406	0.086977	0.072055	-0.138163	-0.114598	0.000000	0.500000
0.448478	0.535226	0.456300	0.543754	0.081770	0.068494	-0.128979	-0.108145	0.000000	0.500000
0.452960	0.531985	0.460307	0.539736	0.063658	0.054192	-0.126027	-0.107403	0.000000	0.500000
0.456690	0.528277	0.463964	0.536065	0.058097	0.050217	-0.112368	-0.097203	0.000000	0.500000
0.461698	0.524929	0.468270	0.531752	0.038009	0.033429	-0.110659	-0.097403	0.000000	0.500000
0.466440	0.521778	0.472292	0.527724	0.020272	0.018121	-0.108369	-0.096948	0.000000	0.500000
0.471945	0.518461	0.476771	0.523240	-0.001312	-0.001194	-0.108076	-0.098445	0.000000	0.500000
0.476504	0.515682	0.480462	0.519546	-0.017723	-0.016377	-0.106759	-0.098701	0.000000	0.500000
0.479845	0.513489	0.483226	0.516780	-0.028011	-0.026175	-0.103949	-0.097178	0.000000	0.500000
0.480761	0.512185	0.484307	0.515697	-0.025889	-0.024300	-0.096720	-0.090816	0.000000	0.500000
0.481688	0.510815	0.485430	0.514573	-0.023440	-0.022103	-0.089002	-0.083949	0.000000	0.500000
0.488219	0.505956	0.491119	0.508882	-0.038517	-0.037166	-0.077944	-0.075219	0.000000	0.500000
0.500519	0.496071	0.502234	0.497766	-0.059865	-0.059333	-0.050108	-0.049662	0.000000	0.500000
0.504767	0.491941	0.506452	0.493548	-0.063217	-0.061608	-0.034831	-0.033943	0.000000	0.500000
0.505841	0.491246	0.507342	0.492658	-0.066121	-0.064209	-0.033767	-0.032789	0.000000	0.500000
0.508168	0.490109	0.509084	0.490917	-0.074514	-0.071860	-0.034373	-0.033145	0.000000	0.500000
0.509375	0.489446	0.510024	0.489976	-0.078401	-0.075325	-0.034035	-0.032696	0.000000	0.500000
0.510728	0.488785	0.511038	0.488962	-0.083204	-0.079618	-0.034274	-0.032792	0.000000	0.500000
0.510285	0.488841	0.510788	0.489213	-0.080706	-0.077304	-0.032902	-0.031511	0.000000	0.500000
0.509451	0.489073	0.510252	0.489748	-0.076721	-0.073644	-0.031323	-0.030063	0.000000	0.500000
0.508614	0.489320	0.509708	0.490292	-0.072772	-0.070005	-0.029819	-0.028682	0.000000	0.500000
0.510482	0.487650	0.511493	0.488507	-0.075052	-0.071686	-0.024041	-0.022959	0.000000	0.500000
0.514185	0.484856	0.514769	0.485231	-0.082489	-0.077767	-0.016567	-0.015615	0.000000	0.500000
0.518071	0.482150	0.518096	0.481904	-0.091459	-0.085086	-0.010239	-0.009522	0.000000	0.500000
0.521198	0.479919	0.520802	0.479199	-0.098267	-0.090436	-0.004479	-0.004120	0.000000	0.500000
0.527388	0.475415	0.526205	0.473795	-0.111002	-0.099967	0.008223	0.007399	0.000000	0.500000
0.526785	0.475894	0.525659	0.474341	-0.109996	-0.099279	0.006633	0.005983	0.000000	0.500000
0.525657	0.476553	0.524755	0.475245	-0.106792	-0.096737	0.005570	0.005042	0.000000	0.500000
0.523833	0.477474	0.523366	0.476634	-0.100787	-0.091804	0.005056	0.004603	0.000000	0.500000
0.521069	0.478683	0.521359	0.478641	-0.090531	-0.083123	0.005946	0.005457	0.000000	0.500000
0.518621	0.479785	0.519569	0.480431	-0.081500	-0.075367	0.006655	0.006152	0.000000	0.500000
0.520355	0.478634	0.521023	0.478977	-0.085821	-0.078902	0.009118	0.008380	0.000000	0.500000
0.525841	0.475098	0.525574	0.474427	-0.099862	-0.090150	0.016495	0.014881	0.000000	0.500000
0.529848	0.472163	0.529074	0.470927	-0.107975	-0.096106	0.025101	0.022324	0.000000	0.500000
0.533418	0.469521	0.532203	0.467799	-0.114945	-0.101018	0.033253	0.029196	0.000000	0.500000
0.536109	0.467355	0.534644	0.465359	-0.119203	-0.103719	0.040929	0.035574	0.000000	0.500000
0.538422	0.465672	0.536654	0.463351	-0.123788	-0.106824	0.046222	0.039840	0.000000	0.500000
0.539545	0.465093	0.537517	0.462489	-0.127260	-0.109438	0.046966	0.040337	0.000000	0.500000
0.536131	0.466623	0.535006	0.464999	-0.115406	-0.100252	0.046613	0.040453	0.000000	0.500000
0.532972	0.468050	0.532684	0.467320	-0.104323	-0.091475	0.046465	0.040714	0.000000	0.500000
0.530203	0.469351	0.530630	0.469374	-0.094743	-0.083765	0.046148	0.040780	0.000000	0.500000
0.529315	0.470201	0.529760	0.470243	-0.094019	-0.083422	0.042640	0.037814	0.000000	0.500000
0.527175	0.471284	0.528137	0.471865	-0.086938	-0.077645	0.041948	0.037449	0.000000	0.500000
0.524811	0.472437	0.526367	0.473635	-0.078792	-0.070873	0.041660	0.037462	0.000000	0.500000
0.527434	0.470365	0.528719	0.471284	-0.083458	-0.074354	0.048311	0.043026	0.000000	0.500000
0.529002	0.468767	0.530298	0.469707	-0.084260	-0.074580	0.055202	0.048845	0.000000	0.500000
0.530154	0.467393	0.531551	0.468456	-0.083753	-0.073744	0.061878	0.054470	0.000000	0.500000
0.538722	0.461637	0.538704	0.461312	-0.104047	-0.088948	0.076850	0.065667	0.000000	0.500000
0.541362	0.461188	0.540296	0.459719	-0.117156	-0.099532	0.071415	0.060620	0.000000	0.500000
0.538609	0.462471	0.538257	0.461756	-0.107825	-0.092368	0.070695	0.060522	0.000000	0.500000
0.535157	0.464094	0.535700	0.464311	-0.096030	-0.083123	0.069946	0.060522	0.000000	0.500000
0.531432	0.465847	0.532948	0.467061	-0.083087	-0.072729	0.069469	0.060798	0.000000	0.500000
0.528850	0.467215	0.530970	0.469038	-0.074815	-0.066018	0.068128	0.060113	0.000000	0.500000
0.528003	0.468191	0.530067	0.469940	-0.074978	-0.066413	0.063518	0.056255	0.000000	0.500000
0.526307	0.469200	0.528714	0.471292	-0.070093	-0.062429	0.061867	0.055098	0.000000	0.500000
0.530178	0.466843	0.531828	0.468180	-0.080895	-0.071139	0.066160	0.058172	0.000000	0.500000
0.533181	0.464893	0.534302	0.465709	-0.088482	-0.077024	0.070687	0.061519	0.000000	0.500000
0.534957	0.463531	0.535863	0.464150	-0.091800	-0.079396	0.075099	0.064935	0.000000	0.500000
0.535318	0.462721	0.536429	0.463586	-0.089601	-0.077301	0.080204	0.069184	0.000000	0.500000
0.541554	0.459219	0.541299	0.458723	-0.107870	-0.091210	0.086147	0.072811	0.000000	0.500000
0.539583	0.460296	0.539773	0.460247	-0.101997	-0.086790	0.084402	0.071795	0.000000	0.500000
0.537715	0.461260	0.538353	0.461665	-0.096073	-0.082227	0.083283	0.071266	0.000000	0.500000
0.535699	0.462299	0.536824	0.463192	-0.089614	-0.077182	0.082183	0.070774	0.000000	0.500000
0.532184	0.463883	0.534267	0.465747	-0.076969	-0.066987	0.082295	0.071627	0.000000	0.500000
0.527769	0.465838	0.531080	0.468932	-0.060584	-0.053415	0.083171	0.073348	0.000000	0.500000
0.525335	0.466996	0.529288	0.470723	-0.051827	-0.046029	0.083248	0.073958	0.000000	0.500000
0.531159	0.463718	0.533819	0.466196	-0.069828	-0.060873	0.087361	0.076175	0.000000	0.500000
0.536938	0.460071	0.538499	0.461524	-0.085082	-0.072742	0.095342	0.081528	0.000000	0.500000
0.546729	0.452560	0.546989	0.453067	-0.103121	-0.085016	0.120754	0.099598	0.000000	0.500000
0.556002	0.448673	0.553621	0.446452	-0.135963	-0.109035	0.121756	0.097595	0.000000	0.500000
0.553541	0.449866	0.551787	0.448279	-0.128209	-0.103617	0.120042	0.096992	0.000000	0.500000
0.550852	0.451193	0.549776	0.450283	-0.119757	-0.097610	0.118157	0.096302	0.000000	0.500000
0.549927	0.452644	0.548659	0.451390	-0.121953	-0.099916	0.109901	0.090012	0.000000	0.500000
0.547167	0.454070	0.546566	0.453477	-0.113505	-0.093815	0.107673	0.088981	0.000000	0.500000
0.544073	0.455636	0.544237	0.455801	-0.103734	-0.086577	0.105642	0.088173	0.000000	0.500000
0.541470	0.456736	0.542377	0.457658	-0.094261	-0.079275	0.105800	0.089002	0.000000	0.500000
0.543578	0.454899	0.544301	0.455742	-0.096979	-0.080885	0.113004	0.094285	0.000000	0.500000
0.550306	0.450329	0.549849	0.450219	-0.112195	-0.091366	0.126496	0.103056	0.000000	0.500000
0.562295	0.445753	0.558270	0.441820	-0.156049	-0.122705	0.125794	0.098793	0.000000	0.500000
0.560200	0.447015	0.556603	0.443477	-0.150879	-0.119503	0.122155	0.096646	0.000000	0.500000
0.556117	0.449081	0.553515	0.446553	-0.138670	-0.111285	0.118314	0.094883	0.000000	0.500000
0.550110	0.451842	0.549102	0.450953	-0.118865	-0.097173	0.115493	0.094407	0.000000	0.500000
0.544695	0.454376	0.545121	0.454924	-0.100772	-0.083762	0.113354	0.094249	0.000000	0.500000
0.542177	0.456449	0.542877	0.457159	-0.096911	-0.081337	0.105645	0.088684	0.000000	0.500000
0.540716	0.458039	0.541395	0.458633	-0.096709	-0.081694	0.098189	0.082947	0.000000	0.500000
0.539776	0.459401	0.540284	0.459739	-0.098384	-0.083518	0.090746	0.077023	0.000000	0.500000
0.545054	0.455881	0.544647	0.455388	-0.110729	-0.092285	0.100508	0.083747	0.000000	0.500000
0.550502	0.452455	0.549050	0.450999	-0.124257	-0.101642	0.109558	0.089581	0.000000	0.500000
0.559696	0.445055	0.557107	0.442998	-0.138278	-0.109135	0.138387	0.109221	0.000000	0.500000
0.569609	0.442490	0.563653	0.436461	-0.179347	-0.137833	0.130678	0.100188	0.000000	0.500000
0.565762	0.444193	0.560823	0.439278	-0.167124	-0.129997	0.128048	0.099428	0.000000	0.500000
0.561467	0.446091	0.557675	0.442413	-0.153212	-0.120775	0.125553	0.098863	0.000000	0.500000
0.556695	0.448204	0.554192	0.445884	-0.137459	-0.109960	0.123272	0.098563	0.000000	0.500000
0.552728	0.450226	0.551196	0.448868	-0.125453	-0.101641	0.119773	0.097022	0.000000	0.500000
0.549250	0.452249	0.548467	0.451587	-0.116047	-0.095122	0.115068	0.094317	0.000000	0.500000
0.550325	0.452441	0.548960	0.451089	-0.123176	-0.100791	0.110216	0.090153	0.000000	0.500000
0.555845	0.448950	0.553420	0.446649	-0.136490	-0.109564	0.120111	0.096362	0.000000	0.500000
0.559608	0.447106	0.556239	0.443842	-0.148080	-0.117454	0.123148	0.097586	0.000000	0.500000
0.568025	0.442038	0.562922	0.437203	-0.168679	-0.129925	0.138140	0.106246	0.000000	0.500000
0.578939	0.438281	0.570587	0.429570	-0.207767	-0.154973	0.139074	0.103292	0.000000	0.500000
0.574032	0.440285	0.567009	0.433127	-0.191947	-0.145381	0.135956	0.102654	0.000000	0.500000
0.566776	0.442988	0.561857	0.438258	-0.166642	-0.128981	0.134353	0.103833	0.000000	0.500000
0.560409	0.445705	0.557242	0.442853	-0.145471	-0.114819	0.131449	0.103694	0.000000	0.500000
0.554507	0.448204	0.553000	0.447081	-0.125192	-0.100594	0.129794	0.104308	0.000000	0.500000
0.558453	0.446142	0.555990	0.444104	-0.136839	-0.108550	0.133768	0.106101	0.000000	0.500000
0.566011	0.441694	0.561916	0.438220	-0.156138	-0.120672	0.146050	0.112822	0.000000	0.500000
0.572871	0.437717	0.567260	0.432925	-0.173423	-0.130858	0.157735	0.118916	0.000000	0.500000
0.578588	0.434209	0.571766	0.428475	-0.186523	-0.137848	0.169589	0.125194	0.000000	0.500000
0.579138	0.434962	0.571836	0.428387	-0.192959	-0.142702	0.162832	0.120184	0.000000	0.500000
0.586547	0.432707	0.576959	0.423294	-0.220060	-0.159253	0.162830	0.117322	0.000000	0.500000
0.581612	0.434664	0.573389	0.426833	-0.204261	-0.150146	0.159375	0.116791	0.000000	0.500000
0.579515	0.436866	0.571414	0.428768	-0.203975	-0.151434	0.148093	0.109553	0.000000	0.500000
0.578420	0.436293	0.570967	0.429230	-0.195598	-0.145352	0.154796	0.114734	0.000000	0.500000
0.578259	0.435045	0.571295	0.428929	-0.188800	-0.139919	0.164277	0.121552	0.000000	0.500000
0.579581	0.434527	0.572240	0.427991	-0.193174	-0.142572	0.164976	0.121532	0.000000	0.500000
0.580898	0.434375	0.573064	0.427167	-0.199237	-0.146575	0.163071	0.119673	0.000000	0.500000
0.583229	0.433968	0.574575	0.425658	-0.209216	-0.152986	0.160840	0.117208	0.000000	0.500000
0.582840	0.433954	0.574348	0.425886	-0.207169	-0.151612	0.161795	0.118027	0.000000	0.500000
0.579789	0.437633	0.571312	0.428854	-0.209039	-0.155392	0.141869	0.105010	0.000000	0.500000
0.573054	0.440749	0.566276	0.433856	-0.189068	-0.143657	0.134926	0.102218	0.000000	0.500000
0.573433	0.438905	0.567160	0.433002	-0.182133	-0.137664	0.147593	0.111342	0.000000	0.500000
0.575560	0.436260	0.569316	0.430890	-0.180549	-0.134980	0.161826	0.120845	0.000000	0.500000
0.577986	0.433556	0.571633	0.428626	-0.180282	-0.133192	0.175749	0.129804	0.000000	0.500000
0.579777	0.432541	0.573007	0.427271	-0.184758	-0.135631	0.178925	0.131296	0.000000	0.500000
0.583924	0.430913	0.575959	0.424348	-0.198373	-0.143734	0.181344	0.131228	0.000000	0.500000
0.582073	0.431311	0.574744	0.425559	-0.190775	-0.138925	0.182584	0.132881	0.000000	0.500000
0.579068	0.435025	0.571774	0.428448	-0.192895	-0.142698	0.162539	0.120003	0.000000	0.500000
0.573129	0.438775	0.567032	0.433133	-0.179902	-0.136022	0.149306	0.112696	0.000000	0.500000
0.577398	0.434791	0.570880	0.429352	-0.183113	-0.135869	0.168154	0.124650	0.000000	0.500000
0.580939	0.431211	0.574111	0.426197	-0.184462	-0.134624	0.185873	0.135668	0.000000	0.500000
0.583371	0.428270	0.576444	0.423941	-0.183130	-0.131959	0.201524	0.145419	0.000000	0.500000
0.585626	0.425752	0.578509	0.421949	-0.182905	-0.130299	0.214512	0.153217	0.000000	0.500000
0.584512	0.427277	0.577410	0.423002	-0.184334	-0.132159	0.206087	0.148011	0.000000	0.500000
0.584837	0.427935	0.577405	0.422985	-0.189071	-0.135688	0.200680	0.144152	0.000000	0.500000
0.579872	0.430244	0.573795	0.426543	-0.174355	-0.127230	0.195307	0.142731	0.000000	0.500000
0.573703	0.433195	0.569291	0.430990	-0.156011	-0.116212	0.188800	0.140920	0.000000	0.500000
0.579249	0.428347	0.574026	0.426370	-0.162112	-0.117884	0.210437	0.153559	0.000000	0.500000
0.584854	0.425131	0.578235	0.422247	-0.176053	-0.125428	0.220616	0.157755	0.000000	0.500000
0.597127	0.418876	0.587185	0.413510	-0.208999	-0.142481	0.239488	0.163802	0.000000	0.500000
0.601005	0.418068	0.589732	0.410991	-0.224283	-0.151212	0.238060	0.160755	0.000000	0.500000
0.615424	0.414861	0.599442	0.401429	-0.277952	-0.179487	0.237790	0.152647	0.000000	0.500000
0.612983	0.416334	0.597595	0.403200	-0.273174	-0.178184	0.231178	0.149907	0.000000	0.500000
0.609495	0.419746	0.594655	0.405981	-0.272035	-0.180619	0.212982	0.140346	0.000000	0.500000
0.609028	0.421877	0.593878	0.406669	-0.279303	-0.186724	0.199079	0.131772	0.000000	0.500000
0.611879	0.420175	0.596089	0.404527	-0.284950	-0.188341	0.206673	0.135199	0.000000	0.500000
0.621042	0.417463	0.602620	0.398122	-0.314542	-0.201798	0.213557	0.134870	0.000000	0.500000
0.628527	0.415524	0.607964	0.392892	-0.338995	-0.212267	0.218937	0.134198	0.000000	0.500000
0.634162	0.414278	0.611993	0.388954	-0.357759	-0.219994	0.222557	0.133285	0.000000	0.500000
0.637934	0.413848	0.614661	0.386331	-0.371743	-0.226053	0.222839	0.131381	0.000000	0.500000
0.638812	0.415726	0.615044	0.385842	-0.383262	-0.233780	0.210102	0.123647	0.000000	0.500000
0.636115	0.418536	0.612763	0.387958	-0.383954	-0.237763	0.193270	0.115344	0.000000	0.500000
0.633141	0.421211	0.610252	0.390330	-0.382935	-0.240757	0.177482	0.107523	0.000000	0.500000
0.635654	0.422154	0.611893	0.388653	-0.397469	-0.248915	0.169522	0.101757	0.000000	0.500000
0.644150	0.419881	0.618374	0.382312	-0.422487	-0.257070	0.180426	0.104180	0.000000	0.500000
0.651508	0.418395	0.623982	0.376833	-0.445342	-0.264461	0.188290	0.104972	0.000000	0.500000
0.658077	0.417209	0.629024	0.371925	-0.465650	-0.270526	0.195690	0.105563	0.000000	0.500000
0.662416	0.416724	0.632365	0.368669	-0.479927	-0.274967	0.199370	0.105149	0.000000	0.500000
0.664317	0.418192	0.633784	0.367178	-0.492975	-0.282093	0.190540	0.099548	0.000000	0.500000
0.662761	0.420688	0.632467	0.368322	-0.497537	-0.288063	0.174210	0.091889	0.000000	0.500000
0.660433	0.422951	0.630509	0.370130	-0.498338	-0.292330	0.159074	0.085060	0.000000	0.500000
0.658231	0.425050	0.628618	0.371898	-0.498938	-0.296242	0.144985	0.078536	0.000000	0.500000
0.658794	0.425521	0.629031	0.371467	-0.503036	-0.298586	0.141985	0.076707	0.000000	0.500000
0.660252	0.426128	0.630157	0.370323	-0.511036	-0.302584	0.138293	0.074161	0.000000	0.500000
0.661712	0.426556	0.631309	0.369162	-0.518242	-0.305933	0.135864	0.072301	0.000000	0.500000
0.659859	0.426261	0.629831	0.370640	-0.510139	-0.302501	0.137329	0.073807	0.000000	0.500000
0.659243	0.426730	0.629300	0.371145	-0.509832	-0.303235	0.134116	0.072340	0.000000	0.500000
0.661391	0.428358	0.630927	0.369462	-0.524713	-0.311558	0.123896	0.066120	0.000000	0.500000
0.652863	0.428497	0.624035	0.376304	-0.493298	-0.300107	0.121716	0.067952	0.000000	0.500000
0.646918	0.427673	0.619477	0.380872	-0.466685	-0.287930	0.127859	0.073431	0.000000	0.500000
0.644474	0.425680	0.617876	0.382544	-0.448448	-0.277017	0.141861	0.082246	0.000000	0.500000
0.642558	0.424009	0.616666	0.383818	-0.433620	-0.268015	0.153689	0.089729	0.000000	0.500000
0.639783	0.422015	0.614901	0.385663	-0.413865	-0.256293	0.168174	0.099187	0.000000	0.500000
0.644601	0.417901	0.618933	0.381862	-0.415965	-0.251382	0.193221	0.111144	0.000000	0.500000
0.644314	0.418157	0.618695	0.382084	-0.415885	-0.251712	0.191658	0.110411	0.000000	0.500000
0.637691	0.418544	0.613880	0.386847	-0.390524	-0.240838	0.192266	0.114000	0.000000	0.500000
0.636069	0.419966	0.612522	0.388127	-0.389844	-0.242407	0.183834	0.109899	0.000000	0.500000
0.635373	0.420576	0.611935	0.388682	-0.389552	-0.243077	0.180218	0.108117	0.000000	0.500000
0.636930	0.421106	0.612968	0.387629	-0.398273	-0.247874	0.175740	0.104813	0.000000	0.500000
0.638637	0.421626	0.614124	0.386455	-0.407520	-0.252856	0.171339	0.101510	0.000000	0.500000
0.639702	0.422408	0.614786	0.385760	-0.415215	-0.257462	0.165594	0.097739	0.000000	0.500000
0.641314	0.422949	0.615891	0.384635	-0.424074	-0.262224	0.161255	0.094565	0.000000	0.500000
0.641224	0.424036	0.615672	0.384807	-0.428357	-0.265723	0.154042	0.090471	0.000000	0.500000
0.643898	0.422278	0.617892	0.382675	-0.431622	-0.264566	0.164711	0.095428	0.000000	0.500000
0.642436	0.419744	0.617138	0.383548	-0.415003	-0.253584	0.181994	0.105870	0.000000	0.500000
0.643401	0.418921	0.617941	0.382792	-0.415423	-0.252598	0.187011	0.108245	0.000000	0.500000
0.644705	0.418628	0.618927	0.381829	-0.419434	-0.253931	0.188442	0.108415	0.000000	0.500000
0.645084	0.416923	0.619392	0.381462	-0.413811	-0.249056	0.199410	0.114359	0.000000	0.500000
0.642294	0.415067	0.617589	0.383355	-0.394777	-0.238121	0.212593	0.123209	0.000000	0.500000
0.644747	0.412921	0.619557	0.381539	-0.395791	-0.235670	0.225366	0.128994	0.000000	0.500000
0.645143	0.410632	0.620050	0.381203	-0.387935	-0.229176	0.239827	0.136779	0.000000	0.500000
0.642785	0.408470	0.618597	0.382786	-0.369430	-0.218226	0.254635	0.146433	0.000000	0.500000
0.642565	0.407509	0.618531	0.382921	-0.364576	-0.214858	0.260830	0.150016	0.000000	0.500000
0.642083	0.407947	0.618160	0.383255	-0.364390	-0.215318	0.258316	0.148922	0.000000	0.500000
0.642487	0.406595	0.618556	0.382963	-0.360503	-0.211909	0.266640	0.153294	0.000000	0.500000
0.641649	0.407358	0.617916	0.383538	-0.360185	-0.212702	0.262275	0.151403	0.000000	0.500000
0.647095	0.406922	0.621712	0.379832	-0.380609	-0.221132	0.262475	0.148019	0.000000	0.500000
0.651001	0.407166	0.624434	0.377140	-0.397212	-0.228442	0.259697	0.143975	0.000000	0.500000
0.655425	0.405503	0.627643	0.374131	-0.407870	-0.230432	0.269124	0.146078	0.000000	0.500000
0.651733	0.403915	0.625118	0.376731	-0.386978	-0.219841	0.279650	0.154220	0.000000	0.500000
0.646701	0.403395	0.621675	0.380145	-0.364680	-0.209783	0.284627	0.160383	0.000000	0.500000
0.644086	0.405771	0.619719	0.381880	-0.363688	-0.212307	0.271010	0.154672	0.000000	0.500000
0.646602	0.406124	0.621426	0.380174	-0.375367	-0.217846	0.267667	0.151181	0.000000	0.500000
0.646316	0.406381	0.621210	0.380367	-0.375256	-0.218128	0.266177	0.150552	0.000000	0.500000
0.647383	0.406978	0.621909	0.379634	-0.382000	-0.221801	0.262015	0.147580	0.000000	0.500000
0.649617	0.407414	0.623444	0.378093	-0.392720	-0.226913	0.258537	0.144244	0.000000	0.500000
0.650540	0.408067	0.624053	0.377445	-0.399042	-0.230433	0.254190	0.141298	0.000000	0.500000
0.649729	0.409741	0.623367	0.377997	-0.402653	-0.234243	0.243897	0.136227	0.000000	0.500000
0.645324	0.411875	0.620066	0.381104	-0.393796	-0.233389	0.231828	0.132246	0.000000	0.500000
0.635160	0.412109	0.612961	0.388123	-0.352852	-0.215049	0.235949	0.140440	0.000000	0.500000
0.629285	0.413244	0.608821	0.392168	-0.332575	-0.206489	0.233258	0.142209	0.000000	0.500000
0.626542	0.414310	0.606819	0.394099	-0.325213	-0.203961	0.228790	0.141094	0.000000	0.500000
0.623853	0.415388	0.604851	0.396002	-0.318041	-0.201438	0.224359	0.139911	0.000000	0.500000
0.622259	0.416459	0.603608	0.397186	-0.315606	-0.201302	0.218931	0.137492	0.000000	0.500000
0.620671	0.417608	0.602348	0.398387	-0.313519	-0.201408	0.213002	0.134722	0.000000	0.500000
0.618507	0.419651	0.600525	0.400112	-0.312736	-0.203123	0.201742	0.128915	0.000000	0.500000
0.615531	0.422460	0.597977	0.402540	-0.311651	-0.205453	0.186276	0.120722	0.000000	0.500000
0.618314	0.421301	0.600065	0.400499	-0.319067	-0.208269	0.190800	0.122267	0.000000	0.500000
0.617277	0.422273	0.599173	0.401350	-0.318683	-0.209094	0.185416	0.119404	0.000000	0.500000
0.618366	0.421376	0.600084	0.400477	-0.319630	-0.208652	0.190227	0.121889	0.000000	0.500000
0.617128	0.422536	0.599019	0.401494	-0.319170	-0.209639	0.183801	0.118468	0.000000	0.500000
0.619301	0.421717	0.600638	0.399908	-0.325288	-0.212055	0.186836	0.119371	0.000000	0.500000
0.616903	0.423951	0.598564	0.401893	-0.324383	-0.213989	0.174398	0.112709	0.000000	0.500000
0.614870	0.424574	0.597073	0.403363	-0.317985	-0.211154	0.172623	0.112453	0.000000	0.500000
0.613214	0.426124	0.595618	0.404765	-0.317363	-0.212449	0.164055	0.107715	0.000000	0.500000
0.611832	0.426615	0.594587	0.405781	-0.313258	-0.210666	0.162483	0.107262	0.000000	0.500000
0.608233	0.427393	0.592037	0.408311	-0.300219	-0.204039	0.162090	0.108421	0.000000	0.500000
0.606765	0.428787	0.590725	0.409583	-0.299684	-0.205117	0.154507	0.104063	0.000000	0.500000
0.603919	0.431787	0.588068	0.412163	-0.300006	-0.208292	0.137719	0.094042	0.000000	0.500000
0.607333	0.432399	0.590132	0.410077	-0.318642	-0.219819	0.128262	0.086694	0.000000	0.500000
0.603130	0.433706	0.587013	0.413174	-0.305065	-0.213217	0.125345	0.086066	0.000000	0.500000
0.597398	0.434989	0.582951	0.417221	-0.283838	-0.201641	0.125675	0.088039	0.000000	0.500000
0.592604	0.436055	0.579604	0.420558	-0.265638	-0.191260	0.126704	0.090210	0.000000	0.500000
0.587328	0.437241	0.575967	0.424186	-0.245235	-0.179165	0.128472	0.093066	0.000000	0.500000
0.586316	0.438294	0.574999	0.425138	-0.245162	-0.179971	0.122902	0.089446	0.000000	0.500000
0.585252	0.439287	0.574014	0.426109	-0.244547	-0.180371	0.117876	0.086193	0.000000	0.500000
0.583563	0.441585	0.572189	0.427903	-0.247005	-0.183867	0.104632	0.077178	0.000000	0.500000
0.585571	0.441885	0.573306	0.426778	-0.258460	-0.191692	0.098212	0.072073	0.000000	0.500000
0.580219	0.443539	0.569469	0.430606	-0.239493	-0.180406	0.097527	0.072855	0.000000	0.500000
0.574037	0.445428	0.565099	0.434967	-0.216914	-0.166306	0.097841	0.074558	0.000000	0.500000
0.566426	0.447532	0.559889	0.440172	-0.187187	-0.146542	0.101256	0.078979	0.000000	0.500000
0.560473	0.449360	0.555802	0.444254	-0.164128	-0.130632	0.103654	0.082316	0.000000	0.500000
0.559395	0.450496	0.554734	0.445315	-0.163934	-0.131109	0.098083	0.078260	0.000000	0.500000
0.555805	0.451716	0.552244	0.447802	-0.150294	-0.121422	0.099166	0.079984	0.000000	0.500000
0.554053	0.453419	0.550560	0.449477	-0.149206	-0.121443	0.091341	0.074216	0.000000	0.500000
0.549884	0.455155	0.547546	0.452486	-0.134654	-0.110961	0.090715	0.074666	0.000000	0.500000
0.545709	0.456970	0.544510	0.455518	-0.120199	-0.100291	0.089939	0.074991	0.000000	0.500000
0.541635	0.458808	0.541529	0.458495	-0.106176	-0.089681	0.089080	0.075215	0.000000	0.500000
0.538775	0.459993	0.539490	0.460532	-0.095604	-0.081426	0.089553	0.076264	0.000000	0.500000
0.535895	0.461176	0.537448	0.462572	-0.084755	-0.072789	0.090333	0.077586	0.000000	0.500000
0.534931	0.461869	0.536627	0.463392	-0.082691	-0.071261	0.088296	0.076098	0.000000	0.500000
0.532318	0.462882	0.534808	0.465210	-0.072346	-0.062809	0.089738	0.077927	0.000000	0.500000
0.531421	0.463834	0.533899	0.466116	-0.072061	-0.062803	0.085474	0.074505	0.000000	0.500000
0.530489	0.464826	0.532951	0.467062	-0.071774	-0.062804	0.081039	0.070919	0.000000	0.500000
0.528086	0.466097	0.531118	0.468893	-0.063973	-0.056399	0.079904	0.070457	0.000000	0.500000
0.525325	0.467461	0.529059	0.470951	-0.054348	-0.048317	0.079559	0.070749	0.000000	0.500000
0.523075	0.468665	0.527337	0.472672	-0.046928	-0.042016	0.078672	0.070456	0.000000	0.500000
0.520595	0.470017	0.525427	0.474580	-0.038785	-0.034997	0.077652	0.070087	0.000000	0.500000
0.519453	0.472001	0.523877	0.476128	-0.042713	-0.038792	0.066208	0.060139	0.000000	0.500000
0.517199	0.473286	0.522109	0.477895	-0.035557	-0.032526	0.064979	0.059449	0.000000	0.500000
0.515763	0.474228	0.520921	0.479082	-0.031665	-0.029105	0.063259	0.058155	0.000000	0.500000
0.514686	0.474896	0.520049	0.479954	-0.028500	-0.026289	0.062318	0.057493	0.000000	0.500000
0.513106	0.475755	0.518829	0.481174	-0.023131	-0.021442	0.061973	0.057458	0.000000	0.500000
0.511932	0.476485	0.517876	0.482126	-0.019643	-0.018280	0.061009	0.056782	0.000000	0.500000
0.511614	0.476872	0.517523	0.482479	-0.019794	-0.018446	0.059203	0.055181	0.000000	0.500000
0.510901	0.477532	0.516835	0.483167	-0.018928	-0.017689	0.056860	0.053144	0.000000	0.500000
0.507999	0.480307	0.513985	0.486016	-0.015920	-0.015050	0.046666	0.044121	0.000000	0.500000
0.505741	0.481827	0.512086	0.487914	-0.009762	-0.009300	0.044127	0.042040	0.000000	0.500000
0.504385	0.482949	0.510839	0.489162	-0.007282	-0.006972	0.040922	0.039183	0.000000	0.500000
0.503431	0.483799	0.509929	0.490071	-0.005889	-0.005660	0.038187	0.036698	0.000000	0.500000
0.503460	0.483917	0.509884	0.490116	-0.006793	-0.006529	0.037078	0.035639	0.000000	0.500000
0.503423	0.484043	0.509801	0.490199	-0.007299	-0.007018	0.036196	0.034802	0.000000	0.500000
0.503219	0.484273	0.509582	0.490418	-0.007290	-0.007015	0.035211	0.033886	0.000000	0.500000
0.501066	0.486329	0.507457	0.492543	-0.004974	-0.004827	0.027959	0.027136	0.000000	0.500000
0.498306	0.488450	0.504991	0.495009	0.001158	0.001135	0.023093	0.022636	0.000000	0.500000
0.495780	0.490452	0.502700	0.497300	0.006462	0.006393	0.018274	0.018078	0.000000	0.500000
0.493939	0.492041	0.500962	0.499038	0.009579	0.009543	0.013773	0.013720	0.000000	0.500000
0.492051	0.493551	0.499239	0.500761	0.013575	0.013534	0.010260	0.010229	0.000000	0.500000
0.490804	0.494556	0.498096	0.501904	0.016253	0.016130	0.007940	0.007879	0.000000	0.500000
0.490812	0.494580	0.498088	0.501912	0.016047	0.015924	0.007697	0.007638	0.000000	0.500000
0.491676	0.494159	0.498741	0.501259	0.012459	0.012396	0.006968	0.006933	0.000000	0.500000
0.492942	0.493546	0.499694	0.500306	0.007266	0.007258	0.005934	0.005927	0.000000	0.500000
0.489985	0.496159	0.496869	0.503131	0.012037	0.011888	-0.001667	-0.001647	0.000000	0.500000
0.488409	0.497679	0.495299	0.504701	0.013841	0.013583	-0.006802	-0.006675	0.000000	0.500000
0.487221	0.498940	0.494058	0.505942	0.014476	0.014136	-0.011685	-0.011410	0.000000	0.500000
0.486419	0.499957	0.493138	0.506862	0.013815	0.013441	-0.016457	-0.016012	0.000000	0.500000
0.485430	0.501028	0.492096	0.507904	0.014199	0.013757	-0.020747	-0.020101	0.000000	0.500000
0.485415	0.500910	0.492146	0.507854	0.015082	0.014615	-0.019636	-0.019029	0.000000	0.500000
0.485586	0.500681	0.492348	0.507652	0.015308	0.014847	-0.018502	-0.017944	0.000000	0.500000
0.485850	0.500415	0.492617	0.507383	0.015076	0.014637	-0.017530	-0.017020	0.000000	0.500000
0.486261	0.500137	0.492967	0.507033	0.013815	0.013432	-0.017221	-0.016743	0.000000	0.500000
0.483793	0.501765	0.490881	0.509119	0.021733	0.020955	-0.018678	-0.018009	0.000000	0.500000
0.477739	0.506257	0.485498	0.514502	0.038835	0.036647	-0.026151	-0.024677	0.000000	0.500000
0.476244	0.507581	0.484061	0.515939	0.041775	0.039195	-0.029872	-0.028026	0.000000	0.500000
0.475665	0.508382	0.483369	0.516632	0.040882	0.038250	-0.034003	-0.031813	0.000000	0.500000
0.476223	0.508160	0.483776	0.516225	0.037866	0.035485	-0.035133	-0.032924	0.000000	0.500000
0.476479	0.507755	0.484105	0.515895	0.038616	0.036236	-0.032841	-0.030816	0.000000	0.500000
0.477259	0.507202	0.484788	0.515212	0.036138	0.034004	-0.032152	-0.030253	0.000000	0.500000
0.477816	0.506669	0.485342	0.514659	0.035348	0.033335	-0.030377	-0.028646	0.000000	0.500000
0.478611	0.506503	0.485846	0.514154	0.030100	0.028442	-0.033311	-0.031476	0.000000	0.500000
0.477023	0.507635	0.484456	0.515545	0.035023	0.032910	-0.034820	-0.032719	0.000000	0.500000
0.471871	0.511703	0.479742	0.520259	0.048884	0.045076	-0.043061	-0.039705	0.000000	0.500000
0.470703	0.512830	0.478578	0.521424	0.050667	0.046502	-0.046823	-0.042973	0.000000	0.500000
0.470369	0.513338	0.478161	0.521842	0.049797	0.045626	-0.049701	-0.045538	0.000000	0.500000
0.472275	0.512134	0.479768	0.520233	0.042289	0.038996	-0.049585	-0.045725	0.000000	0.500000
0.474732	0.510652	0.481799	0.518203	0.032432	0.030150	-0.049884	-0.046377	0.000000	0.500000
0.478160	0.508754	0.484535	0.515466	0.018052	0.016967	-0.051502	-0.048409	0.000000	0.500000
0.477357	0.509206	0.483892	0.516109	0.021310	0.019977	-0.051233	-0.048032	0.000000	0.500000
0.475158	0.510565	0.482071	0.517931	0.029541	0.027492	-0.051510	-0.047940	0.000000	0.500000
0.468718	0.515307	0.476351	0.523653	0.049520	0.045040	-0.058719	-0.053409	0.000000	0.500000
0.466859	0.516789	0.474641	0.525364	0.054796	0.049497	-0.061710	-0.055746	0.000000	0.500000
0.467331	0.516806	0.474903	0.525101	0.050445	0.045612	-0.064832	-0.058627	0.000000	0.500000
0.469340	0.515481	0.476625	0.523379	0.042783	0.038951	-0.064203	-0.058461	0.000000	0.500000
0.469900	0.514756	0.477261	0.522742	0.043332	0.039554	-0.060566	-0.055291	0.000000	0.500000
0.470524	0.514327	0.477802	0.522201	0.041140	0.037635	-0.060169	-0.055048	0.000000	0.500000
0.467298	0.516788	0.474893	0.525112	0.050879	0.046003	-0.064446	-0.058275	0.000000	0.500000
0.464333	0.519074	0.472197	0.527809	0.060073	0.053731	-0.068395	-0.061179	0.000000	0.500000
0.456626	0.525477	0.464955	0.535060	0.082247	0.071451	-0.082396	-0.071581	0.000000	0.500000
0.450946	0.529480	0.459807	0.540212	0.106917	0.091011	-0.083889	-0.071380	0.000000	0.500000
0.450967	0.528943	0.460004	0.540012	0.111507	0.095015	-0.078089	-0.066501	0.000000	0.500000
0.453014	0.527404	0.461914	0.538100	0.103044	0.088468	-0.076792	-0.065902	0.000000	0.500000
0.454325	0.526474	0.463110	0.536904	0.097322	0.083951	-0.076452	-0.065927	0.000000	0.500000
0.452499	0.528216	0.461286	0.538732	0.101404	0.086828	-0.081784	-0.070006	0.000000	0.500000
0.449520	0.530347	0.458541	0.541479	0.114799	0.097243	-0.082446	-0.069795	0.000000	0.500000
0.446792	0.532298	0.455993	0.544029	0.127790	0.107176	-0.082601	-0.069211	0.000000	0.500000
0.444662	0.533860	0.453965	0.546059	0.138112	0.114924	-0.082819	-0.068827	0.000000	0.500000
0.444941	0.534112	0.454101	0.545926	0.132315	0.110126	-0.088157	-0.073300	0.000000	0.500000
0.443135	0.535622	0.452323	0.547708	0.139445	0.115248	-0.090448	-0.074664	0.000000	0.500000
0.444750	0.534510	0.453846	0.546184	0.130755	0.108702	-0.091193	-0.075744	0.000000	0.500000
0.443734	0.535744	0.452744	0.547291	0.130954	0.108366	-0.097054	-0.080248	0.000000	0.500000
0.441236	0.537622	0.450338	0.549700	0.143055	0.117277	-0.097687	-0.079988	0.000000	0.500000
0.439085	0.539232	0.448238	0.551804	0.154135	0.125341	-0.097778	-0.079383	0.000000	0.500000
0.438748	0.539817	0.447834	0.552212	0.152428	0.123725	-0.101889	-0.082581	0.000000	0.500000
0.439633	0.539607	0.448600	0.551450	0.143141	0.116486	-0.107414	-0.087323	0.000000	0.500000
0.441303	0.538862	0.450093	0.549960	0.129718	0.106134	-0.113193	-0.092573	0.000000	0.500000
0.442544	0.537592	0.451359	0.548688	0.127184	0.104606	-0.108743	-0.089397	0.000000	0.500000
0.441080	0.538606	0.449979	0.550069	0.135057	0.110491	-0.108177	-0.088436	0.000000	0.500000
0.441895	0.538450	0.450649	0.549403	0.126573	0.103785	-0.113379	-0.092934	0.000000	0.500000
0.443347	0.537843	0.451902	0.548152	0.115093	0.094805	-0.118454	-0.097581	0.000000	0.500000
0.444950	0.537104	0.453277	0.546778	0.103536	0.085724	-0.122925	-0.101824	0.000000	0.500000
0.445793	0.536764	0.453977	0.546079	0.097173	0.080665	-0.125704	-0.104417	0.000000	0.500000
0.444652	0.537294	0.453009	0.547046	0.105145	0.086965	-0.122727	-0.101550	0.000000	0.500000
0.446078	0.536327	0.454302	0.545751	0.098061	0.081519	-0.122970	-0.102285	0.000000	0.500000
0.443097	0.538311	0.451596	0.548462	0.113498	0.093358	-0.121857	-0.100255	0.000000	0.500000
0.441759	0.539799	0.450222	0.549845	0.114846	0.093919	-0.128207	-0.104883	0.000000	0.500000
0.441287	0.540459	0.449709	0.550364	0.113975	0.092994	-0.132060	-0.107803	0.000000	0.500000
0.441382	0.540741	0.449718	0.550360	0.110029	0.089751	-0.136193	-0.111173	0.000000	0.500000
0.440288	0.541440	0.448719	0.551360	0.116285	0.094488	-0.135286	-0.109987	0.000000	0.500000
0.441015	0.541272	0.449318	0.550764	0.109162	0.088883	-0.139408	-0.113606	0.000000	0.500000
0.440198	0.540964	0.448752	0.551320	0.122183	0.099340	-0.128828	-0.104763	0.000000	0.500000
0.436609	0.544145	0.445230	0.554860	0.134744	0.107998	-0.135871	-0.108906	0.000000	0.500000
0.436250	0.544865	0.444810	0.555289	0.131782	0.105402	-0.141531	-0.113236	0.000000	0.500000
0.436073	0.545325	0.444587	0.555518	0.129201	0.103212	-0.145629	-0.116399	0.000000	0.500000
0.434901	0.546116	0.443475	0.556633	0.136122	0.108278	-0.144789	-0.115206	0.000000	0.500000
0.435222	0.546128	0.443747	0.556364	0.131736	0.104872	-0.147897	-0.117803	0.000000	0.500000
0.433068	0.547733	0.441665	0.558455	0.143137	0.113026	-0.148072	-0.116944	0.000000	0.500000
0.430170	0.550777	0.438743	0.561408	0.149202	0.116361	-0.159343	-0.124321	0.000000	0.500000
0.428518	0.552028	0.437100	0.563058	0.158574	0.122889	-0.159269	-0.123431	0.000000	0.500000
0.425735	0.554758	0.434279	0.565909	0.167600	0.128371	-0.167129	-0.128008	0.000000	0.500000
0.424747	0.555408	0.433260	0.566929	0.175014	0.133556	-0.165389	-0.126153	0.000000	0.500000
0.423059	0.557148	0.431529	0.568683	0.179960	0.136334	-0.171071	-0.129542	0.000000	0.500000
0.423767	0.555977	0.432227	0.567960	0.183608	0.139615	-0.162415	-0.123371	0.000000	0.500000
0.422168	0.557480	0.430554	0.569649	0.190524	0.143904	-0.165518	-0.124856	0.000000	0.500000
0.418144	0.561730	0.426358	0.573906	0.202674	0.150403	-0.179672	-0.133155	0.000000	0.500000
0.417669	0.562056	0.425821	0.574444	0.206783	0.153168	-0.178592	-0.132066	0.000000	0.500000
0.416325	0.563874	0.424512	0.575795	0.205252	0.151056	-0.189387	-0.139244	0.000000	0.500000
0.417378	0.563542	0.425792	0.574534	0.190456	0.140670	-0.197697	-0.146081	0.000000	0.500000
0.418159	0.562577	0.426557	0.573747	0.190171	0.140968	-0.192748	-0.142900	0.000000	0.500000
0.418498	0.561879	0.426835	0.573447	0.194012	0.144097	-0.186408	-0.138389	0.000000	0.500000
0.419399	0.561465	0.427855	0.572435	0.183839	0.136979	-0.191159	-0.142491	0.000000	0.500000
0.419214	0.561367	0.427616	0.572664	0.188457	0.140364	-0.187482	-0.139630	0.000000	0.500000
0.421045	0.560277	0.429594	0.570689	0.171929	0.128925	-0.193007	-0.144895	0.000000	0.500000
0.420943	0.560081	0.429453	0.570820	0.176275	0.132184	-0.189008	-0.141829	0.000000	0.500000
0.421180	0.559497	0.429649	0.570606	0.180144	0.135289	-0.183286	-0.137672	0.000000	0.500000
0.424721	0.556519	0.433278	0.566948	0.161358	0.122920	-0.180570	-0.137683	0.000000	0.500000
0.426254	0.554131	0.434805	0.565373	0.167329	0.128468	-0.164065	-0.125943	0.000000	0.500000
0.424521	0.555708	0.433031	0.567163	0.174808	0.133255	-0.167095	-0.127329	0.000000	0.500000
0.427359	0.553652	0.435920	0.564264	0.156365	0.120497	-0.169153	-0.130426	0.000000	0.500000
0.428106	0.552719	0.436675	0.563495	0.156429	0.120963	-0.164304	-0.127096	0.000000	0.500000
0.431306	0.550361	0.439821	0.560336	0.137959	0.107983	-0.164984	-0.129273	0.000000	0.459000
0.432832	0.548768	0.441339	0.558800	0.134862	0.106248	-0.159041	-0.125410	0.000000	0.413100
0.433613	0.547113	0.442222	0.557891	0.142549	0.112833	-0.145349	-0.115062	0.000000	0.371790
0.438049	0.544146	0.446409	0.553695	0.116371	0.093607	-0.148638	-0.119682	0.000000	0.291790
0.440391	0.542429	0.448589	0.551506	0.105112	0.085285	-0.147923	-0.120169	0.000000	0.211790
0.443069	0.540703	0.450992	0.549097	0.090632	0.074233	-0.149435	-0.122587	0.000000	0.133987
0.445781	0.539163	0.453329	0.546757	0.074813	0.061837	-0.152826	-0.126557	0.000000	0.113082
0.451893	0.536198	0.458288	0.541792	0.037674	0.031749	-0.163972	-0.138521	0.000000	0.096713
0.454545	0.534919	0.460373	0.539704	0.022727	0.019312	-0.168055	-0.143167	0.000000	0.082838
0.455794	0.533762	0.461523	0.538546	0.020611	0.017600	-0.163999	-0.140375	0.000000	0.072359
0.460532	0.531909	0.465010	0.535056	-0.007693	-0.006661	-0.174459	-0.151431	0.000000	0.063209
0.462582	0.531125	0.466484	0.533580	-0.019449	-0.016939	-0.178720	-0.156048	0.000000	0.055217
0.467368	0.529632	0.469739	0.530322	-0.048209	-0.042537	-0.191082	-0.169029	0.000000	0.048235
0.471062	0.528829	0.472064	0.527995	-0.071826	-0.063968	-0.203123	-0.181352	0.000000	0.042308
0.472526	0.528724	0.472891	0.527169	-0.082513	-0.073726	-0.209746	-0.187877	0.000000	0.037558
0.475758	0.528718	0.474602	0.525460	-0.107187	-0.096415	-0.226055	-0.203850	0.000000	0.033342
0.476834	0.527986	0.475449	0.524607	-0.109764	-0.099093	-0.224373	-0.203038	0.000000	0.029599
0.477632	0.529345	0.475331	0.524735	-0.125853	-0.113502	-0.241263	-0.218160	0.000000	0.026276
0.475447	0.532330	0.473068	0.527023	-0.132277	-0.118072	-0.259366	-0.232295	0.000000	0.023325
0.471917	0.535860	0.469964	0.530165	-0.132965	-0.117021	-0.276327	-0.244266	0.000000	0.020708
0.470535	0.537574	0.468654	0.531495	-0.135901	-0.118867	-0.286309	-0.251671	0.000000	0.018384
0.469309	0.539049	0.467523	0.532646	-0.138202	-0.120229	-0.294768	-0.257846	0.000000	0.016320
0.466986	0.538882	0.466332	0.533832	-0.118450	-0.102587	-0.281008	-0.244693	0.000000	0.014488
0.464511	0.540904	0.464357	0.535836	-0.114956	-0.098663	-0.288268	-0.248931	0.000000	0.012861
0.461585	0.543125	0.462089	0.538137	-0.109252	-0.092799	-0.295064	-0.252377	0.000000	0.011417
0.462266	0.543310	0.462418	0.537814	-0.116494	-0.099054	-0.300693	-0.257496	0.000000	0.010136
0.461511	0.546690	0.461093	0.539211	-0.138978	-0.117215	-0.331507	-0.282041	0.000000	0.008996
0.461613	0.550267	0.460280	0.540119	-0.171018	-0.143257	-0.369490	-0.312835	0.000000	0.007988
0.451623	0.549070	0.457089	0.543536	-0.206158	-0.169177	-0.425430	-0.354448	0.000000	0.007092
0.409213	0.547144	0.440810	0.560874	-0.182833	-0.136404	-0.512288	-0.395472	0.000000	0.006295
0.370036	0.541625	0.428350	0.574994	-0.163513	-0.111445	-0.597711	-0.432597	0.000000	0.005589
0.352402	0.541631	0.420555	0.583606	-0.109307	-0.071037	-0.610385	-0.425793	0.000000	0.004961
0.310761	0.514380	0.391324	0.564273	-0.072013	-0.043482	-0.667178	-0.443517	0.000000	0.004403
0.264887	0.459260	0.347088	0.507934	-0.074146	-0.042739	-0.719257	-0.466986	0.000000	0.003909
0.186815	0.377030	0.273961	0.423759	0.008712	0.004317	-0.832368	-0.498497	0.000000	0.003469
0.138139	0.327812	0.232043	0.373569	0.111028	0.046708	-0.948811	-0.529178	0.000000	0.003079
0.100369	0.282670	0.198580	0.327518	0.241126	0.084893	-1.065858	-0.559370	0.000000	0.002733
0.072188	0.242402	0.171086	0.284663	0.410920	0.119240	-1.180664	-0.589388	0.000000	0.002426
0.067954	0.269675	0.173765	0.287590	0.634934	0.150021	-1.290675	-0.619537	0.000000	0.002155
0.099865	0.417880	0.239438	0.396467	0.853285	0.181045	-1.355575	-0.631054	0.000000	0.001902
0.137780	0.544795	0.300081	0.505164	1.002603	0.214813	-1.379138	-0.622601	0.000000	0.001688
0.145522	0.536123	0.286637	0.490640	1.133329	0.248419	-1.404044	-0.613959	0.000000	0.001499
0.140937	0.479903	0.249216	0.433836	1.245842	0.282031	-1.430572	-0.605057	0.000000	0.001340
0.136556	0.428211	0.216543	0.383461	1.342045	0.315817	-1.459058	-0.595817	0.000000	0.001187
