-11.253850	0.000000	0.000000	0.000000
-11.251496	-0.001418	-0.010794	0.000000
-11.251414	-0.001462	-0.010042	0.004000
-11.251430	-0.001489	-0.009517	0.016000
-11.251564	-0.001456	-0.008912	0.036000
-11.251656	-0.001733	-0.008225	0.064000
-11.251708	-0.001959	-0.007364	0.100000
-11.251036	-0.001837	-0.006107	0.144000
-11.248327	-0.001824	-0.004717	0.196000
-11.243516	-0.002376	-0.004577	0.256000
-11.235379	-0.002610	-0.004262	0.321000
-11.220237	-0.002473	-0.003734	0.386000
-11.203813	-0.002187	-0.003264	0.451000
-11.177584	-0.002553	-0.004256	0.516000
-11.152363	-0.002565	-0.004836	0.581000
-11.125791	-0.002329	-0.005186	0.646000
-11.086693	-0.001880	-0.005111	0.711000
-11.042335	-0.001188	-0.004658	0.776000
-10.994782	-0.000215	-0.004415	0.841000
-10.939528	0.001394	-0.004289	0.906000
-10.894258	0.002995	-0.003640	0.971000
-10.855118	0.004720	-0.002932	1.036000
-10.814392	0.006686	-0.001860	1.101000
-10.766160	0.009743	0.000277	1.166000
-10.724166	0.012772	0.002848	1.231000
-10.682831	0.016141	0.006024	1.296000
-10.640115	0.020857	0.010649	1.361000
-10.600194	0.025987	0.015274	1.426000
-10.556772	0.032027	0.020987	1.491000
-10.506838	0.040367	0.028679	1.556000
-10.463709	0.049357	0.037461	1.621000
-10.419642	0.059197	0.047211	1.686000
-10.373460	0.069683	0.056970	1.751000
-10.328648	0.080175	0.066131	1.816000
-10.284167	0.091542	0.076032	1.881000
-10.242436	0.102757	0.085496	1.946000
-10.194163	0.115350	0.096117	2.011000
-10.150194	0.126432	0.105260	2.076000
-10.109714	0.135956	0.112588	2.141000
-10.064687	0.145709	0.119741	2.206000
-10.018964	0.154523	0.125816	2.271000
-9.970817	0.163042	0.130894	2.336000
-9.926361	0.170424	0.134444	2.401000
-9.878771	0.177897	0.137663	2.466000
-9.834063	0.184506	0.140194	2.531000
-9.790636	0.190124	0.141856	2.596000
-9.745036	0.195479	0.142718	2.661000
-9.697118	0.200845	0.143252	2.726000
-9.654286	0.204477	0.142444	2.791000
-9.602004	0.208213	0.140416	2.856000
-9.556237	0.210894	0.137907	2.921000
-9.499727	0.213974	0.134369	2.986000
-9.452936	0.216337	0.131235	3.051000
-9.390954	0.219559	0.127149	3.116000
-9.336986	0.222536	0.123676	3.181000
-9.280235	0.225967	0.119975	3.246000
-9.234063	0.229106	0.116879	3.311000
-9.178374	0.235289	0.115148	3.376000
-9.121240	0.247308	0.119285	3.441000
-9.077727	0.261311	0.127053	3.506000
-9.035212	0.281219	0.140184	3.571000
-8.998524	0.303905	0.155600	3.636000
-8.963911	0.332038	0.174814	3.701000
-8.931104	0.366571	0.198276	3.766000
-8.895720	0.412894	0.228597	3.831000
-8.868678	0.452852	0.253529	3.896000
-8.844399	0.490787	0.275654	3.961000
-8.822162	0.528141	0.296509	4.026000
-8.799663	0.569803	0.317777	4.091000
-8.778038	0.615722	0.339962	4.156000
-8.759437	0.659024	0.359626	4.221000
-8.734230	0.718719	0.380901	4.286000
-8.716781	0.762037	0.392272	4.351000
-8.698138	0.809811	0.402336	4.416000
-8.678109	0.866057	0.412081	4.481000
-8.657506	0.927012	0.419976	4.546000
-8.640814	0.974260	0.423457	4.611000
-8.624494	1.017671	0.424628	4.676000
-8.610082	1.054180	0.424684	4.741000
-8.596427	1.086723	0.423748	4.806000
-8.577926	1.127881	0.420950	4.871000
-8.563214	1.158058	0.417310	4.936000
-8.547869	1.188306	0.413198	5.001000
-8.525052	1.235477	0.408652	5.066000
-8.507162	1.276670	0.408502	5.131000
-8.492617	1.314484	0.411387	5.196000
-8.476722	1.358510	0.417686	5.261000
-8.463549	1.396873	0.424919	5.326000
-8.452537	1.431249	0.434335	5.391000
-8.438308	1.481615	0.453088	5.456000
-8.427707	1.522026	0.470650	5.521000
-8.412711	1.581672	0.501041	5.586000
-8.401598	1.627737	0.526956	5.651000
-8.393724	1.663038	0.548220	5.716000
-8.384702	1.704046	0.574519	5.781000
-8.375923	1.747993	0.605477	5.846000
-8.368980	1.786180	0.633264	5.911000
-8.363287	1.823102	0.660692	5.976000
-8.358089	1.864477	0.691637	6.041000
-8.352739	1.933392	0.744046	6.106000
-8.350452	1.987135	0.784593	6.171000
-8.350177	2.045846	0.828657	6.236000
-8.350927	2.092982	0.863355	6.301000
-8.353024	2.138619	0.896524	6.366000
-8.356464	2.185087	0.930312	6.431000
-8.362916	2.246000	0.975082	6.496000
-8.368825	2.289208	1.006730	6.561000
-8.376201	2.335015	1.040067	6.626000
-8.387467	2.392001	1.082005	6.691000
-8.400573	2.448933	1.123828	6.756000
-8.414758	2.504659	1.164262	6.821000
-8.429370	2.554022	1.199877	6.886000
-8.446045	2.604138	1.235166	6.951000
-8.465394	2.657238	1.270494	7.016000
-8.495255	2.733088	1.316673	7.081000
-8.522771	2.798351	1.351425	7.146000
-8.544171	2.847611	1.374742	7.211000
-8.571723	2.909529	1.400963	7.276000
-8.591025	2.951284	1.416997	7.341000
-8.612479	2.997075	1.432914	7.406000
-8.635792	3.045305	1.448169	7.471000
-8.656809	3.087414	1.460671	7.536000
-8.678181	3.130280	1.471534	7.601000
-8.700217	3.174159	1.481722	7.666000
-8.737190	3.248428	1.494944	7.731000
-8.759889	3.293363	1.499514	7.796000
-8.789365	3.350488	1.501412	7.861000
-8.810067	3.389240	1.500377	7.926000
-8.831493	3.429694	1.497156	7.991000
-8.860815	3.483373	1.491626	8.056000
-8.886803	3.529455	1.486131	8.121000
-8.911815	3.574449	1.478260	8.186000
-8.946272	3.636247	1.467365	8.251000
-8.965599	3.671328	1.460054	8.316000
-8.987135	3.710776	1.451341	8.381000
-9.012518	3.756491	1.441855	8.446000
-9.031851	3.791584	1.433499	8.511000
-9.057381	3.836839	1.423771	8.576000
-9.078842	3.874907	1.415469	8.641000
-9.099870	3.910245	1.409150	8.706000
-9.122501	3.944630	1.405428	8.771000
-9.147285	3.978366	1.403943	8.836000
-9.172492	4.009991	1.404373	8.901000
-9.202891	4.046448	1.406531	8.966000
-9.231601	4.082013	1.408583	9.031000
-9.254334	4.112450	1.408431	9.096000
-9.281785	4.149900	1.407217	9.161000
-9.307170	4.183123	1.408919	9.226000
-9.333807	4.216870	1.413360	9.291000
-9.360927	4.252245	1.419697	9.356000
-9.395624	4.302220	1.429128	9.421000
-9.421596	4.346226	1.436585	9.486000
-9.442740	4.388671	1.441511	9.551000
-9.460679	4.435678	1.442335	9.616000
-9.474594	4.495045	1.437526	9.681000
-9.464347	4.551742	1.392956	9.746000
-9.435884	4.603339	1.329393	9.811000
-9.400946	4.641785	1.265712	9.876000
-9.351727	4.681788	1.184264	9.941000
-9.298660	4.712774	1.101825	10.006000
-9.229434	4.741497	0.997858	10.071000
-9.149228	4.761904	0.881344	10.136000
-9.094728	4.766694	0.803141	10.201000
-9.058225	4.763384	0.750227	10.266000
-9.004722	4.749023	0.672230	10.331000
-8.954949	4.726512	0.599111	10.396000
-8.892759	4.688434	0.508559	10.461000
-8.819266	4.633822	0.407667	10.526000
-8.765706	4.594897	0.344994	10.591000
-8.709075	4.556694	0.291120	10.656000
-8.621344	4.508150	0.236066	10.721000
-8.576651	4.486525	0.217717	10.786000
-8.531795	4.466301	0.204205	10.851000
-8.483405	4.446368	0.193644	10.916000
-8.442385	4.431663	0.188715	10.981000
-8.398782	4.420169	0.188103	11.046000
-8.344468	4.413943	0.195171	11.111000
-8.298940	4.416483	0.207883	11.176000
-8.230944	4.427308	0.230267	11.241000
-8.176251	4.436561	0.244496	11.306000
-8.129280	4.444650	0.252925	11.371000
-8.072670	4.454222	0.259009	11.436000
-8.028649	4.460817	0.259735	11.501000
-7.984618	4.465983	0.256453	11.566000
-7.915869	4.468726	0.241121	11.631000
-7.854312	4.466962	0.220069	11.696000
-7.795317	4.460394	0.195319	11.761000
-7.749371	4.452292	0.173133	11.826000
-7.702145	4.440118	0.147288	11.891000
-7.649362	4.421961	0.114974	11.956000
-7.587484	4.398454	0.077238	12.021000
-7.529216	4.376393	0.044329	12.086000
-7.463350	4.350338	0.010122	12.151000
-7.397688	4.325608	-0.018759	12.216000
-7.339787	4.305399	-0.038765	12.281000
-7.277059	4.285035	-0.056511	12.346000
-7.214513	4.266171	-0.071667	12.411000
-7.156802	4.249811	-0.084435	12.476000
-7.104782	4.236319	-0.094053	12.541000
-7.058602	4.225050	-0.101729	12.606000
-7.009006	4.213538	-0.109205	12.671000
-6.950639	4.199652	-0.118612	12.736000
-6.882585	4.183315	-0.129981	12.801000
-6.815540	4.166548	-0.141531	12.866000
-6.754553	4.151286	-0.151207	12.931000
-6.674998	4.132354	-0.161805	12.996000
-6.603294	4.116541	-0.169811	13.061000
-6.543171	4.104867	-0.174120	13.126000
-6.489025	4.094910	-0.176213	13.191000
-6.433560	4.084877	-0.176377	13.256000
-6.384867	4.073446	-0.177132	13.321000
-6.330957	4.059266	-0.177040	13.386000
-6.276524	4.044286	-0.173226	13.451000
-6.222157	4.030596	-0.161951	13.516000
-6.171623	4.019662	-0.142978	13.581000
-6.121452	4.009112	-0.114206	13.646000
-6.069598	3.998424	-0.076526	13.711000
-6.028097	3.989081	-0.044502	13.776000
-5.964301	3.974922	0.005815	13.841000
-5.907790	3.962338	0.050415	13.906000
-5.849621	3.950966	0.097937	13.971000
-5.787899	3.939536	0.144951	14.036000
-5.720417	3.927326	0.193215	14.101000
-5.642872	3.911885	0.239758	14.166000
-5.549633	3.892173	0.286495	14.231000
-5.477089	3.876225	0.315915	14.296000
-5.394496	3.857175	0.343462	14.361000
-5.328326	3.839184	0.359588	14.426000
-5.258060	3.818161	0.371732	14.491000
-5.208617	3.802560	0.378906	14.556000
-5.142363	3.780874	0.385240	14.621000
-5.077439	3.758815	0.390274	14.686000
-5.011008	3.734874	0.393866	14.751000
-4.943736	3.708596	0.395399	14.816000
-4.874909	3.680167	0.394820	14.881000
-4.807225	3.651186	0.393060	14.946000
-4.740271	3.621407	0.390637	15.011000
-4.669098	3.589544	0.388688	15.076000
-4.601436	3.558967	0.386868	15.141000
-4.529860	3.525925	0.384655	15.206000
-4.452960	3.489909	0.381910	15.271000
-4.386428	3.458544	0.380310	15.336000
-4.325922	3.430634	0.380226	15.401000
-4.256262	3.399408	0.381093	15.466000
-4.183842	3.368281	0.383402	15.531000
-4.115589	3.340040	0.386815	15.596000
-4.046196	3.311509	0.390717	15.661000
-3.976286	3.282960	0.394274	15.726000
-3.894144	3.250377	0.399137	15.791000
-3.829032	3.225503	0.403808	15.856000
-3.754902	3.197302	0.409301	15.921000
-3.683821	3.170306	0.414071	15.986000
-3.609182	3.142032	0.418167	16.051000
-3.545811	3.118082	0.421254	16.116000
-3.465608	3.088947	0.426024	16.181000
-3.370730	3.055809	0.432514	16.246000
-3.280969	3.025274	0.438387	16.311000
-3.226020	3.006761	0.441632	16.376000
-3.153425	2.982503	0.445123	16.441000
-3.043244	2.946769	0.449074	16.506000
-2.974361	2.925030	0.451443	16.571000
-2.880249	2.895885	0.453746	16.636000
-2.790985	2.867745	0.454115	16.701000
-2.692375	2.836826	0.452401	16.766000
-2.585531	2.804591	0.450103	16.831000
-2.498731	2.778852	0.448346	16.896000
-2.423760	2.756206	0.446438	16.961000
-2.363654	2.738887	0.445760	17.026000
-2.298396	2.720440	0.445246	17.091000
-2.236670	2.701780	0.442350	17.156000
-2.177084	2.683395	0.437830	17.221000
-2.112802	2.663115	0.430806	17.286000
-2.046226	2.642356	0.421830	17.351000
-1.969522	2.618515	0.409413	17.416000
-1.903029	2.598231	0.396894	17.481000
-1.842449	2.579839	0.385031	17.546000
-1.768573	2.557634	0.370424	17.611000
-1.683823	2.531661	0.351678	17.676000
-1.604895	2.507717	0.333431	17.741000
-1.528033	2.485512	0.316072	17.806000
-1.449152	2.465051	0.298991	17.871000
-1.377433	2.448508	0.283831	17.936000
-1.284596	2.428541	0.263536	18.001000
-1.199057	2.410041	0.243016	18.066000
-1.101019	2.388643	0.217791	18.131000
-1.027797	2.372786	0.198732	18.196000
-0.957736	2.358424	0.183370	18.261000
-0.887156	2.344602	0.170011	18.326000
-0.819200	2.333011	0.159321	18.391000
-0.736384	2.319021	0.147444	18.456000
-0.636669	2.302210	0.134597	18.521000
-0.565004	2.289532	0.127391	18.586000
-0.467738	2.275314	0.123844	18.651000
-0.384024	2.265979	0.124700	18.716000
-0.318610	2.258470	0.124524	18.781000
-0.270414	2.252044	0.122180	18.846000
-0.191166	2.238378	0.108962	18.911000
-0.125168	2.225524	0.092127	18.976000
