0.000000
0.139536
0.056918
0.078830
0.082883
0.089987
0.083462
0.106091
0.121241
0.113256
0.122425
0.119099
0.126913
0.107416
0.101615
0.124206
0.121458
0.122194
0.131951
0.096695
0.102225
0.077927
0.103873
0.077839
0.101677
0.093495
0.095582
0.089684
0.084882
0.089131
0.085898
0.098124
0.102622
0.101764
0.098837
0.098357
0.094086
0.092096
0.081441
0.106719
0.107420
0.111982
0.104748
0.099904
0.097075
0.108728
0.108780
0.094370
0.105425
0.084991
0.108565
0.094253
0.111129
0.104256
0.118614
0.102606
0.110305
0.086745
0.099200
0.107655
0.070477
0.086426
0.103874
0.123593
0.106165
0.093070
0.068022
0.104545
0.107879
0.106992
0.125444
0.098919
0.093255
0.100768
0.089749
0.066080
0.088658
0.089632
0.087503
0.097894
0.096968
0.100574
0.110825
0.106644
0.112476
0.111464
0.124896
0.112764
0.117409
0.113825
0.116943
0.113462
0.103740
0.110652
0.106748
0.088250
0.102273
0.118202
0.123434
0.118788
0.126372
0.122905
0.120895
0.114744
0.125754
0.096833
0.110454
0.125926
0.116265
0.120295
0.115088
0.120054
0.093530
0.137340
0.123941
0.106200
0.119210
0.097477
0.098709
0.075087
0.107325
0.078338
0.114141
0.126314
0.094552
0.120614
0.082924
0.094732
0.123885
0.112737
0.099581
0.122180
0.095999
0.079312
0.114376
0.104658
0.101029
0.104976
0.083367
0.079338
0.094607
0.084909
0.081818
0.098004
0.094654
0.105511
0.098522
0.113016
0.114642
0.134007
0.123436
0.128414
0.129422
0.137816
0.145401
0.144796
0.153617
0.146939
0.148575
0.154833
0.139417
0.115172
0.094432
0.128608
0.111832
0.123720
0.146123
0.126514
0.119510
0.137400
0.110926
0.089323
0.095859
0.098111
0.098023
0.089723
0.084478
0.106215
0.104989
0.112975
0.129384
0.102845
0.085835
0.111304
0.119272
0.124047
0.117707
0.097696
0.132183
0.112422
0.099896
0.112922
0.129082
0.132027
0.123426
0.123668
0.114113
0.128734
0.110412
0.120247
0.137246
0.140357
0.145134
0.131212
0.148213
0.133315
0.141862
0.138046
0.131895
0.111621
0.143370
0.134526
0.130646
0.129946
0.140652
0.144658
0.106604
0.140625
0.153927
0.163655
0.172439
0.186319
0.180571
0.176784
0.175155
0.180305
0.174331
0.167490
0.126947
0.164868
0.165054
0.163252
0.165929
0.169107
0.142370
0.160138
0.176986
0.172686
0.166023
0.177103
0.172013
0.154722
0.171510
0.173903
0.150910
0.173361
0.174918
0.163246
0.148053
0.145793
0.170208
0.179246
0.145985
0.178556
0.179938
0.175950
0.136106
0.167875
0.189229
0.168293
0.210896
0.202215
0.199333
0.186961
0.172793
0.202901
0.182026
0.160728
0.177080
0.173161
0.169843
0.181251
0.197700
0.198725
0.179964
0.200917
0.207438
0.190340
0.196435
0.211459
0.195159
0.217821
0.213402
0.227254
0.217072
0.189092
0.189139
0.184769
0.183666
0.189444
0.189237
0.197992
0.182489
0.169955
0.143095
0.160005
0.157179
0.357548
0.002445
