0.000000	0.000000	0.000000	0.000000	0.000000	0.000000	0.000000	0.000000	0.000000	0.000000
-0.031501	-0.031213	-0.031697	-0.031407	-0.030137	-0.029862	-0.030137	-0.029862	-0.010000	0.040000
-0.046007	-0.044781	-0.045655	-0.044435	-0.091202	-0.088765	-0.091206	-0.088761	-0.030000	0.120000
0.034814	0.034496	0.035115	0.034795	-0.030137	-0.029862	-0.030137	-0.029862	-0.010000	0.200000
0.076064	0.076765	0.077464	0.078178	0.030138	0.029863	0.030138	0.029863	0.010000	0.280000
0.151292	0.155434	0.155684	0.159959	0.091235	0.088798	0.091239	0.088794	0.030000	0.360000
0.196674	0.216890	0.202403	0.223685	0.157766	0.142958	0.094745	0.085707	0.050000	0.440000
0.240235	0.273816	0.250092	0.286404	0.199667	0.174919	0.094473	0.082465	0.050000	0.450000
0.293510	0.331101	0.309773	0.350952	0.206210	0.182523	0.093932	0.082882	0.030000	0.450000
0.346873	0.385163	0.368854	0.410970	0.205429	0.184759	0.093103	0.083539	0.010000	0.450000
0.397644	0.434419	0.424644	0.465130	0.204317	0.186806	0.092272	0.084220	-0.010000	0.450000
0.436865	0.466230	0.466857	0.499010	0.194574	0.182175	0.091103	0.085218	-0.030000	0.450000
0.457363	0.473729	0.487449	0.505141	0.165342	0.159580	0.089665	0.086517	-0.037204	0.450000
0.484811	0.489033	0.497824	0.502176	0.116622	0.115611	0.088449	0.087680	-0.019018	0.450000
0.495602	0.482222	0.506819	0.493182	0.075199	0.073164	0.089251	0.086842	-0.016009	0.450000
0.506679	0.475716	0.515648	0.484355	0.036763	0.034511	0.090742	0.085211	-0.016009	0.450000
0.518001	0.469528	0.524348	0.475661	0.018404	0.016673	0.092162	0.083544	-0.036009	0.450000
0.531653	0.462620	0.534470	0.465548	-0.007215	-0.006270	0.093756	0.081527	-0.056009	0.450000
0.546801	0.455610	0.545327	0.454705	-0.037354	-0.031026	0.095399	0.079264	-0.076009	0.450000
0.543585	0.465382	0.539112	0.460890	-0.071392	-0.060991	0.030099	0.025681	-0.076009	0.450000
0.541784	0.472677	0.534625	0.465376	-0.101006	-0.087973	-0.020843	-0.018119	-0.076009	0.450000
0.546844	0.472025	0.537591	0.462411	-0.134713	-0.116004	-0.031812	-0.027314	-0.068081	0.450000
0.552838	0.466353	0.543628	0.456372	-0.157786	-0.132606	-0.005793	-0.004850	-0.049000	0.450000
0.545050	0.468044	0.538833	0.461167	-0.144138	-0.123436	0.005425	0.004635	-0.029000	0.450000
0.532246	0.472102	0.530301	0.469699	-0.112595	-0.099739	0.016885	0.014942	-0.009000	0.450000
0.533869	0.463229	0.535354	0.464660	-0.054753	-0.047433	0.080998	0.070182	-0.027209	0.450000
0.525142	0.467451	0.528924	0.471085	-0.024492	-0.021783	0.080134	0.071300	-0.027210	0.450000
0.516873	0.473140	0.521992	0.478012	0.016658	0.015243	0.067447	0.061735	-0.047210	0.450000
0.515826	0.473704	0.521197	0.478807	0.041114	0.037743	0.067352	0.061848	-0.067209	0.450000
0.516477	0.473361	0.521690	0.478314	0.038913	0.035651	0.067411	0.061778	-0.067209	0.450000
0.520026	0.471517	0.524358	0.475647	0.026912	0.024389	0.067727	0.061398	-0.067210	0.450000
0.520079	0.471508	0.524396	0.475609	0.047793	0.043306	0.067731	0.061393	-0.087210	0.450000
0.517229	0.472999	0.522258	0.477746	0.063698	0.058224	0.067478	0.061698	-0.093298	0.450000
0.514836	0.474253	0.520448	0.479556	0.064196	0.059113	0.067263	0.061954	-0.086149	0.450000
0.513136	0.475133	0.519153	0.480850	0.049088	0.045440	0.067107	0.062135	-0.066149	0.450000
0.498802	0.489624	0.504645	0.495355	0.037307	0.036620	0.011105	0.010900	-0.046149	0.450000
0.504572	0.481348	0.511747	0.488253	0.027784	0.026504	0.053413	0.050956	-0.026149	0.450000
0.497852	0.484730	0.506663	0.493337	0.037150	0.036170	0.056590	0.055099	-0.009858	0.450000
0.488930	0.488410	0.500266	0.499734	0.063890	0.063822	0.070296	0.070221	0.005293	0.450000
0.479311	0.481712	0.498751	0.501249	0.124167	0.123545	0.130587	0.129932	0.012241	0.450000
0.461521	0.494741	0.482268	0.517743	0.190547	0.177613	0.135077	0.125770	0.024429	0.450000
0.451844	0.509634	0.468513	0.531522	0.258453	0.228600	0.139069	0.122492	0.024429	0.450000
0.446639	0.514361	0.462592	0.537457	0.288265	0.249457	0.140862	0.121133	0.024429	0.450000
0.443593	0.517255	0.458950	0.541110	0.306753	0.261974	0.141988	0.120310	0.024429	0.450000
0.451141	0.507307	0.468993	0.531062	0.302607	0.268235	0.178371	0.157334	0.016727	0.450000
0.444527	0.474152	0.483345	0.516685	0.294151	0.275285	0.235176	0.219738	0.016727	0.450000
0.437262	0.481026	0.474833	0.525235	0.337011	0.305323	0.239475	0.216102	0.016727	0.450000
0.433963	0.507708	0.456656	0.543556	0.414331	0.351421	0.249226	0.208695	0.036727	0.450000
0.429677	0.513034	0.449961	0.550324	0.449399	0.372589	0.253024	0.206086	0.036727	0.450000
0.424573	0.520058	0.440945	0.559457	0.496679	0.399883	0.258330	0.202666	0.036727	0.450000
0.421929	0.524095	0.435651	0.564831	0.524392	0.415285	0.261553	0.200705	0.036727	0.450000
0.420526	0.526383	0.432611	0.567920	0.540271	0.423929	0.263442	0.199595	0.036727	0.450000
0.420507	0.526415	0.432568	0.567964	0.540495	0.424050	0.263469	0.199579	0.036727	0.450000
0.424751	0.519233	0.439753	0.560921	0.566985	0.455423	0.324360	0.252383	0.036727	0.450000
0.419756	0.529143	0.426652	0.574370	0.635214	0.490952	0.334765	0.246319	0.036727	0.450000
0.420744	0.549828	0.408802	0.592887	0.722367	0.532471	0.350222	0.238377	0.048355	0.450000
0.419657	0.554782	0.401612	0.600394	0.758747	0.549796	0.356861	0.235306	0.048355	0.450000
0.418829	0.560999	0.392247	0.610228	0.805192	0.571437	0.365923	0.231395	0.048355	0.450000
0.418686	0.563148	0.388914	0.613745	0.821449	0.578902	0.369269	0.230026	0.048355	0.450000
0.413570	0.577774	0.367658	0.634789	0.856410	0.575217	0.307536	0.175674	0.048355	0.450000
0.411316	0.583825	0.358542	0.643503	0.866470	0.570036	0.270558	0.149106	0.040321	0.450000
0.412860	0.579841	0.364249	0.637992	0.860081	0.573242	0.293065	0.165268	0.040321	0.450000
0.413357	0.583802	0.357134	0.645412	0.892040	0.587401	0.299168	0.163331	0.040321	0.450000
0.412230	0.607143	0.317704	0.685231	1.002951	0.617868	0.241097	0.110283	0.060321	0.450000
0.411736	0.608882	0.314936	0.687819	1.006020	0.616458	0.228850	0.103473	0.060321	0.450000
0.411736	0.608882	0.314936	0.687819	1.006020	0.616458	0.228850	0.103473	0.060321	0.450000
0.411842	0.609073	0.314503	0.688272	1.007790	0.617252	0.229178	0.103404	0.060321	0.450000
0.412281	0.608341	0.315482	0.687431	1.008594	0.619236	0.236842	0.107255	0.060321	0.450000
0.412281	0.608341	0.315482	0.687431	1.008594	0.619236	0.236842	0.107255	0.060321	0.450000
0.411264	0.606410	0.319794	0.682908	0.990794	0.611249	0.233506	0.107982	0.060321	0.450000
0.411264	0.606410	0.319794	0.682908	0.990794	0.611249	0.233506	0.107982	0.060321	0.450000
0.410963	0.605799	0.321135	0.681503	0.985195	0.608738	0.232489	0.108209	0.060321	0.450000
0.411254	0.604832	0.322647	0.680084	0.983507	0.609518	0.239117	0.111998	0.060321	0.450000
0.413088	0.598231	0.333605	0.669866	0.971607	0.615267	0.283985	0.139053	0.066999	0.450000
0.413187	0.597912	0.334113	0.669386	0.971056	0.615530	0.286011	0.140337	0.066999	0.450000
0.413278	0.597621	0.334576	0.668947	0.970553	0.615770	0.287854	0.141509	0.066999	0.450000
0.413219	0.596357	0.336864	0.666626	0.963734	0.613674	0.290552	0.144313	0.066999	0.450000
0.412385	0.594411	0.340822	0.662391	0.945044	0.604871	0.285436	0.144509	0.066999	0.450000
0.411262	0.591647	0.346370	0.656461	0.917486	0.591620	0.277214	0.144139	0.066999	0.450000
0.409778	0.587205	0.355025	0.647266	0.872343	0.569553	0.263486	0.142739	0.066999	0.450000
0.409203	0.584912	0.359354	0.642697	0.849037	0.558054	0.256587	0.141842	0.066999	0.450000
0.408850	0.583148	0.362621	0.639263	0.831156	0.549182	0.251395	0.141091	0.066999	0.450000
0.408677	0.581986	0.364732	0.637052	0.819647	0.543493	0.248279	0.140701	0.066999	0.450000
0.408563	0.581058	0.366403	0.635306	0.810480	0.538949	0.245827	0.140381	0.066999	0.450000
0.408791	0.580529	0.367124	0.634608	0.809671	0.539350	0.248767	0.142472	0.066999	0.450000
0.408353	0.581213	0.366817	0.635065	0.810130	0.539282	0.251776	0.143829	0.081499	0.450000
0.408501	0.580868	0.367288	0.634608	0.809604	0.539541	0.253675	0.145188	0.081499	0.450000
0.408380	0.579723	0.369307	0.632489	0.798028	0.533690	0.250604	0.144769	0.081499	0.450000
0.408244	0.578323	0.371773	0.629899	0.783378	0.526162	0.246395	0.143961	0.081499	0.450000
0.408077	0.575845	0.376109	0.625353	0.756647	0.512191	0.238271	0.142006	0.081499	0.450000
0.408068	0.573823	0.379576	0.621734	0.735064	0.500844	0.231913	0.140408	0.081499	0.450000
0.408085	0.573468	0.380171	0.621115	0.731451	0.498962	0.230959	0.140205	0.081499	0.450000
0.408100	0.573184	0.380648	0.620620	0.728523	0.497429	0.230165	0.140023	0.081499	0.450000
0.408131	0.572686	0.381482	0.619754	0.723418	0.494757	0.228800	0.139715	0.081499	0.450000
0.408181	0.571993	0.382639	0.618553	0.716255	0.490987	0.226849	0.139244	0.081499	0.450000
0.408296	0.570460	0.385217	0.615875	0.699538	0.482004	0.221768	0.137710	0.081499	0.450000
0.408672	0.569713	0.386151	0.614960	0.698527	0.482524	0.225616	0.140624	0.081499	0.450000
0.408390	0.570663	0.384762	0.616367	0.704359	0.484993	0.224758	0.139260	0.081499	0.450000
0.408605	0.568668	0.388085	0.612919	0.682519	0.473162	0.218071	0.137140	0.081499	0.450000
0.408951	0.567297	0.390127	0.610779	0.670366	0.466785	0.212349	0.134796	0.075822	0.450000
0.409432	0.566089	0.391721	0.609087	0.662741	0.463149	0.206283	0.131930	0.065282	0.450000
0.410246	0.564296	0.394075	0.606597	0.652591	0.458566	0.196780	0.127245	0.047899	0.450000
0.410502	0.563748	0.394815	0.605821	0.649460	0.457164	0.194028	0.125892	0.042989	0.450000
0.410821	0.563110	0.395669	0.604925	0.646076	0.455713	0.190684	0.124209	0.036785	0.450000
0.411183	0.562423	0.396585	0.603966	0.642686	0.454328	0.186995	0.122318	0.029734	0.450000
0.411718	0.561487	0.397823	0.602670	0.638622	0.452831	0.181742	0.119558	0.019211	0.450000
0.412220	0.560663	0.398914	0.601531	0.635427	0.451793	0.177034	0.117041	0.009468	0.450000
0.412887	0.559653	0.400246	0.600143	0.632199	0.451020	0.171061	0.113779	-0.003484	0.450000
0.414143	0.557655	0.403085	0.597219	0.623186	0.447812	0.160446	0.108066	-0.023484	0.450000
0.414535	0.556953	0.403889	0.596425	0.622316	0.448293	0.164029	0.110837	-0.023484	0.450000
0.414714	0.556700	0.404468	0.595810	0.618336	0.445937	0.157107	0.106449	-0.029802	0.450000
0.416259	0.554419	0.407785	0.592428	0.608237	0.442542	0.147078	0.101091	-0.049225	0.450000
0.418717	0.550740	0.413336	0.586814	0.587460	0.433964	0.134497	0.094639	-0.069225	0.450000
0.421234	0.547109	0.418886	0.581225	0.563743	0.423048	0.124553	0.089693	-0.081179	0.450000
0.421862	0.546161	0.420347	0.579759	0.556174	0.419126	0.122745	0.088927	-0.081545	0.450000
0.423886	0.543521	0.424336	0.575749	0.538880	0.410920	0.116373	0.085714	-0.088836	0.450000
0.425813	0.541077	0.428011	0.572060	0.521681	0.402255	0.111414	0.083312	-0.092855	0.450000
0.425824	0.541059	0.428026	0.572046	0.521728	0.402313	0.111564	0.083429	-0.092855	0.450000
0.426652	0.539998	0.429626	0.570441	0.513158	0.397644	0.109733	0.082600	-0.092855	0.450000
0.427943	0.538408	0.432026	0.568035	0.500117	0.390419	0.106815	0.081198	-0.092855	0.450000
0.428869	0.537309	0.433675	0.566381	0.491132	0.385388	0.104806	0.080210	-0.092886	0.450000
0.429302	0.536340	0.434221	0.565850	0.497854	0.391619	0.116564	0.089393	-0.092886	0.450000
0.426490	0.540170	0.429284	0.570786	0.515885	0.399368	0.111262	0.083632	-0.092886	0.450000
0.429046	0.537071	0.433971	0.566086	0.490167	0.385008	0.105282	0.080671	-0.092886	0.450000
0.430042	0.535928	0.435685	0.564367	0.480694	0.379617	0.103094	0.079550	-0.092886	0.450000
0.429812	0.536200	0.435297	0.564756	0.482636	0.380676	0.103329	0.079605	-0.092886	0.450000
0.429069	0.537065	0.434020	0.566035	0.489467	0.384505	0.104672	0.080220	-0.092886	0.450000
0.428155	0.538131	0.432393	0.567668	0.498652	0.389738	0.107030	0.081483	-0.092886	0.450000
0.427251	0.539212	0.430723	0.569343	0.508179	0.395148	0.109635	0.082897	-0.092886	0.450000
0.426088	0.540715	0.428537	0.571534	0.519102	0.400914	0.111087	0.083246	-0.092886	0.450000
0.425785	0.541213	0.427793	0.572277	0.524356	0.404068	0.111034	0.082956	-0.095515	0.450000
0.425531	0.541588	0.427221	0.572850	0.528002	0.406180	0.111397	0.083032	-0.096616	0.450000
0.426791	0.539532	0.429241	0.570847	0.528625	0.409567	0.124125	0.093269	-0.096616	0.450000
0.421717	0.547024	0.418745	0.581355	0.573766	0.430567	0.122711	0.088328	-0.096616	0.450000
0.422557	0.545738	0.420765	0.579328	0.563015	0.424952	0.120086	0.087162	-0.096616	0.450000
0.424007	0.543639	0.424020	0.576062	0.545688	0.415812	0.116040	0.085362	-0.096616	0.450000
0.424399	0.543096	0.424864	0.575216	0.541116	0.413358	0.114916	0.084829	-0.096616	0.450000
0.424690	0.542699	0.425475	0.574602	0.537835	0.411600	0.114153	0.084478	-0.096616	0.450000
0.425103	0.542141	0.426330	0.573745	0.533257	0.409141	0.113109	0.084000	-0.096616	0.450000
0.425685	0.541368	0.427507	0.572564	0.526972	0.405757	0.111723	0.083372	-0.096616	0.450000
0.426966	0.539726	0.429993	0.570072	0.513689	0.398541	0.108853	0.082063	-0.096616	0.450000
0.429216	0.537011	0.434082	0.565972	0.491510	0.386213	0.103916	0.079663	-0.096616	0.450000
0.432098	0.533803	0.438883	0.561160	0.465017	0.371037	0.097863	0.076508	-0.096616	0.450000
0.430840	0.535105	0.436823	0.563226	0.477660	0.378641	0.102040	0.079104	-0.096616	0.450000
0.435238	0.530516	0.443675	0.556360	0.439157	0.355969	0.092837	0.074008	-0.096616	0.450000
0.438981	0.526974	0.448916	0.551109	0.409256	0.337634	0.085651	0.069749	-0.096616	0.450000
0.444172	0.522512	0.455509	0.544507	0.370882	0.313047	0.076105	0.063652	-0.096616	0.450000
0.449264	0.518545	0.461381	0.538629	0.336007	0.289615	0.067116	0.057482	-0.096616	0.450000
0.453890	0.515227	0.466315	0.533691	0.306274	0.268788	0.059263	0.051776	-0.096616	0.450000
0.457442	0.512838	0.469890	0.530114	0.284498	0.253014	0.053396	0.047326	-0.096616	0.450000
0.461144	0.510485	0.473444	0.526558	0.262607	0.236690	0.047356	0.042576	-0.096616	0.450000
0.463262	0.509192	0.475409	0.524592	0.250448	0.227422	0.043974	0.039849	-0.096616	0.450000
0.464214	0.508618	0.476280	0.523722	0.245102	0.223307	0.042522	0.038668	-0.096616	0.450000
0.465336	0.507934	0.477318	0.522684	0.236344	0.216181	0.040824	0.037279	-0.094120	0.450000
0.465424	0.507854	0.477428	0.522573	0.232665	0.212901	0.040781	0.037256	-0.090887	0.450000
0.461178	0.510355	0.473575	0.526427	0.256461	0.231254	0.047988	0.043168	-0.090214	0.450000
0.462439	0.509573	0.474760	0.525242	0.247863	0.224505	0.045966	0.041546	-0.088898	0.450000
0.464559	0.508286	0.476713	0.523288	0.233625	0.213189	0.042660	0.038861	-0.086666	0.450000
0.466599	0.507053	0.478583	0.521418	0.216256	0.198754	0.039605	0.036350	-0.080612	0.450000
0.468210	0.506097	0.480037	0.519964	0.200908	0.185680	0.037235	0.034375	-0.074070	0.450000
0.469859	0.505150	0.481486	0.518515	0.186156	0.173011	0.034798	0.032312	-0.068223	0.450000
0.471370	0.504299	0.482794	0.517206	0.171488	0.160188	0.032570	0.030402	-0.061644	0.450000
0.472453	0.503697	0.483722	0.516278	0.159602	0.149624	0.030987	0.029032	-0.055513	0.450000
0.473190	0.503295	0.484347	0.515654	0.151158	0.142052	0.029893	0.028078	-0.050980	0.450000
0.473488	0.503132	0.484601	0.515400	0.146716	0.138014	0.029442	0.027682	-0.048136	0.450000
0.473348	0.503202	0.484490	0.515510	0.146664	0.137904	0.029665	0.027879	-0.047356	0.450000
0.471312	0.504236	0.482836	0.517165	0.157649	0.147277	0.033130	0.030930	-0.047356	0.450000
0.471113	0.504340	0.482672	0.517329	0.158724	0.148186	0.033456	0.031214	-0.047356	0.450000
0.472386	0.503669	0.483721	0.516280	0.151961	0.142456	0.031472	0.029487	-0.047356	0.450000
0.474780	0.502433	0.485668	0.514332	0.137833	0.130202	0.027763	0.026215	-0.045788	0.450000
0.477470	0.501067	0.487834	0.512166	0.114749	0.109323	0.023714	0.022587	-0.036598	0.450000
0.480226	0.499718	0.489998	0.510002	0.089237	0.085748	0.019602	0.018833	-0.025058	0.450000
0.482719	0.498544	0.491911	0.508090	0.064921	0.062857	0.015907	0.015401	-0.013146	0.450000
0.484619	0.497677	0.493342	0.506658	0.045319	0.044129	0.013110	0.012765	-0.002846	0.450000
0.485851	0.497131	0.494255	0.505745	0.038363	0.037492	0.011293	0.011037	-0.001785	0.450000
0.486174	0.496988	0.494494	0.505506	0.036692	0.035893	0.010822	0.010587	-0.001649	0.450000
0.486175	0.496987	0.494495	0.505505	0.036651	0.035853	0.010824	0.010588	-0.001613	0.450000
0.485814	0.497145	0.494229	0.505771	0.038431	0.037554	0.011359	0.011100	-0.001673	0.450000
0.485216	0.497410	0.493786	0.506214	0.041445	0.040428	0.012242	0.011942	-0.001829	0.450000
0.485351	0.497337	0.493893	0.506107	0.039769	0.038810	0.012152	0.011859	-0.000730	0.450000
0.487008	0.496611	0.495114	0.504886	0.031636	0.031024	0.009703	0.009515	-0.000473	0.450000
0.488829	0.495826	0.496445	0.503555	0.022685	0.022364	0.007055	0.006955	-0.000058	0.450000
0.490735	0.495021	0.497826	0.502174	0.013490	0.013373	0.004312	0.004274	0.000320	0.450000
0.492930	0.494115	0.499400	0.500600	0.003500	0.003492	0.001189	0.001186	0.000303	0.450000
0.495126	0.493229	0.500960	0.499040	-0.005681	-0.005659	-0.001903	-0.001895	-0.000404	0.450000
0.497110	0.492446	0.502357	0.497643	-0.014632	-0.014495	-0.004691	-0.004647	-0.000356	0.450000
0.499068	0.491689	0.503726	0.496274	-0.023567	-0.023218	-0.007439	-0.007329	-0.000195	0.450000
0.500783	0.491039	0.504916	0.495084	-0.031283	-0.030674	-0.009845	-0.009653	-0.000148	0.450000
0.502331	0.490462	0.505986	0.494014	-0.038130	-0.037228	-0.012020	-0.011736	-0.000219	0.450000
0.503933	0.489873	0.507086	0.492914	-0.045264	-0.043999	-0.014253	-0.013854	-0.000219	0.450000
0.505293	0.489380	0.508018	0.491982	-0.052063	-0.050422	-0.016139	-0.015630	0.000527	0.450000
0.506110	0.489085	0.508577	0.491423	-0.057258	-0.055329	-0.017256	-0.016674	0.002081	0.450000
0.505843	0.489181	0.508395	0.491605	-0.056075	-0.054225	-0.016890	-0.016332	0.002081	0.450000
0.507527	0.488594	0.509537	0.490463	-0.065530	-0.063080	-0.019310	-0.018586	0.003972	0.450000
0.508474	0.488262	0.510181	0.489819	-0.071319	-0.068477	-0.020612	-0.019789	0.005546	0.450000
0.509066	0.488054	0.510584	0.489416	-0.074979	-0.071876	-0.021410	-0.020522	0.006581	0.450000
0.510048	0.487714	0.511251	0.488749	-0.080848	-0.077297	-0.022752	-0.021750	0.008086	0.450000
0.510944	0.487405	0.511859	0.488141	-0.086168	-0.082185	-0.023959	-0.022847	0.009440	0.450000
0.511659	0.487158	0.512345	0.487656	-0.090467	-0.086119	-0.024907	-0.023706	0.010583	0.450000
0.512005	0.487037	0.512581	0.487419	-0.092704	-0.088166	-0.025350	-0.024104	0.011303	0.450000
0.512174	0.486979	0.512696	0.487305	-0.093754	-0.089124	-0.025570	-0.024302	0.011610	0.450000
0.511831	0.487094	0.512465	0.487535	-0.092237	-0.087762	-0.025097	-0.023874	0.011610	0.450000
0.511283	0.487279	0.512096	0.487904	-0.089807	-0.085575	-0.024336	-0.023184	0.011610	0.450000
0.511469	0.487214	0.512222	0.487778	-0.090621	-0.086307	-0.024580	-0.023406	0.011610	0.450000
0.512164	0.486976	0.512693	0.487307	-0.094211	-0.089559	-0.025502	-0.024237	0.012143	0.450000
0.513645	0.486476	0.513694	0.486306	-0.102842	-0.097376	-0.027485	-0.026018	0.014235	0.450000
0.520645	0.484237	0.518386	0.481615	-0.139193	-0.129377	-0.037008	-0.034375	0.019710	0.450000
0.523632	0.483313	0.520388	0.479613	-0.154787	-0.142745	-0.040903	-0.037686	0.022283	0.450000
0.525757	0.482668	0.521815	0.478187	-0.165872	-0.152116	-0.043623	-0.039960	0.024151	0.450000
0.527268	0.482213	0.522831	0.477171	-0.173851	-0.158802	-0.045518	-0.041525	0.025609	0.450000
0.528779	0.481768	0.523846	0.476157	-0.181545	-0.165177	-0.047423	-0.043084	0.026787	0.450000
0.530014	0.481406	0.524677	0.475326	-0.187905	-0.170413	-0.048955	-0.044326	0.027840	0.450000
0.531430	0.480996	0.525630	0.474373	-0.195131	-0.176312	-0.050701	-0.045729	0.028995	0.450000
0.532903	0.480576	0.526622	0.473381	-0.202555	-0.182319	-0.052507	-0.047166	0.030117	0.450000
0.533123	0.480508	0.526776	0.473228	-0.204021	-0.183530	-0.052733	-0.047339	0.030668	0.450000
0.533547	0.480390	0.527061	0.472943	-0.206082	-0.185180	-0.053256	-0.047753	0.030916	0.450000
0.533736	0.480332	0.527192	0.472811	-0.207281	-0.186164	-0.053456	-0.047907	0.031325	0.450000
0.533862	0.480294	0.527280	0.472724	-0.208100	-0.186836	-0.053587	-0.048006	0.031620	0.450000
0.534402	0.480142	0.527645	0.472359	-0.210857	-0.189046	-0.054233	-0.048513	0.032081	0.450000
0.541375	0.478627	0.532143	0.467864	-0.242395	-0.213609	-0.065506	-0.057522	0.032081	0.450000
0.545631	0.477260	0.535159	0.464851	-0.259485	-0.226050	-0.068230	-0.059172	0.032711	0.450000
0.547163	0.476883	0.536199	0.463812	-0.266466	-0.231220	-0.070010	-0.060453	0.033243	0.450000
0.547826	0.476718	0.536655	0.463357	-0.269678	-0.233606	-0.070744	-0.060971	0.033689	0.450000
0.548264	0.476604	0.536962	0.463050	-0.272073	-0.235409	-0.071184	-0.061272	0.034290	0.450000
0.548814	0.476460	0.537351	0.462661	-0.275185	-0.237756	-0.071718	-0.061631	0.035164	0.450000
0.549798	0.476217	0.538032	0.461981	-0.280047	-0.241340	-0.072772	-0.062360	0.035954	0.450000
0.549927	0.476177	0.538131	0.461882	-0.281099	-0.242157	-0.072845	-0.062397	0.036520	0.450000
0.549973	0.476158	0.538171	0.461842	-0.281696	-0.242637	-0.072837	-0.062380	0.036968	0.450000
0.550034	0.476134	0.538225	0.461788	-0.282506	-0.243287	-0.072824	-0.062354	0.037584	0.450000
0.549854	0.476164	0.538117	0.461896	-0.282369	-0.243270	-0.072520	-0.062122	0.038270	0.450000
0.550664	0.475961	0.538685	0.461329	-0.286582	-0.246376	-0.073345	-0.062680	0.039166	0.450000
0.556719	0.474852	0.542703	0.457317	-0.313218	-0.265290	-0.082235	-0.069098	0.039166	0.450000
0.559323	0.474094	0.544596	0.455427	-0.323029	-0.271678	-0.083511	-0.069611	0.039166	0.450000
0.560705	0.473801	0.545555	0.454470	-0.328749	-0.275516	-0.084984	-0.070551	0.039166	0.450000
0.560378	0.473861	0.545332	0.454692	-0.327349	-0.274566	-0.084564	-0.070269	0.039166	0.450000
0.559389	0.474058	0.544652	0.455371	-0.323187	-0.271753	-0.083405	-0.069506	0.039166	0.450000
0.558349	0.474265	0.543940	0.456081	-0.318790	-0.268759	-0.082153	-0.068670	0.039166	0.450000
0.557328	0.474469	0.543250	0.456770	-0.314864	-0.266128	-0.080902	-0.067822	0.039578	0.450000
0.555913	0.474761	0.542297	0.457722	-0.309669	-0.262666	-0.079196	-0.066660	0.040381	0.450000
0.555587	0.474830	0.542076	0.457942	-0.308429	-0.261829	-0.078808	-0.066395	0.040519	0.450000
0.554715	0.475013	0.541490	0.458527	-0.305253	-0.259699	-0.077745	-0.065662	0.041048	0.450000
0.554681	0.475005	0.541486	0.458531	-0.305902	-0.260258	-0.077581	-0.065525	0.041936	0.450000
0.560064	0.474346	0.544958	0.455068	-0.330873	-0.277956	-0.087557	-0.072870	0.041936	0.450000
0.565199	0.472858	0.548755	0.451275	-0.349837	-0.289796	-0.089473	-0.073268	0.041936	0.450000
0.566418	0.472616	0.549614	0.450419	-0.354840	-0.293027	-0.090711	-0.074008	0.041936	0.450000
0.566866	0.472522	0.549933	0.450100	-0.356646	-0.294178	-0.091115	-0.074236	0.041936	0.450000
0.567792	0.472344	0.550587	0.449447	-0.360455	-0.296618	-0.092063	-0.074797	0.041936	0.450000
0.568160	0.472263	0.550852	0.449183	-0.361907	-0.297527	-0.092347	-0.074942	0.041936	0.450000
0.568321	0.472222	0.550971	0.449064	-0.362519	-0.297900	-0.092428	-0.074969	0.041936	0.450000
0.568947	0.472098	0.551417	0.448619	-0.365063	-0.299508	-0.093021	-0.075305	0.041936	0.450000
0.569503	0.471984	0.551826	0.448211	-0.367762	-0.301282	-0.093498	-0.075557	0.042430	0.450000
0.568928	0.472075	0.551443	0.448593	-0.366105	-0.300342	-0.092772	-0.075095	0.043256	0.450000
0.570391	0.471770	0.552541	0.447497	-0.373766	-0.305431	-0.093950	-0.075688	0.045187	0.450000
0.573243	0.472526	0.553995	0.446057	-0.391799	-0.318680	-0.106952	-0.085610	0.045187	0.450000
0.583482	0.469717	0.562001	0.438066	-0.427672	-0.338055	-0.107416	-0.083002	0.045187	0.450000
0.585913	0.469365	0.563810	0.436263	-0.437506	-0.343680	-0.109598	-0.084001	0.045187	0.450000
0.587312	0.469156	0.564866	0.435211	-0.443091	-0.346809	-0.110720	-0.084458	0.045187	0.450000
0.588009	0.469045	0.565397	0.434682	-0.445822	-0.348312	-0.111197	-0.084618	0.045187	0.450000
0.588620	0.468946	0.565865	0.434215	-0.448207	-0.349614	-0.111594	-0.084740	0.045187	0.450000
0.588495	0.468939	0.565781	0.434298	-0.447585	-0.349222	-0.111294	-0.084544	0.045187	0.450000
0.588496	0.468920	0.565790	0.434289	-0.447498	-0.349140	-0.111146	-0.084429	0.045187	0.450000
0.589655	0.468755	0.566677	0.433405	-0.452278	-0.351807	-0.112046	-0.084770	0.045367	0.450000
0.591853	0.468536	0.568323	0.431767	-0.461431	-0.356949	-0.114401	-0.085902	0.045367	0.450000
0.591953	0.470163	0.567702	0.432409	-0.469977	-0.364700	-0.127729	-0.096165	0.045367	0.450000
0.607946	0.467117	0.580942	0.419210	-0.526835	-0.391091	-0.128384	-0.090836	0.045367	0.450000
0.607495	0.467457	0.580458	0.419697	-0.526546	-0.391582	-0.130550	-0.092581	0.045367	0.450000
0.610403	0.466925	0.582963	0.417198	-0.536544	-0.395749	-0.129950	-0.091043	0.045367	0.450000
0.609895	0.466924	0.582558	0.417601	-0.534345	-0.394618	-0.129312	-0.090777	0.045367	0.450000
0.609069	0.466947	0.581893	0.418262	-0.530882	-0.392876	-0.128460	-0.090472	0.045367	0.450000
0.609082	0.466937	0.581906	0.418248	-0.530890	-0.392862	-0.128399	-0.090423	0.045367	0.450000
0.608975	0.467018	0.581791	0.418364	-0.530821	-0.392979	-0.128915	-0.090836	0.045367	0.450000
0.608672	0.467528	0.581361	0.418803	-0.532018	-0.394571	-0.132658	-0.093663	0.045367	0.450000
0.611420	0.468337	0.583263	0.416934	-0.547900	-0.404275	-0.142660	-0.099781	0.045367	0.450000
0.622675	0.466991	0.593178	0.407060	-0.588427	-0.420855	-0.142767	-0.095013	0.045367	0.450000
0.622206	0.467316	0.592666	0.407577	-0.588112	-0.421415	-0.145051	-0.096784	0.045367	0.450000
0.624772	0.467047	0.594995	0.405257	-0.597233	-0.424891	-0.144750	-0.095428	0.045367	0.450000
0.624001	0.466991	0.594335	0.405911	-0.593832	-0.423270	-0.143755	-0.095099	0.045367	0.450000
0.624011	0.466984	0.594346	0.405900	-0.593839	-0.423257	-0.143706	-0.095062	0.045367	0.450000
0.622736	0.466904	0.593258	0.406977	-0.588251	-0.420590	-0.142110	-0.094539	0.045367	0.450000
0.622434	0.467114	0.592929	0.407310	-0.588048	-0.420951	-0.143583	-0.095678	0.045367	0.450000
0.623369	0.467404	0.593651	0.406602	-0.593299	-0.423935	-0.146661	-0.097361	0.045367	0.450000
0.624261	0.468853	0.593979	0.406324	-0.604122	-0.431923	-0.159176	-0.105465	0.045367	0.450000
0.636585	0.468341	0.605494	0.394877	-0.650099	-0.449383	-0.160575	-0.100031	0.045367	0.450000
0.637521	0.468638	0.606239	0.394151	-0.654409	-0.451568	-0.163378	-0.101349	0.044290	0.450000
0.639158	0.468771	0.607284	0.393136	-0.656770	-0.451875	-0.165956	-0.102334	0.037573	0.450000
0.640702	0.468844	0.608314	0.392133	-0.659018	-0.452099	-0.167829	-0.102879	0.031601	0.450000
0.641432	0.469101	0.608612	0.391862	-0.660027	-0.452519	-0.170849	-0.104539	0.026966	0.450000
0.642953	0.469269	0.609476	0.391035	-0.661625	-0.452550	-0.173702	-0.105745	0.019300	0.450000
0.643359	0.470086	0.609162	0.391410	-0.662968	-0.454277	-0.181625	-0.110731	0.012439	0.450000
0.645090	0.471934	0.609018	0.391724	-0.667622	-0.458542	-0.199936	-0.121885	-0.006234	0.450000
0.658098	0.472420	0.620639	0.380378	-0.708163	-0.471756	-0.204264	-0.116145	-0.026234	0.450000
0.659361	0.473207	0.620437	0.380744	-0.707822	-0.472199	-0.212981	-0.121144	-0.043444	0.450000
0.663309	0.473932	0.622926	0.378500	-0.716433	-0.475306	-0.219659	-0.122876	-0.063444	0.450000
0.665577	0.474681	0.623676	0.378000	-0.719490	-0.476860	-0.226847	-0.126130	-0.083444	0.450000
0.667723	0.475614	0.624335	0.377647	-0.724110	-0.479711	-0.234852	-0.129823	-0.103444	0.450000
0.671007	0.476364	0.626360	0.375990	-0.733091	-0.483755	-0.239529	-0.130454	-0.123444	0.450000
0.671997	0.477348	0.626336	0.376324	-0.738134	-0.487799	-0.246889	-0.134254	-0.137351	0.450000
0.672463	0.479208	0.625541	0.377601	-0.747791	-0.496452	-0.260735	-0.142122	-0.153252	0.450000
0.675315	0.481957	0.627314	0.376784	-0.775749	-0.515050	-0.276101	-0.148051	-0.173252	0.450000
0.682129	0.487050	0.634908	0.371559	-0.847670	-0.558321	-0.291560	-0.146977	-0.193252	0.450000
0.681196	0.489996	0.632922	0.375035	-0.872868	-0.580075	-0.302839	-0.153420	-0.213252	0.450000
0.678680	0.493366	0.629141	0.380568	-0.901989	-0.607101	-0.313380	-0.160984	-0.233252	0.450000
0.673670	0.497660	0.622459	0.389384	-0.940620	-0.645129	-0.323208	-0.170501	-0.253252	0.450000
0.664594	0.502232	0.610436	0.402968	-0.977569	-0.689423	-0.331981	-0.184638	-0.273252	0.450000
0.655393	0.505269	0.598236	0.415628	-1.001554	-0.724636	-0.324449	-0.190042	-0.293252	0.450000
0.646187	0.506650	0.585828	0.426670	-0.993724	-0.737305	-0.328891	-0.204570	-0.313252	0.450000
0.638826	0.507550	0.576474	0.434956	-0.987501	-0.747070	-0.320141	-0.207765	-0.333252	0.450000
0.634345	0.508788	0.571279	0.439173	-0.983485	-0.753363	-0.344726	-0.229899	-0.333252	0.450000
0.619668	0.512017	0.555461	0.452930	-0.991800	-0.788827	-0.344152	-0.246103	-0.353252	0.450000
0.608861	0.513814	0.544946	0.461632	-0.981904	-0.802901	-0.345056	-0.259539	-0.373252	0.450000
0.600409	0.514955	0.537547	0.467797	-0.974217	-0.813438	-0.329762	-0.256985	-0.393252	0.450000
0.597361	0.515399	0.535060	0.469857	-0.971404	-0.817217	-0.325087	-0.256500	-0.400000	0.450000
0.595602	0.515932	0.533668	0.470957	-0.969589	-0.819643	-0.335513	-0.266900	-0.400000	0.450000
0.593388	0.516606	0.531954	0.472317	-0.967290	-0.822690	-0.348489	-0.280050	-0.400000	0.450000
0.622157	0.509014	0.557223	0.450504	-0.926947	-0.733660	-0.350885	-0.251520	-0.380000	0.450000
0.643718	0.501426	0.580484	0.428815	-0.876817	-0.655582	-0.339130	-0.221090	-0.360000	0.450000
0.657838	0.494194	0.597392	0.411315	-0.819291	-0.587661	-0.321987	-0.196531	-0.340000	0.450000
0.665115	0.487556	0.606877	0.400044	-0.756466	-0.528226	-0.302605	-0.178748	-0.320000	0.450000
0.668921	0.483364	0.612446	0.393313	-0.725524	-0.498092	-0.283388	-0.163845	-0.300000	0.450000
0.668722	0.480276	0.613540	0.391034	-0.692790	-0.472694	-0.271626	-0.157343	-0.280000	0.450000
0.666800	0.477586	0.612954	0.390612	-0.661245	-0.450334	-0.259425	-0.151775	-0.260000	0.450000
0.661412	0.474329	0.609324	0.393154	-0.611600	-0.418616	-0.242196	-0.145627	-0.240000	0.450000
0.656034	0.472247	0.605871	0.395956	-0.577844	-0.398178	-0.227837	-0.140222	-0.220000	0.450000
0.652810	0.471278	0.604263	0.397247	-0.567085	-0.392178	-0.218802	-0.136137	-0.200000	0.450000
0.648851	0.470316	0.602087	0.399135	-0.554235	-0.385325	-0.208942	-0.131792	-0.180000	0.450000
0.643989	0.469359	0.599230	0.401731	-0.538456	-0.377124	-0.197971	-0.127005	-0.160000	0.450000
0.640378	0.468763	0.597391	0.403406	-0.532426	-0.374815	-0.189488	-0.122884	-0.140000	0.450000
0.639088	0.469591	0.596037	0.404778	-0.531730	-0.376110	-0.195087	-0.127394	-0.140000	0.450000
0.642476	0.469045	0.599615	0.401220	-0.552553	-0.386804	-0.191443	-0.122686	-0.129227	0.450000
0.641427	0.468872	0.599179	0.401608	-0.552376	-0.387167	-0.188798	-0.121311	-0.121546	0.450000
0.640018	0.468648	0.598585	0.402142	-0.552133	-0.387665	-0.185286	-0.119479	-0.111462	0.450000
0.638406	0.468409	0.597887	0.402776	-0.551841	-0.388255	-0.181371	-0.117436	-0.100274	0.450000
0.637593	0.468291	0.597534	0.403100	-0.551692	-0.388555	-0.179396	-0.116396	-0.094726	0.450000
0.636644	0.468156	0.597116	0.403485	-0.551514	-0.388911	-0.177109	-0.115190	-0.088339	0.450000
0.636388	0.468116	0.597006	0.403586	-0.551467	-0.389004	-0.176457	-0.114839	-0.086598	0.450000
0.635957	0.468398	0.596550	0.404048	-0.551220	-0.389461	-0.178388	-0.116368	-0.086598	0.450000
0.634039	0.470770	0.594134	0.406544	-0.556992	-0.397286	-0.195742	-0.129230	-0.086598	0.450000
0.648738	0.469827	0.607449	0.393453	-0.616724	-0.423412	-0.194326	-0.119337	-0.086598	0.450000
0.648396	0.470031	0.607076	0.393833	-0.616516	-0.423808	-0.195877	-0.120535	-0.086598	0.450000
0.649647	0.470080	0.608234	0.392703	-0.622229	-0.426423	-0.196380	-0.120049	-0.086598	0.450000
0.650168	0.470105	0.608717	0.392231	-0.624630	-0.427525	-0.196612	-0.119858	-0.086598	0.450000
0.650190	0.470092	0.608741	0.392207	-0.624644	-0.427499	-0.196512	-0.119782	-0.086598	0.450000
0.650271	0.470045	0.608830	0.392116	-0.624694	-0.427404	-0.196143	-0.119497	-0.086598	0.450000
0.650032	0.470185	0.608568	0.392383	-0.624547	-0.427684	-0.197230	-0.120334	-0.086598	0.450000
0.647498	0.472215	0.605651	0.395387	-0.626408	-0.433453	-0.212928	-0.131974	-0.086598	0.450000
0.660087	0.472314	0.617996	0.383335	-0.680300	-0.455776	-0.212005	-0.122237	-0.086598	0.450000
0.660231	0.472237	0.618159	0.383169	-0.680392	-0.455596	-0.211339	-0.121736	-0.086598	0.450000
0.659425	0.472670	0.617252	0.384096	-0.679878	-0.456597	-0.215048	-0.124535	-0.086598	0.450000
0.662212	0.473200	0.620050	0.381413	-0.694676	-0.463572	-0.217875	-0.123996	-0.086598	0.450000
0.664158	0.473620	0.621841	0.379725	-0.703799	-0.467816	-0.220337	-0.123965	-0.089235	0.450000
0.665581	0.473821	0.622890	0.378768	-0.707733	-0.469304	-0.221688	-0.123854	-0.094997	0.450000
0.665441	0.474465	0.622394	0.379353	-0.709697	-0.471624	-0.227174	-0.127254	-0.098342	0.450000
0.664608	0.476530	0.620371	0.381659	-0.714850	-0.478801	-0.244925	-0.138703	-0.109209	0.450000
0.674561	0.477613	0.629882	0.372848	-0.754123	-0.494476	-0.245207	-0.130300	-0.129209	0.450000
0.674097	0.478443	0.628297	0.374683	-0.753122	-0.496265	-0.252671	-0.135464	-0.142270	0.450000
0.675370	0.479391	0.628257	0.375188	-0.758211	-0.500361	-0.258373	-0.138188	-0.162270	0.450000
0.676263	0.480329	0.628020	0.375897	-0.763656	-0.504930	-0.263382	-0.140695	-0.180025	0.450000
0.677066	0.481398	0.628091	0.376305	-0.772624	-0.511615	-0.268497	-0.142971	-0.192778	0.450000
0.676958	0.482776	0.627100	0.377828	-0.781349	-0.519606	-0.276216	-0.147553	-0.205770	0.450000
0.677409	0.484183	0.626597	0.379082	-0.793524	-0.529394	-0.280875	-0.149843	-0.223232	0.450000
0.677082	0.485500	0.625394	0.380956	-0.803581	-0.538522	-0.285296	-0.152710	-0.237826	0.450000
0.673659	0.487819	0.620426	0.386511	-0.811193	-0.551101	-0.301267	-0.165501	-0.251420	0.450000
0.672093	0.493482	0.618166	0.391544	-0.878056	-0.603798	-0.311954	-0.170588	-0.271420	0.450000
0.662430	0.500182	0.605956	0.406036	-0.939301	-0.666541	-0.327155	-0.187565	-0.291420	0.450000
0.645135	0.507062	0.584584	0.427679	-0.993882	-0.739626	-0.337933	-0.211647	-0.311420	0.450000
0.630926	0.510260	0.567744	0.442635	-1.001904	-0.773882	-0.343178	-0.231674	-0.331420	0.450000
0.621477	0.511627	0.557325	0.451414	-0.993482	-0.786368	-0.339310	-0.240387	-0.351420	0.450000
0.611079	0.513294	0.546990	0.459988	-0.984032	-0.799910	-0.338048	-0.251568	-0.371420	0.450000
0.598954	0.515517	0.536356	0.468709	-0.972650	-0.815566	-0.344305	-0.270317	-0.391420	0.450000
0.595293	0.516025	0.533427	0.471148	-0.969270	-0.820068	-0.337331	-0.268728	-0.400000	0.450000
0.595893	0.515843	0.533896	0.470776	-0.969890	-0.819242	-0.333795	-0.265176	-0.400000	0.450000
0.596612	0.515626	0.534464	0.470327	-0.970632	-0.818251	-0.329540	-0.260924	-0.400000	0.450000
0.597049	0.515493	0.534811	0.470053	-0.971082	-0.817648	-0.326947	-0.258345	-0.400000	0.450000
0.598994	0.514908	0.536375	0.468821	-0.973077	-0.814963	-0.315327	-0.246899	-0.400000	0.450000
0.598560	0.515038	0.536024	0.469098	-0.972633	-0.815562	-0.317928	-0.249446	-0.400000	0.450000
0.597995	0.515208	0.535568	0.469457	-0.972054	-0.816343	-0.321311	-0.252770	-0.400000	0.450000
0.597032	0.515498	0.534798	0.470064	-0.971066	-0.817671	-0.327043	-0.258441	-0.400000	0.450000
0.599576	0.514733	0.536850	0.468448	-0.973671	-0.814157	-0.311822	-0.243482	-0.400000	0.450000
0.598616	0.515021	0.536069	0.469062	-0.972691	-0.815484	-0.317592	-0.249115	-0.400000	0.450000
0.596806	0.515567	0.534618	0.470206	-0.970833	-0.817983	-0.328387	-0.259776	-0.400000	0.450000
0.597257	0.515431	0.534976	0.469923	-0.971296	-0.817362	-0.325711	-0.257118	-0.400000	0.450000
0.595887	0.515845	0.533892	0.470780	-0.969884	-0.819250	-0.333830	-0.265211	-0.400000	0.450000
0.597018	0.515503	0.534786	0.470073	-0.971050	-0.817691	-0.327131	-0.258528	-0.400000	0.450000
0.594101	0.516388	0.532501	0.471882	-0.968033	-0.821709	-0.344327	-0.275807	-0.400000	0.450000
0.621074	0.509361	0.556142	0.451386	-0.925981	-0.735099	-0.356503	-0.256992	-0.380000	0.450000
0.642043	0.502006	0.578568	0.430469	-0.875504	-0.657736	-0.347188	-0.228571	-0.360000	0.450000
0.653652	0.495786	0.592402	0.415871	-0.816335	-0.592844	-0.340976	-0.213636	-0.340000	0.450000
0.660133	0.489654	0.600976	0.405675	-0.753253	-0.534129	-0.324294	-0.197753	-0.320000	0.450000
0.661760	0.483881	0.604525	0.400314	-0.687180	-0.480640	-0.301785	-0.183179	-0.300000	0.450000
0.659197	0.478584	0.604131	0.399125	-0.619048	-0.431018	-0.275033	-0.169169	-0.280000	0.450000
0.652171	0.474377	0.599884	0.402167	-0.549124	-0.384901	-0.248665	-0.157734	-0.260000	0.450000
0.641810	0.471150	0.593292	0.407924	-0.478357	-0.340466	-0.221026	-0.145907	-0.240000	0.450000
0.629304	0.468582	0.585661	0.415010	-0.407558	-0.296110	-0.189901	-0.130745	-0.220000	0.450000
0.614849	0.466897	0.577110	0.423227	-0.336995	-0.251273	-0.156887	-0.112841	-0.200000	0.450000
0.598230	0.466694	0.567275	0.432877	-0.266822	-0.205615	-0.125235	-0.094417	-0.180000	0.450000
0.591511	0.468984	0.562578	0.437553	-0.265279	-0.208114	-0.127489	-0.098185	-0.160000	0.450000
0.589097	0.469365	0.561330	0.438787	-0.275095	-0.216891	-0.123917	-0.095979	-0.140000	0.450000
0.586902	0.469662	0.560253	0.439851	-0.285495	-0.226070	-0.120305	-0.093640	-0.120000	0.450000
0.582545	0.470284	0.557742	0.442343	-0.286298	-0.228864	-0.114560	-0.090177	-0.100000	0.450000
0.580079	0.470647	0.556470	0.443604	-0.295492	-0.237409	-0.110972	-0.087851	-0.080000	0.450000
0.578588	0.470840	0.555859	0.444208	-0.308732	-0.248707	-0.108377	-0.086032	-0.060000	0.450000
0.576322	0.471123	0.554745	0.445314	-0.318304	-0.257563	-0.104745	-0.083561	-0.040000	0.450000
0.572603	0.471649	0.552639	0.447409	-0.321559	-0.262294	-0.099504	-0.080118	-0.020000	0.450000
0.575415	0.471319	0.554583	0.445472	-0.338648	-0.274354	-0.103583	-0.082696	-0.015521	0.450000
0.571416	0.471762	0.552336	0.447708	-0.339920	-0.277724	-0.097049	-0.078248	0.004479	0.450000
0.567379	0.472361	0.549985	0.450049	-0.341671	-0.281653	-0.091361	-0.074418	0.024479	0.450000
0.564135	0.472852	0.548159	0.451869	-0.346799	-0.287897	-0.086605	-0.071102	0.044479	0.450000
0.559974	0.473608	0.545516	0.454506	-0.341469	-0.286291	-0.081302	-0.067508	0.057280	0.450000
0.555815	0.474490	0.542638	0.457379	-0.325286	-0.275632	-0.076662	-0.064436	0.058379	0.450000
0.551607	0.475427	0.539747	0.460266	-0.308935	-0.264607	-0.071851	-0.061132	0.059594	0.450000
0.549145	0.475997	0.538064	0.461947	-0.299366	-0.258034	-0.068988	-0.059111	0.060339	0.450000
0.555136	0.474647	0.542193	0.457824	-0.324403	-0.275348	-0.075954	-0.063961	0.060339	0.450000
0.555594	0.474547	0.542510	0.457507	-0.326309	-0.276641	-0.076475	-0.064314	0.060339	0.450000
0.554693	0.474738	0.541889	0.458127	-0.322533	-0.274069	-0.075405	-0.063580	0.060339	0.450000
0.552459	0.475236	0.540344	0.459670	-0.313227	-0.267693	-0.072851	-0.061828	0.060339	0.450000
0.549139	0.476006	0.538056	0.461955	-0.299378	-0.258052	-0.069040	-0.059157	0.060339	0.450000
0.547715	0.476341	0.537082	0.462928	-0.293461	-0.253878	-0.067351	-0.057945	0.060399	0.450000
0.545732	0.476817	0.535736	0.464273	-0.285947	-0.248637	-0.064979	-0.056218	0.061243	0.450000
0.543083	0.477473	0.533937	0.466071	-0.275616	-0.241293	-0.061810	-0.053878	0.062079	0.450000
0.547377	0.476438	0.536862	0.463148	-0.293774	-0.254366	-0.067082	-0.057767	0.062079	0.450000
0.546317	0.476693	0.536137	0.463873	-0.289320	-0.251195	-0.065821	-0.056853	0.062079	0.450000
0.544973	0.477024	0.535216	0.464792	-0.283684	-0.247157	-0.064241	-0.055701	0.062079	0.450000
0.543443	0.477409	0.534169	0.465838	-0.277272	-0.242530	-0.062456	-0.054388	0.062079	0.450000
0.542695	0.477599	0.533658	0.466349	-0.274126	-0.240243	-0.061570	-0.053731	0.062079	0.450000
0.542316	0.477689	0.533403	0.466604	-0.272501	-0.239050	-0.061069	-0.053350	0.062079	0.450000
0.541920	0.477781	0.533137	0.466869	-0.270787	-0.237785	-0.060526	-0.052933	0.062079	0.450000
0.541762	0.477816	0.533032	0.466974	-0.270089	-0.237268	-0.060290	-0.052750	0.062079	0.450000
0.541811	0.477794	0.533076	0.466931	-0.270729	-0.237791	-0.060268	-0.052721	0.062570	0.450000
0.546055	0.476770	0.535956	0.464053	-0.288768	-0.250889	-0.065615	-0.056717	0.062570	0.450000
0.545484	0.476902	0.535569	0.464440	-0.286334	-0.249137	-0.064883	-0.056175	0.062570	0.450000
0.544343	0.477177	0.534792	0.465216	-0.281505	-0.245654	-0.063474	-0.055132	0.062570	0.450000
0.543106	0.477486	0.533948	0.466059	-0.276295	-0.241879	-0.061991	-0.054033	0.062570	0.450000
0.541735	0.477835	0.533013	0.466994	-0.270521	-0.237667	-0.060354	-0.052810	0.062570	0.450000
0.540150	0.478251	0.531930	0.468076	-0.263864	-0.232775	-0.058497	-0.051414	0.062570	0.450000
0.538729	0.478629	0.530961	0.469044	-0.257882	-0.228341	-0.056816	-0.050137	0.062570	0.450000
0.538034	0.478815	0.530488	0.469517	-0.254949	-0.226152	-0.055985	-0.049500	0.062570	0.450000
0.537071	0.479084	0.529828	0.470176	-0.250923	-0.223143	-0.054896	-0.048669	0.062570	0.450000
0.536205	0.479324	0.529238	0.470766	-0.247279	-0.220401	-0.053880	-0.047884	0.062570	0.450000
0.537271	0.479089	0.529935	0.470070	-0.252080	-0.224083	-0.055615	-0.049284	0.062570	0.450000
0.534560	0.479835	0.528091	0.471912	-0.240602	-0.215398	-0.052343	-0.046737	0.062570	0.450000
0.532567	0.480402	0.526735	0.473268	-0.232171	-0.208939	-0.049963	-0.044860	0.062570	0.450000
0.529874	0.481182	0.524906	0.475097	-0.220716	-0.200040	-0.046681	-0.042228	0.062570	0.450000
0.527783	0.481803	0.523486	0.476516	-0.211798	-0.193018	-0.044116	-0.040139	0.062570	0.450000
0.525705	0.482433	0.522074	0.477928	-0.202915	-0.185941	-0.041559	-0.038030	0.062570	0.450000
0.523728	0.483045	0.520729	0.479272	-0.194439	-0.179110	-0.039109	-0.035983	0.062570	0.450000
0.521715	0.483677	0.519362	0.480639	-0.185771	-0.172044	-0.036576	-0.033840	0.062570	0.450000
0.519699	0.484322	0.517989	0.482012	-0.176653	-0.164481	-0.034018	-0.031649	0.062164	0.450000
0.518057	0.484865	0.516851	0.483149	-0.164666	-0.154004	-0.032004	-0.029912	0.057251	0.450000
0.516182	0.485527	0.515541	0.484459	-0.152247	-0.143123	-0.029953	-0.028143	0.052759	0.450000
0.514170	0.486218	0.514139	0.485861	-0.131969	-0.124745	-0.027491	-0.025977	0.041236	0.450000
0.513000	0.486620	0.513329	0.486671	-0.120426	-0.114196	-0.026010	-0.024657	0.034836	0.450000
0.513163	0.486569	0.513431	0.486569	-0.117332	-0.111217	-0.026263	-0.024887	0.031040	0.450000
0.513579	0.486428	0.513714	0.486287	-0.119155	-0.112819	-0.026810	-0.025376	0.031040	0.450000
0.513637	0.486409	0.513753	0.486248	-0.119411	-0.113044	-0.026889	-0.025447	0.031040	0.450000
0.513523	0.486441	0.513679	0.486322	-0.118878	-0.112572	-0.026690	-0.025267	0.031040	0.450000
0.513290	0.486520	0.513521	0.486480	-0.117855	-0.111673	-0.026381	-0.024989	0.031040	0.450000
0.512835	0.486671	0.513213	0.486787	-0.115840	-0.109898	-0.025755	-0.024427	0.031040	0.450000
0.511792	0.487027	0.512506	0.487494	-0.111254	-0.105843	-0.024365	-0.023174	0.031040	0.450000
0.508417	0.488226	0.510192	0.489808	-0.093143	-0.089431	-0.020045	-0.019244	0.027705	0.450000
0.505849	0.489147	0.508422	0.491578	-0.067591	-0.065355	-0.016626	-0.016075	0.013630	0.450000
0.503387	0.490048	0.506726	0.493274	-0.046607	-0.045370	-0.013286	-0.012933	0.003661	0.450000
0.501806	0.490637	0.505634	0.494366	-0.037202	-0.036373	-0.011120	-0.010872	0.001302	0.450000
0.500918	0.490971	0.505019	0.494981	-0.033028	-0.032372	-0.009894	-0.009698	0.001086	0.450000
0.500270	0.491218	0.504568	0.495432	-0.029888	-0.029347	-0.009011	-0.008848	0.000825	0.450000
0.499426	0.491541	0.503981	0.496019	-0.025837	-0.025429	-0.007852	-0.007728	0.000533	0.450000
0.498558	0.491877	0.503374	0.496626	-0.021667	-0.021376	-0.006658	-0.006569	0.000234	0.450000
0.498013	0.492089	0.502993	0.497007	-0.019070	-0.018843	-0.005906	-0.005836	0.000070	0.450000
0.496463	0.492697	0.501904	0.498096	-0.011757	-0.011667	-0.003755	-0.003726	-0.000310	0.450000
0.494979	0.493287	0.500856	0.499144	-0.005041	-0.005024	-0.001686	-0.001681	-0.000375	0.450000
0.491749	0.494599	0.498555	0.501445	0.008730	0.008679	0.002870	0.002854	0.000443	0.450000
0.490425	0.495149	0.497603	0.502397	0.014895	0.014753	0.004772	0.004727	0.000352	0.450000
0.489092	0.495711	0.496638	0.503362	0.021206	0.020923	0.006705	0.006616	0.000218	0.450000
0.487884	0.496226	0.495759	0.504241	0.026954	0.026501	0.008473	0.008331	0.000119	0.450000
0.486966	0.496623	0.495087	0.504913	0.031363	0.030753	0.009826	0.009635	0.000040	0.450000
0.486352	0.496890	0.494635	0.505365	0.034330	0.033602	0.010734	0.010506	-0.000017	0.450000
0.485793	0.497134	0.494224	0.505776	0.036991	0.036146	0.011569	0.011305	-0.000014	0.450000
0.484748	0.497596	0.493451	0.506549	0.042090	0.041003	0.013125	0.012786	-0.000115	0.450000
0.483388	0.498205	0.492437	0.507563	0.048781	0.047329	0.015172	0.014720	-0.000231	0.450000
0.482292	0.498704	0.491613	0.508387	0.055816	0.053977	0.016822	0.016267	-0.001907	0.450000
0.481441	0.499096	0.490969	0.509032	0.061785	0.059597	0.018116	0.017473	-0.003667	0.450000
0.479318	0.500077	0.489352	0.510648	0.076003	0.072842	0.021484	0.020588	-0.007191	0.450000
0.479221	0.500124	0.489277	0.510723	0.076684	0.073473	0.021633	0.020725	-0.007381	0.450000
0.479529	0.499979	0.489514	0.510487	0.075132	0.072053	0.021148	0.020279	-0.007381	0.450000
0.479681	0.499907	0.489631	0.510369	0.074371	0.071357	0.020916	0.020066	-0.007381	0.450000
0.479851	0.499827	0.489761	0.510239	0.073521	0.070578	0.020653	0.019824	-0.007381	0.450000
0.479362	0.500057	0.489386	0.510614	0.075974	0.072824	0.021413	0.020522	-0.007381	0.450000
0.478694	0.500374	0.488871	0.511129	0.080296	0.076810	0.022454	0.021476	-0.008324	0.450000
0.478232	0.500595	0.488513	0.511487	0.083477	0.079739	0.023172	0.022131	-0.009155	0.450000
0.478303	0.500562	0.488567	0.511433	0.083109	0.079406	0.023051	0.022020	-0.009156	0.450000
0.478509	0.500465	0.488726	0.511274	0.082060	0.078453	0.022721	0.021719	-0.009156	0.450000
0.476671	0.501339	0.487302	0.512698	0.093109	0.088516	0.025727	0.024452	-0.010723	0.450000
0.476855	0.501249	0.487446	0.512554	0.092166	0.087669	0.025437	0.024191	-0.010723	0.450000
0.477225	0.501070	0.487734	0.512266	0.090265	0.085959	0.024846	0.023656	-0.010723	0.450000
0.476994	0.501183	0.487554	0.512447	0.091443	0.087018	0.025203	0.023978	-0.010723	0.450000
0.475858	0.501740	0.486661	0.513339	0.098687	0.093581	0.026997	0.025593	-0.012101	0.450000
0.474609	0.502362	0.485670	0.514331	0.107081	0.101144	0.028977	0.027362	-0.013978	0.450000
0.473775	0.502783	0.485002	0.514999	0.112688	0.106161	0.030305	0.028539	-0.015197	0.450000
0.473323	0.503013	0.484638	0.515363	0.115727	0.108868	0.031026	0.029176	-0.015845	0.450000
0.473053	0.503152	0.484420	0.515581	0.117610	0.110545	0.031449	0.029548	-0.016305	0.450000
0.472873	0.503245	0.484273	0.515727	0.118875	0.111670	0.031731	0.029795	-0.016617	0.450000
0.470476	0.504476	0.482325	0.517676	0.133510	0.124463	0.035758	0.033315	-0.018285	0.450000
0.469077	0.505221	0.481162	0.518839	0.142643	0.132375	0.038066	0.035300	-0.019763	0.450000
0.467317	0.506177	0.479680	0.520321	0.154092	0.142178	0.040998	0.037795	-0.021453	0.450000
0.466097	0.506854	0.478636	0.521365	0.162197	0.149052	0.043031	0.039503	-0.022712	0.450000
0.465841	0.507000	0.478413	0.521588	0.164044	0.150619	0.043444	0.039846	-0.023119	0.450000
0.465865	0.506988	0.478433	0.521568	0.163973	0.150566	0.043394	0.039803	-0.023189	0.450000
0.466063	0.506880	0.478601	0.521400	0.162881	0.149661	0.043037	0.039502	-0.023230	0.450000
0.466155	0.506830	0.478680	0.521322	0.162387	0.149251	0.042869	0.039361	-0.023263	0.450000
0.466342	0.506728	0.478838	0.521163	0.161345	0.148386	0.042533	0.039077	-0.023290	0.450000
0.463104	0.508551	0.476031	0.523971	0.181122	0.164778	0.048207	0.043793	-0.024435	0.450000
0.462876	0.508688	0.475826	0.524177	0.182915	0.166279	0.048561	0.044078	-0.024927	0.450000
0.462535	0.508892	0.475518	0.524484	0.185419	0.168357	0.049117	0.044528	-0.025456	0.450000
0.462116	0.509141	0.475142	0.524861	0.188327	0.170750	0.049822	0.045099	-0.025920	0.450000
0.461613	0.509441	0.474688	0.525315	0.191779	0.173579	0.050672	0.045786	-0.026429	0.450000
0.461886	0.509282	0.474931	0.525072	0.190238	0.172344	0.050168	0.045374	-0.026514	0.450000
0.461838	0.509310	0.474888	0.525115	0.190535	0.172585	0.050267	0.045455	-0.026514	0.450000
0.461995	0.509217	0.475029	0.524974	0.189606	0.171836	0.049989	0.045230	-0.026514	0.450000
0.458056	0.511584	0.471441	0.528564	0.213841	0.191168	0.057109	0.050931	-0.027017	0.450000
0.457713	0.511805	0.471113	0.528892	0.216517	0.193322	0.057664	0.051358	-0.027629	0.450000
0.457116	0.512185	0.470546	0.529459	0.220663	0.196603	0.058708	0.052170	-0.028109	0.450000
0.457577	0.511899	0.470978	0.529027	0.217907	0.194464	0.057840	0.051488	-0.028223	0.450000
0.458864	0.511106	0.472173	0.527831	0.210004	0.188262	0.055476	0.049622	-0.028223	0.450000
0.459809	0.510533	0.473040	0.526964	0.204287	0.183742	0.053774	0.048267	-0.028223	0.450000
0.460632	0.510038	0.473788	0.526215	0.199358	0.179821	0.052311	0.047095	-0.028223	0.450000
0.461462	0.509547	0.474535	0.525468	0.194415	0.175863	0.050821	0.045891	-0.028223	0.450000
0.456392	0.512648	0.469855	0.530151	0.225632	0.200507	0.059987	0.053158	-0.028602	0.450000
0.455107	0.513491	0.468604	0.531402	0.234953	0.207814	0.062206	0.054848	-0.029931	0.450000
0.453347	0.514666	0.466863	0.533145	0.247450	0.217451	0.065326	0.057195	-0.031266	0.450000
0.451817	0.515714	0.465315	0.534694	0.258332	0.225715	0.068079	0.059235	-0.032247	0.450000
0.450117	0.516907	0.463559	0.536452	0.270427	0.234761	0.071185	0.061500	-0.033128	0.450000
0.448511	0.518069	0.461854	0.538159	0.282201	0.243461	0.074120	0.063597	-0.034109	0.450000
0.446887	0.519276	0.460088	0.539927	0.294208	0.252199	0.077127	0.065705	-0.034974	0.450000
0.443814	0.521208	0.456786	0.543238	0.320941	0.271921	0.089064	0.074863	-0.034974	0.450000
0.438551	0.525985	0.450291	0.549742	0.356237	0.294979	0.093946	0.076917	-0.034974	0.450000
0.436560	0.527773	0.447702	0.552338	0.372200	0.305473	0.097997	0.079393	-0.034974	0.450000
0.435109	0.529131	0.445740	0.554305	0.384132	0.313178	0.100918	0.081108	-0.034974	0.450000
0.433811	0.530383	0.443928	0.556122	0.395117	0.320182	0.103596	0.082648	-0.034974	0.450000
0.432774	0.531424	0.442423	0.557632	0.404400	0.326071	0.105674	0.083789	-0.035335	0.450000
0.431842	0.532377	0.441040	0.559020	0.412879	0.331395	0.107626	0.084856	-0.035579	0.450000
0.431248	0.532504	0.440115	0.559961	0.427694	0.342426	0.119563	0.093897	-0.035579	0.450000
0.425531	0.539465	0.430640	0.569461	0.474722	0.368639	0.122552	0.092589	-0.035579	0.450000
0.424881	0.540239	0.429397	0.570712	0.483167	0.373803	0.125682	0.094467	-0.035579	0.450000
0.423950	0.541487	0.427659	0.572456	0.491863	0.378487	0.126379	0.094316	-0.035579	0.450000
0.424271	0.541070	0.428283	0.571829	0.488185	0.376365	0.125461	0.093872	-0.035579	0.450000
0.425293	0.539771	0.430213	0.569890	0.476904	0.369838	0.122767	0.092589	-0.035579	0.450000
0.426337	0.538495	0.432103	0.567990	0.465782	0.363328	0.120092	0.091279	-0.035579	0.450000
0.426371	0.538165	0.431986	0.568122	0.473921	0.369736	0.129048	0.098024	-0.035579	0.450000
0.422095	0.544020	0.423898	0.576236	0.513210	0.390498	0.131050	0.096295	-0.035579	0.450000
0.422025	0.544095	0.423689	0.576449	0.515581	0.392100	0.132760	0.097464	-0.035579	0.450000
0.421298	0.545163	0.422154	0.577990	0.523464	0.396282	0.133723	0.097552	-0.035579	0.450000
0.421032	0.545556	0.421564	0.578584	0.526794	0.398119	0.134466	0.097855	-0.035579	0.450000
0.420840	0.545854	0.421175	0.578973	0.528279	0.398765	0.134083	0.097421	-0.035579	0.450000
0.420919	0.545725	0.421314	0.578835	0.528142	0.398846	0.134707	0.097929	-0.035579	0.450000
0.421855	0.544191	0.422830	0.577337	0.529121	0.401687	0.144497	0.105678	-0.035579	0.450000
0.417557	0.551249	0.412849	0.587356	0.575799	0.424628	0.145953	0.102433	-0.035579	0.450000
0.417633	0.551121	0.412990	0.587216	0.575652	0.424712	0.146588	0.102937	-0.035579	0.450000
0.417465	0.551420	0.412567	0.587641	0.577539	0.425592	0.146548	0.102730	-0.035579	0.450000
0.417439	0.551464	0.412518	0.587689	0.577589	0.425564	0.146332	0.102558	-0.035579	0.450000
0.417615	0.551137	0.413058	0.587144	0.574225	0.423690	0.145151	0.101962	-0.035579	0.450000
0.417719	0.550949	0.413360	0.586839	0.572428	0.422707	0.144604	0.101705	-0.035579	0.450000
0.418700	0.549299	0.415190	0.585026	0.570538	0.423799	0.152777	0.108246	-0.035579	0.450000
0.415935	0.554425	0.407826	0.592420	0.604026	0.439538	0.153257	0.105321	-0.035579	0.450000
0.416004	0.554306	0.407961	0.592287	0.603882	0.439619	0.153862	0.105794	-0.035579	0.450000
0.415888	0.554537	0.407623	0.592625	0.605412	0.440328	0.153892	0.105667	-0.035579	0.450000
0.416252	0.553761	0.408902	0.591333	0.597813	0.436234	0.151429	0.104537	-0.035579	0.450000
0.416891	0.552490	0.410932	0.589286	0.586228	0.430077	0.148230	0.103203	-0.035579	0.450000
0.418345	0.549846	0.415093	0.585093	0.562451	0.417309	0.141929	0.100549	-0.035579	0.450000
0.418424	0.549715	0.415237	0.584950	0.562303	0.417395	0.142579	0.101068	-0.035579	0.409000
0.420618	0.546190	0.420692	0.579458	0.530715	0.400034	0.134338	0.097411	-0.035579	0.368100
0.424032	0.541510	0.427673	0.572437	0.492739	0.379175	0.124545	0.092958	-0.038795	0.288100
0.428440	0.536419	0.435131	0.564942	0.455559	0.358825	0.112713	0.086751	-0.048311	0.208100
0.434112	0.530755	0.443421	0.556622	0.415238	0.336063	0.098603	0.078512	-0.060863	0.128100
0.437253	0.527875	0.447643	0.552389	0.393365	0.322933	0.091625	0.074222	-0.065360	0.048101
0.443601	0.522765	0.455192	0.544825	0.360752	0.304078	0.077403	0.064654	-0.082301	0.010125
0.449983	0.518212	0.462008	0.538000	0.335694	0.290016	0.064145	0.055077	-0.102301	0.007595
0.457724	0.513167	0.469680	0.530324	0.306269	0.272227	0.049708	0.044021	-0.122301	0.005696
0.467245	0.507532	0.478395	0.521606	0.271550	0.249492	0.034035	0.031215	-0.142301	0.004271
0.470487	0.505876	0.481065	0.518935	0.273939	0.254313	0.028773	0.026673	-0.162301	0.003204
0.480763	0.500959	0.489389	0.510611	0.239267	0.229440	0.010177	0.009754	-0.182301	0.002403
0.499674	0.488807	0.505576	0.494424	0.176409	0.172533	0.016337	0.015976	-0.182301	0.001802
0.494791	0.424454	0.495144	0.424872	0.122665	0.104965	0.081574	0.069848	-0.202301	0.001351
0.439580	0.330704	0.432936	0.327207	0.061247	0.045514	0.152895	0.114014	-0.222301	0.001014
0.391702	0.274665	0.386035	0.271218	-0.006331	-0.004334	0.156540	0.107147	-0.242301	0.000760
0.299124	0.205306	0.294900	0.202323	-0.037397	-0.024938	0.157668	0.104805	-0.242301	0.000570
0.209588	0.135351	0.205803	0.131402	-0.108719	-0.066941	0.160915	0.097379	-0.262301	0.000428
0.108513	0.070329	0.108862	0.068214	-0.179300	-0.110701	0.090391	0.053444	-0.282301	0.000321
0.003994	0.002579	0.010416	0.006650	-0.108719	-0.066941	0.160915	0.097379	-0.262301	0.000241
-0.096912	-0.062710	-0.086517	-0.056552	-0.038032	-0.023508	0.230599	0.143456	-0.242301	0.000180
-0.156692	-0.102136	-0.152663	-0.102456	0.032493	0.020281	0.299307	0.191842	-0.222301	0.000135
-0.114104	-0.075286	-0.115903	-0.079989	0.102628	0.065009	0.366968	0.242502	-0.202301	0.000101
-0.042635	-0.028131	-0.042833	-0.029560	0.102628	0.065009	0.366968	0.242502	-0.202301	0.000076
0.017226	0.011229	0.016982	0.011397	0.032493	0.020281	0.299307	0.191842	-0.222301	0.000057
0.073040	0.047263	0.070109	0.045827	-0.038032	-0.023508	0.230599	0.143456	-0.242301	0.000043
