-9.825700	0.000000	0.000000	0.000000
-9.820357	-0.001124	-0.004947	0.000000
-9.821161	-0.000660	-0.002187	0.004000
-9.821744	-0.000484	-0.001631	0.016000
-9.823099	-0.000489	-0.001793	0.036000
-9.823999	0.000436	-0.000785	0.064000
-9.823998	0.000700	-0.000238	0.100000
-9.823275	0.000891	0.000995	0.144000
-9.820859	0.000015	0.000963	0.189000
-9.815857	-0.000753	0.000910	0.234000
-9.801432	-0.000234	0.002064	0.279000
-9.772267	0.003200	0.005487	0.324000
-9.733870	0.007957	0.008869	0.369000
-9.692586	0.013178	0.012552	0.414000
-9.645731	0.020262	0.018723	0.459000
-9.598513	0.027997	0.025435	0.504000
-9.557759	0.035681	0.031488	0.549000
-9.520249	0.043101	0.036822	0.594000
-9.484534	0.050129	0.041161	0.639000
-9.451015	0.056338	0.043880	0.684000
-9.406500	0.062569	0.044087	0.729000
-9.360313	0.066388	0.040723	0.774000
-9.308051	0.066688	0.033842	0.819000
-9.256160	0.062756	0.022381	0.864000
-9.207866	0.056715	0.010014	0.909000
-9.156778	0.050561	-0.002395	0.954000
-9.115767	0.045874	-0.011540	0.999000
-9.070643	0.042772	-0.019253	1.044000
-9.028223	0.041866	-0.025331	1.089000
-8.987711	0.041381	-0.028818	1.134000
-8.947027	0.042048	-0.030192	1.179000
-8.907904	0.041554	-0.032895	1.224000
-8.863276	0.040002	-0.037893	1.269000
-8.823017	0.038811	-0.042187	1.314000
-8.776624	0.038458	-0.045668	1.359000
-8.730316	0.036976	-0.049515	1.404000
-8.675144	0.034443	-0.054650	1.449000
-8.622748	0.031084	-0.060928	1.494000
-8.574932	0.027270	-0.067300	1.539000
-8.521685	0.022827	-0.073734	1.584000
-8.474851	0.019320	-0.078356	1.629000
-8.430312	0.018650	-0.081731	1.674000
-8.386100	0.021220	-0.083186	1.719000
-8.342399	0.025811	-0.081086	1.764000
-8.296926	0.032151	-0.076375	1.809000
-8.247273	0.040429	-0.068698	1.854000
-8.202044	0.048146	-0.062624	1.899000
-8.157595	0.055911	-0.059604	1.944000
-8.119140	0.063421	-0.057178	1.989000
-8.081403	0.072477	-0.052780	2.034000
-8.038695	0.085015	-0.044943	2.079000
-7.997150	0.099206	-0.035203	2.124000
-7.957711	0.113292	-0.025699	2.169000
-7.917345	0.127151	-0.017368	2.214000
-7.878464	0.142002	-0.007595	2.259000
-7.840452	0.157092	0.001171	2.304000
-7.805123	0.172129	0.008516	2.349000
-7.773595	0.188043	0.018385	2.394000
-7.744674	0.204620	0.029993	2.439000
-7.712033	0.225410	0.045381	2.484000
-7.674840	0.251646	0.065014	2.529000
-7.635792	0.280761	0.086379	2.574000
-7.601238	0.308620	0.109128	2.619000
-7.561701	0.342177	0.136887	2.664000
-7.531650	0.369758	0.159555	2.709000
-7.505269	0.397341	0.182035	2.754000
-7.482982	0.422137	0.203363	2.799000
-7.460733	0.447482	0.224463	2.844000
-7.437701	0.474649	0.246858	2.889000
-7.417226	0.500470	0.268258	2.934000
-7.395184	0.529309	0.291599	2.979000
-7.371886	0.560737	0.316916	3.024000
-7.350188	0.590360	0.338675	3.069000
-7.328508	0.620977	0.360111	3.114000
-7.306484	0.651353	0.379670	3.159000
-7.291674	0.673155	0.393175	3.204000
-7.270487	0.706690	0.414502	3.249000
-7.252644	0.737724	0.433945	3.294000
-7.234001	0.771413	0.455465	3.339000
-7.216271	0.808909	0.481530	3.384000
-7.200768	0.844999	0.506867	3.429000
-7.185968	0.880539	0.531227	3.474000
-7.171811	0.914325	0.552610	3.519000
-7.157138	0.948603	0.573211	3.564000
-7.140405	0.987050	0.593937	3.609000
-7.125319	1.022580	0.612035	3.654000
-7.113243	1.052747	0.627919	3.699000
-7.100971	1.085439	0.644915	3.744000
-7.088776	1.118997	0.662277	3.789000
-7.075876	1.158074	0.682892	3.834000
-7.064825	1.193046	0.700950	3.879000
-7.054009	1.227698	0.718440	3.924000
-7.043277	1.263436	0.736030	3.969000
-7.034056	1.297244	0.753660	4.014000
-7.025947	1.329902	0.771163	4.059000
-7.016728	1.368502	0.791566	4.104000
-7.009678	1.402768	0.810036	4.149000
-7.002624	1.439915	0.829466	4.194000
-6.996250	1.476502	0.847899	4.239000
-6.989740	1.512592	0.865030	4.284000
-6.984944	1.546073	0.881466	4.329000
-6.980902	1.583334	0.900772	4.374000
-6.977719	1.618179	0.919392	4.419000
-6.975440	1.654250	0.939328	4.464000
-6.973254	1.691375	0.959104	4.509000
-6.971435	1.730871	0.980030	4.554000
-6.969526	1.770553	1.000014	4.599000
-6.968421	1.811810	1.020407	4.644000
-6.969063	1.857846	1.044821	4.689000
-6.971164	1.898682	1.067200	4.734000
-6.973356	1.936487	1.087357	4.779000
-6.976511	1.975435	1.108692	4.824000
-6.980769	2.018800	1.131854	4.869000
-6.984998	2.062438	1.154461	4.914000
-6.988813	2.098344	1.172762	4.959000
-6.993352	2.145308	1.196001	5.004000
-6.998311	2.188597	1.217269	5.049000
-7.001987	2.221831	1.232719	5.094000
-7.006380	2.259080	1.250078	5.139000
-7.011279	2.299462	1.268295	5.184000
-7.016241	2.338131	1.284893	5.229000
-7.021970	2.380724	1.302768	5.274000
-7.028465	2.427287	1.321688	5.319000
-7.036090	2.476996	1.340935	5.364000
-7.042795	2.517381	1.356335	5.409000
-7.050486	2.561508	1.373173	5.454000
-7.057930	2.604848	1.388533	5.499000
-7.065146	2.644430	1.402420	5.544000
-7.072401	2.683251	1.415874	5.589000
-7.080875	2.726327	1.430169	5.634000
-7.090713	2.769957	1.445685	5.679000
-7.100549	2.810701	1.460288	5.724000
-7.112246	2.853861	1.476689	5.769000
-7.123387	2.893575	1.491539	5.814000
-7.136187	2.936105	1.507365	5.859000
-7.150510	2.978692	1.524291	5.904000
-7.165088	3.019547	1.540827	5.949000
-7.179325	3.057583	1.556527	5.994000
-7.193888	3.095741	1.572433	6.039000
-7.208850	3.132978	1.588175	6.084000
-7.224757	3.168673	1.604949	6.129000
-7.242747	3.205907	1.623334	6.174000
-7.261979	3.243868	1.642505	6.219000
-7.282329	3.280457	1.662560	6.264000
-7.304509	3.318672	1.683617	6.309000
-7.324807	3.353031	1.701767	6.354000
-7.347533	3.388267	1.722066	6.399000
-7.370966	3.425810	1.741578	6.444000
-7.393713	3.462815	1.759611	6.489000
-7.415309	3.500157	1.775366	6.534000
-7.438935	3.542724	1.791095	6.579000
-7.459713	3.581877	1.803801	6.624000
-7.477267	3.614962	1.814158	6.669000
-7.496440	3.651974	1.824640	6.714000
-7.513550	3.686240	1.833163	6.759000
-7.532440	3.724288	1.842063	6.804000
-7.552464	3.763305	1.851424	6.849000
-7.571428	3.799490	1.860149	6.894000
-7.589833	3.833920	1.868198	6.939000
-7.607662	3.867940	1.875324	6.984000
-7.625172	3.900896	1.882432	7.029000
-7.642980	3.934978	1.889277	7.074000
-7.660677	3.969897	1.895305	7.119000
-7.679181	4.007559	1.900663	7.164000
-7.697931	4.047120	1.905352	7.209000
-7.715045	4.083920	1.909251	7.254000
-7.732696	4.122014	1.913052	7.299000
-7.748969	4.156832	1.916426	7.344000
-7.765566	4.190712	1.920454	7.389000
-7.784056	4.227279	1.925468	7.434000
-7.801892	4.261323	1.930740	7.479000
-7.819608	4.294666	1.935973	7.524000
-7.837170	4.328436	1.940761	7.569000
-7.854264	4.362742	1.944479	7.614000
-7.872701	4.402188	1.947068	7.659000
-7.888547	4.438335	1.948186	7.704000
-7.903753	4.473899	1.948750	7.749000
-7.917996	4.508324	1.948726	7.794000
-7.932441	4.544169	1.948424	7.839000
-7.945992	4.577737	1.948210	7.884000
-7.961574	4.616428	1.947865	7.929000
-7.973508	4.645985	1.947831	7.974000
-7.985011	4.674069	1.947954	8.019000
-7.996247	4.700496	1.948638	8.064000
-8.010869	4.735433	1.949394	8.109000
-8.022171	4.762879	1.949946	8.154000
-8.034908	4.794160	1.950537	8.199000
-8.046860	4.824226	1.950786	8.244000
-8.057573	4.851673	1.950886	8.289000
-8.071716	4.888225	1.951108	8.334000
-8.086092	4.926466	1.950992	8.379000
-8.101718	4.970181	1.949983	8.424000
-8.113536	5.007302	1.947318	8.469000
-8.126121	5.048073	1.943989	8.514000
-8.137841	5.087125	1.940585	8.559000
-8.151018	5.132089	1.936639	8.604000
-8.162724	5.171838	1.933514	8.649000
-8.175857	5.216549	1.930265	8.694000
-8.189370	5.263845	1.926856	8.739000
-8.202455	5.311581	1.922869	8.784000
-8.213098	5.353046	1.918878	8.829000
-8.223015	5.394570	1.914195	8.874000
-8.233356	5.438540	1.909217	8.919000
-8.243792	5.480433	1.905569	8.964000
-8.255818	5.526242	1.902837	9.009000
-8.267336	5.567411	1.901388	9.054000
-8.278704	5.608899	1.899932	9.099000
-8.289735	5.650155	1.898248	9.144000
-8.300529	5.694843	1.895174	9.189000
-8.310876	5.741454	1.891229	9.234000
-8.319927	5.783801	1.887522	9.279000
-8.328967	5.827719	1.883370	9.324000
-8.338049	5.871967	1.879622	9.369000
-8.346835	5.915786	1.876151	9.414000
-8.354577	5.961528	1.870903	9.459000
-8.361092	6.001422	1.866295	9.504000
-8.368037	6.045371	1.861395	9.549000
-8.374610	6.088194	1.856484	9.594000
-8.381344	6.130251	1.852267	9.639000
-8.388315	6.174566	1.848099	9.684000
-8.394052	6.215661	1.843503	9.729000
-8.398854	6.258169	1.837936	9.774000
-8.402868	6.302011	1.831189	9.819000
-8.406774	6.348298	1.824197	9.864000
-8.410926	6.397509	1.817376	9.909000
-8.414929	6.444613	1.811397	9.954000
-8.417777	6.490602	1.804439	9.999000
-8.420204	6.535349	1.797574	10.044000
-8.422661	6.581789	1.790748	10.089000
-8.424715	6.629237	1.783779	10.134000
-8.425629	6.676158	1.775809	10.179000
-8.426663	6.722343	1.768564	10.224000
-8.427526	6.768775	1.761783	10.269000
-8.428133	6.814007	1.755368	10.314000
-8.426913	6.859899	1.746991	10.359000
-8.424922	6.906607	1.737859	10.404000
-8.422574	6.956381	1.728855	10.449000
-8.419966	7.005508	1.720021	10.494000
-8.416788	7.053536	1.710796	10.539000
-8.414174	7.094958	1.703678	10.584000
-8.411003	7.140366	1.695683	10.629000
-8.406807	7.187287	1.686433	10.674000
-8.402676	7.234652	1.678320	10.719000
-8.398951	7.279619	1.671008	10.764000
-8.394117	7.324006	1.663049	10.809000
-8.388190	7.369138	1.654422	10.854000
-8.382704	7.410759	1.646702	10.899000
-8.376115	7.458335	1.638070	10.944000
-8.369158	7.504651	1.629447	10.989000
-8.362504	7.548647	1.621751	11.034000
-8.355466	7.593091	1.614122	11.079000
-8.347143	7.637814	1.605369	11.124000
-8.337055	7.690359	1.594992	11.169000
-8.329229	7.730444	1.587413	11.214000
-8.318651	7.778751	1.577454	11.259000
-8.308943	7.824291	1.568949	11.304000
-8.297216	7.873703	1.559327	11.349000
-8.284727	7.921731	1.549300	11.394000
-8.271849	7.969194	1.539479	11.439000
-8.257866	8.017610	1.528940	11.484000
-8.244058	8.063625	1.519052	11.529000
-8.229907	8.107605	1.508807	11.574000
-8.213820	8.155920	1.497102	11.619000
-8.197640	8.201823	1.485994	11.664000
-8.182259	8.244494	1.475544	11.709000
-8.165790	8.287806	1.464931	11.754000
-8.144962	8.338296	1.451245	11.799000
-8.125500	8.381572	1.438140	11.844000
-8.106255	8.422526	1.425195	11.889000
-8.087924	8.461458	1.413770	11.934000
-8.066357	8.506592	1.401216	11.979000
-8.049219	8.541742	1.391794	12.024000
-8.026084	8.586655	1.379349	12.069000
-8.005936	8.624633	1.368477	12.114000
-7.986097	8.661984	1.358751	12.159000
-7.960616	8.706122	1.345490	12.204000
-7.935214	8.747726	1.332408	12.249000
-7.912022	8.785736	1.320983	12.294000
-7.885151	8.827994	1.307334	12.339000
-7.860344	8.866607	1.295697	12.384000
-7.835306	8.904885	1.284202	12.429000
-7.811936	8.940435	1.273667	12.474000
-7.785822	8.980331	1.263426	12.519000
-7.759564	9.018325	1.252998	12.564000
-7.732315	9.056990	1.242556	12.609000
-7.704949	9.094531	1.231500	12.654000
-7.679810	9.128986	1.222375	12.699000
-7.651605	9.167519	1.212869	12.744000
-7.621319	9.208752	1.203592	12.789000
-7.592685	9.247789	1.195783	12.834000
-7.562618	9.286882	1.187687	12.879000
-7.536852	9.320969	1.181893	12.924000
-7.511473	9.352900	1.175434	12.969000
-7.482963	9.388198	1.168474	13.014000
-7.452080	9.426537	1.162027	13.059000
-7.429035	9.452825	1.155895	13.104000
-7.401790	9.484548	1.149842	13.149000
-7.377801	9.512386	1.145090	13.194000
-7.350040	9.545357	1.140444	13.239000
-7.321843	9.575527	1.134387	13.284000
-7.294095	9.603928	1.128219	13.329000
-7.265106	9.633680	1.122214	13.374000
-7.234916	9.662474	1.115270	13.419000
-7.195739	9.696085	1.105479	13.464000
-7.158225	9.721153	1.090828	13.509000
-7.115434	9.745211	1.071484	13.554000
-7.075126	9.764903	1.052145	13.599000
-7.038057	9.782433	1.034557	13.644000
-7.003404	9.797430	1.018193	13.689000
-6.959137	9.814833	0.996201	13.734000
-6.921943	9.826717	0.978220	13.779000
-6.885778	9.835849	0.959130	13.824000
-6.848460	9.841379	0.937180	13.869000
-6.808807	9.844858	0.912482	13.914000
-6.770480	9.845973	0.887617	13.959000
-6.737014	9.848114	0.868330	14.004000
-6.704804	9.848773	0.849313	14.049000
-6.671069	9.847655	0.828319	14.094000
-6.639970	9.846459	0.809081	14.139000
-6.600796	9.845776	0.786509	14.184000
-6.557467	9.845536	0.762688	14.229000
-6.505450	9.843780	0.732747	14.274000
-6.460704	9.840621	0.706046	14.319000
-6.420751	9.837986	0.683533	14.364000
-6.379199	9.833977	0.659098	14.409000
-6.332778	9.830446	0.633305	14.454000
-6.287573	9.828171	0.610487	14.499000
-6.248395	9.826950	0.591962	14.544000
-6.204960	9.827179	0.573882	14.589000
-6.164570	9.827439	0.557810	14.634000
-6.119959	9.828036	0.540631	14.679000
-6.078563	9.827131	0.523520	14.724000
-6.035651	9.824748	0.504733	14.769000
-5.991348	9.821575	0.484993	14.814000
-5.946657	9.819347	0.466991	14.859000
-5.907367	9.818596	0.453197	14.904000
-5.868055	9.818026	0.440073	14.949000
-5.824246	9.817623	0.425464	14.994000
-5.782433	9.815481	0.410965	15.039000
-5.740572	9.812462	0.395801	15.084000
-5.692697	9.806573	0.376050	15.129000
-5.649483	9.800398	0.357199	15.174000
-5.607477	9.793938	0.339545	15.219000
-5.564340	9.787512	0.322170	15.264000
-5.525696	9.781295	0.306536	15.309000
-5.478955	9.773386	0.288366	15.354000
-5.441214	9.766090	0.273192	15.399000
-5.406516	9.757930	0.258802	15.444000
-5.366646	9.747976	0.241580	15.489000
-5.327564	9.737170	0.223910	15.534000
-5.284057	9.724516	0.204894	15.579000
-5.246719	9.713791	0.190587	15.624000
-5.203504	9.700764	0.174113	15.669000
-5.169576	9.689659	0.160814	15.714000
-5.131188	9.675912	0.145503	15.759000
-5.094868	9.661950	0.130161	15.804000
-5.057911	9.646809	0.114524	15.849000
-5.020381	9.630883	0.099073	15.894000
-4.988120	9.616591	0.086150	15.939000
-4.952911	9.600495	0.072058	15.984000
-4.913770	9.581783	0.057504	16.029000
-4.878585	9.564536	0.044769	16.074000
-4.840644	9.544022	0.029552	16.119000
-4.806982	9.524514	0.015583	16.164000
-4.772785	9.502664	0.000176	16.209000
-4.737309	9.479703	-0.014888	16.254000
-4.705959	9.456048	-0.030687	16.299000
-4.675637	9.429909	-0.048458	16.344000
-4.642664	9.401156	-0.067853	16.389000
-4.603019	9.367461	-0.088810	16.434000
-4.564766	9.335771	-0.106644	16.479000
-4.525376	9.302910	-0.123578	16.524000
-4.486803	9.268178	-0.142093	16.569000
-4.453432	9.232726	-0.163482	16.614000
-4.421612	9.195777	-0.186061	16.659000
-4.390691	9.157608	-0.209544	16.704000
-4.367175	9.120353	-0.235341	16.749000
-4.348195	9.083878	-0.262081	16.794000
-4.333787	9.051567	-0.285958	16.839000
-4.322812	9.016325	-0.314165	16.884000
-4.315360	8.984668	-0.340195	16.929000
-4.306391	8.947055	-0.369878	16.974000
-4.298167	8.906968	-0.400775	17.019000
-4.289857	8.858268	-0.437343	17.064000
-4.283115	8.811440	-0.471822	17.109000
-4.277499	8.777851	-0.494211	17.154000
-4.266471	8.710883	-0.537102	17.199000
-4.260051	8.672690	-0.559342	17.244000
-4.254337	8.632956	-0.583893	17.289000
-4.249939	8.594939	-0.607751	17.334000
-4.246645	8.549354	-0.637712	17.379000
-4.244807	8.499949	-0.671398	17.424000
-4.241042	8.448991	-0.703058	17.469000
-4.235947	8.394104	-0.735178	17.514000
-4.229321	8.340817	-0.763362	17.559000
-4.222276	8.305255	-0.778808	17.604000
-4.209553	8.262680	-0.793354	17.649000
-4.197297	8.220288	-0.807688	17.694000
-4.185600	8.174456	-0.823781	17.739000
-4.175164	8.134762	-0.838141	17.784000
-4.163380	8.094049	-0.851330	17.829000
-4.150950	8.048886	-0.866345	17.874000
-4.138352	8.001755	-0.884337	17.919000
-4.125880	7.953003	-0.903062	17.964000
-4.113090	7.903045	-0.922564	18.009000
-4.099448	7.852062	-0.941137	18.054000
-4.088236	7.806316	-0.958189	18.099000
-4.077083	7.759433	-0.976131	18.144000
-4.066063	7.713049	-0.993326	18.189000
-4.054458	7.664336	-1.010479	18.234000
-4.043652	7.619288	-1.025395	18.279000
-4.031450	7.573206	-1.038947	18.324000
-4.022184	7.537242	-1.049399	18.369000
-4.010880	7.492995	-1.061775	18.414000
-4.000487	7.446656	-1.075304	18.459000
-3.990357	7.397782	-1.090168	18.504000
-3.980297	7.352453	-1.102271	18.549000
-3.970697	7.306088	-1.114889	18.594000
-3.961187	7.257560	-1.128285	18.639000
-3.952464	7.211205	-1.140818	18.684000
-3.944170	7.167246	-1.151877	18.729000
-3.936500	7.123570	-1.163004	18.774000
-3.929571	7.080650	-1.173948	18.819000
-3.922663	7.039096	-1.183512	18.864000
-3.914781	6.995010	-1.192716	18.909000
-3.906692	6.949360	-1.201854	18.954000
-3.899184	6.906312	-1.210583	18.999000
-3.891569	6.863056	-1.219015	19.044000
-3.884763	6.822909	-1.226489	19.089000
-3.877079	6.776843	-1.234834	19.134000
-3.869561	6.728432	-1.243856	19.179000
-3.863135	6.682896	-1.252459	19.224000
-3.857101	6.637675	-1.261015	19.269000
-3.851904	6.594820	-1.269575	19.314000
-3.846701	6.551758	-1.277744	19.359000
-3.841280	6.509912	-1.284744	19.404000
-3.837065	6.472319	-1.291655	19.449000
-3.832352	6.431913	-1.298394	19.494000
-3.827159	6.390763	-1.304390	19.539000
-3.822437	6.344151	-1.312546	19.584000
-3.818379	6.303658	-1.319214	19.629000
-3.814480	6.259348	-1.326794	19.674000
-3.810380	6.216497	-1.333435	19.719000
-3.806683	6.175003	-1.339794	19.764000
-3.803011	6.133747	-1.345947	19.809000
-3.799039	6.089827	-1.352154	19.854000
-3.794843	6.044310	-1.358427	19.899000
-3.790654	6.000556	-1.363925	19.944000
-3.786963	5.963415	-1.368299	19.989000
-3.783066	5.925232	-1.372203	20.034000
-3.777818	5.883241	-1.375007	20.079000
-3.771574	5.843719	-1.375834	20.124000
-3.764892	5.803095	-1.376381	20.169000
-3.758704	5.763551	-1.377491	20.214000
-3.751199	5.713550	-1.379001	20.259000
-3.745199	5.672862	-1.380501	20.304000
-3.738668	5.627519	-1.382540	20.349000
-3.732590	5.584493	-1.384451	20.394000
-3.726846	5.541501	-1.386695	20.439000
-3.721748	5.498506	-1.389700	20.484000
-3.716873	5.457133	-1.392547	20.529000
-3.711318	5.417628	-1.394079	20.574000
-3.704650	5.376089	-1.394576	20.619000
-3.698917	5.341695	-1.394579	20.664000
-3.693224	5.306807	-1.395071	20.709000
-3.687996	5.274158	-1.395542	20.754000
-3.681610	5.237721	-1.395403	20.799000
-3.675850	5.205072	-1.395195	20.844000
-3.669571	5.170426	-1.395121	20.889000
-3.663681	5.135726	-1.395502	20.934000
-3.657177	5.100013	-1.395423	20.979000
-3.650261	5.062103	-1.395426	21.024000
-3.643137	5.024301	-1.395337	21.069001
-3.635113	4.983935	-1.394801	21.114001
-3.626556	4.943110	-1.393793	21.159001
-3.618739	4.906650	-1.392790	21.204001
-3.609242	4.864275	-1.391257	21.249001
-3.599933	4.822931	-1.389863	21.294001
-3.589568	4.778387	-1.387981	21.339001
-3.579719	4.738225	-1.385805	21.384001
-3.569481	4.698681	-1.382976	21.429001
-3.558789	4.659273	-1.379670	21.474001
-3.547037	4.618460	-1.375808	21.519001
-3.536580	4.582147	-1.372255	21.564001
-3.525498	4.543787	-1.368788	21.609001
-3.513850	4.504475	-1.364935	21.654001
-3.502460	4.466795	-1.361266	21.699001
-3.490277	4.427570	-1.357341	21.744001
-3.476569	4.385789	-1.352536	21.789001
-3.462771	4.345131	-1.347691	21.834001
-3.450035	4.308245	-1.343086	21.879001
-3.437311	4.271388	-1.338508	21.924001
-3.423465	4.232029	-1.333712	21.969001
-3.408509	4.190761	-1.328684	22.014001
-3.394177	4.151185	-1.324127	22.059001
-3.379592	4.110649	-1.319854	22.104001
-3.364614	4.071100	-1.314891	22.149001
-3.349325	4.032876	-1.309400	22.194001
-3.333061	3.993229	-1.303779	22.239001
-3.316800	3.954534	-1.298169	22.284001
-3.298638	3.911649	-1.292257	22.329001
-3.283349	3.875799	-1.287321	22.374001
-3.268372	3.841076	-1.282482	22.419001
-3.251022	3.802745	-1.276735	22.464001
-3.231896	3.764182	-1.269258	22.509001
-3.212918	3.727531	-1.261407	22.554001
-3.192435	3.688536	-1.253407	22.599001
-3.172689	3.651523	-1.245851	22.644001
-3.151977	3.613020	-1.238222	22.689001
-3.131038	3.576448	-1.229673	22.734001
-3.108072	3.537482	-1.220479	22.779001
-3.085446	3.499562	-1.211732	22.824001
-3.063651	3.463903	-1.203468	22.869001
-3.041784	3.428466	-1.195628	22.914001
-3.017591	3.391326	-1.186335	22.959001
-2.997144	3.361190	-1.178180	23.004001
-2.974774	3.328263	-1.169693	23.049001
-2.952935	3.296132	-1.161982	23.094001
-2.926488	3.257781	-1.152618	23.139001
-2.902390	3.223695	-1.144263	23.184001
-2.875130	3.187749	-1.133798	23.229001
-2.843635	3.147721	-1.121722	23.274001
-2.815357	3.112956	-1.110896	23.319001
-2.788469	3.080595	-1.100607	23.364001
-2.758898	3.044430	-1.090398	23.409001
-2.734339	3.013933	-1.082944	23.454001
-2.703364	2.974067	-1.074768	23.499001
-2.674120	2.936343	-1.067922	23.544001
-2.645983	2.901424	-1.060928	23.589001
-2.618442	2.867269	-1.054448	23.634001
-2.588962	2.831060	-1.047760	23.679001
-2.559636	2.795454	-1.041275	23.724001
-2.530063	2.760183	-1.034980	23.769001
-2.500837	2.726127	-1.028561	23.814001
-2.467898	2.688902	-1.020774	23.859001
-2.431721	2.649898	-1.011686	23.904001
-2.397788	2.614875	-1.002932	23.949001
-2.361580	2.578299	-0.993318	23.994001
-2.328822	2.546583	-0.984250	24.039001
-2.293722	2.514335	-0.974054	24.084001
-2.259802	2.484623	-0.963429	24.129001
-2.228773	2.458640	-0.953545	24.174001
-2.194902	2.433027	-0.941477	24.219001
-2.158496	2.406993	-0.927695	24.264001
-2.119120	2.380627	-0.912256	24.309001
-2.080026	2.355197	-0.897280	24.354001
-2.040024	2.329362	-0.882236	24.399001
-2.005513	2.307617	-0.869792	24.444001
-1.970337	2.286058	-0.857076	24.489001
-1.932585	2.263683	-0.843785	24.534001
-1.897009	2.243814	-0.830903	24.579001
-1.857961	2.222872	-0.816988	24.624001
-1.822261	2.203952	-0.804700	24.669001
-1.786033	2.185511	-0.792390	24.714001
-1.747030	2.166278	-0.779257	24.759001
-1.706699	2.146925	-0.765778	24.804001
-1.664473	2.127879	-0.751722	24.849001
-1.622808	2.109650	-0.737484	24.894001
-1.577211	2.090570	-0.722412	24.939001
-1.534799	2.073252	-0.708662	24.984001
-1.495529	2.057696	-0.696167	25.029001
-1.451213	2.040773	-0.682203	25.074001
-1.413362	2.026855	-0.670366	25.119001
-1.374329	2.013575	-0.657680	25.164001
-1.328134	1.999487	-0.641829	25.209001
-1.285701	1.987743	-0.626423	25.254001
-1.236986	1.976011	-0.607777	25.299001
-1.192873	1.966483	-0.590377	25.344001
-1.141423	1.955950	-0.570376	25.384901
-1.086853	1.945515	-0.549669	25.421711
-1.030075	1.935328	-0.528291	25.450521
-0.966349	1.924324	-0.506643	25.471331
-0.907941	1.914335	-0.488262	25.484141
-0.846736	1.903347	-0.470688	25.488951
-0.793617	1.894107	-0.456237	25.489963
-0.738034	1.884484	-0.441564	25.490723
-0.681798	1.874984	-0.427000	25.491292
-0.630321	1.865426	-0.415154	25.491719
-0.559200	1.851064	-0.400615	25.492040
-0.480662	1.834539	-0.386214	25.492280
-0.414906	1.818931	-0.376642	25.492460
-0.364559	1.804776	-0.372352	25.492595
-0.312313	1.786782	-0.374070	25.492697
-0.263042	1.767515	-0.380871	25.492773
-0.223768	1.751894	-0.386771	25.492830
-0.188727	1.737000	-0.393223	25.492872
-0.168728	1.728158	-0.397206	25.492905
-0.160005	1.725833	-0.396724	25.492929
-0.157706	1.725828	-0.396026	25.492947
-0.166033	1.730237	-0.393666	25.492960
-0.184214	1.737936	-0.388436	25.492970
-0.199257	1.745596	-0.381246	25.492978
-0.211000	1.752338	-0.374425	25.492984
