0.000000
0.715937
0.238573
0.146607
0.100907
0.174946
0.160356
0.144556
0.135861
0.129237
0.126236
0.117318
0.142041
0.119408
0.125390
0.135034
0.118206
0.115735
0.118678
0.125480
0.126132
0.126269
0.135878
0.134900
0.114641
0.120692
0.136118
0.187727
0.160541
0.134374
0.127870
0.154191
0.145955
0.144984
0.121992
0.125233
0.139397
0.151994
0.136473
0.137822
0.128730
0.144459
0.127780
0.141362
0.140456
0.132081
0.119715
0.127936
0.116199
0.136658
0.136553
0.136125
0.121835
0.134532
0.121263
0.099948
0.127099
0.124525
0.112168
0.115098
0.121484
0.137380
0.132658
0.132599
0.138115
0.129044
0.160464
0.148306
0.148608
0.149110
0.164861
0.173135
0.162232
0.150798
0.174788
0.141357
0.169701
0.153499
0.150524
0.159903
0.170951
0.171911
0.171768
0.180344
0.128660
0.138416
0.151193
0.134472
0.118795
0.134641
0.132361
0.112976
0.121083
0.151932
0.121999
0.153017
0.135829
0.133699
0.165665
0.126784
0.143600
0.164857
0.172837
0.187576
0.149893
0.142215
0.163932
0.128267
0.140888
0.144001
0.150154
0.135344
0.161136
0.128516
0.142266
0.154908
0.133804
0.128640
0.137316
0.140878
0.143985
0.135635
0.168941
0.154203
0.168680
0.171811
0.169545
0.170789
0.173232
0.188570
0.173236
0.191496
0.175520
0.204455
0.197807
0.170527
0.227359
0.189195
0.166444
0.198724
0.193435
0.161218
0.186520
0.159380
0.202433
0.172218
0.169549
0.160561
0.170459
0.163552
0.137054
0.166417
0.149889
0.164281
0.136647
0.148657
0.145107
0.139042
0.132065
0.116883
0.121338
0.161074
0.141566
0.148260
0.158181
0.212466
0.187312
0.159924
0.169525
0.172141
0.157171
0.150200
0.151310
0.188274
0.175885
0.178713
0.137152
0.149544
0.162865
0.159246
0.144125
0.134909
0.132250
0.133335
0.138656
0.153784
0.122487
0.123764
0.124108
0.133630
0.142884
0.122426
0.144531
0.131691
0.148165
0.168353
0.163789
0.130001
0.156876
0.175525
0.160631
0.169497
0.178760
0.182745
0.187474
0.163046
0.234665
0.169548
0.154522
0.158262
0.113962
0.135759
0.144475
0.160056
0.135915
0.170020
0.153961
0.130764
0.159075
0.136765
0.136786
0.151319
0.153048
0.128078
0.128888
0.137155
0.129622
0.134642
0.141469
0.134755
0.120231
0.132032
0.118661
0.134197
0.146959
0.155139
0.148539
0.153046
0.137425
0.146844
0.138555
0.115956
0.139440
0.138121
0.117730
0.127429
0.119965
0.101542
0.115963
0.112834
0.124284
0.121324
0.118413
0.141776
0.124454
0.115310
0.150447
0.115785
0.111601
0.121692
0.129625
0.127828
0.123454
0.139729
0.130443
0.125145
0.125161
0.145051
0.163033
0.124090
0.128637
0.127230
0.128594
0.130579
0.142641
0.145094
0.136416
0.121605
0.137658
0.114403
0.131544
0.137354
0.132123
0.141432
0.137229
0.137634
0.111668
0.131266
0.131590
0.143907
0.147789
0.130041
0.144958
0.128092
0.131419
0.135797
0.138669
0.133410
0.125241
0.134959
0.134965
0.143651
0.163970
0.155969
0.154124
0.152788
0.136480
0.137427
0.161710
0.161264
0.172160
0.162131
0.176260
0.165462
0.164935
0.147797
0.149983
0.154240
0.143920
0.126806
0.161378
0.190004
0.249887
0.206416
0.197399
0.158865
0.137358
0.134118
0.146633
0.142470
0.139508
0.128314
0.140866
0.116469
0.141682
0.162167
0.132565
0.129411
0.114691
0.109957
0.121013
0.119409
0.128645
0.118703
0.126693
0.000224
