0.674043
1.345759
1.345759
1.345759
1.345759
1.345759
1.345759
1.345759
1.345759
1.345759
1.345759
1.345759
1.345759
1.345759
1.345759
1.345759
1.345759
1.345759
1.345759
1.345759
1.345759
1.345759
1.345759
1.345759
1.345759
1.345759
1.341016
1.336097
1.331002
1.325734
1.320293
1.314679
1.308895
1.302941
1.296818
1.290529
1.284074
1.277454
1.270671
1.263727
1.256622
1.249359
1.241939
1.234363
1.226634
1.218753
1.210721
1.202541
1.194214
1.185742
1.177128
1.168373
1.159479
1.150448
1.141283
1.131985
1.122557
1.113002
1.103321
1.093517
1.083592
1.073550
1.063392
1.053121
1.042741
1.032253
1.021662
1.010968
1.000177
0.989291
0.978313
0.967246
0.956094
0.944860
0.933548
0.922161
0.910704
0.899180
0.887592
0.875947
0.864246
0.852496
0.840700
0.828862
0.816989
0.805084
0.793152
0.781200
0.769231
0.757253
0.745269
0.733287
0.721312
0.709350
0.697407
0.685491
0.673606
0.661760
0.649960
0.638210
0.626519
0.614892
0.614892
0.614892
0.611821
0.603334
0.591852
0.580448
0.569127
0.563198
0.557601
0.546739
0.537794
0.532279
0.524673
0.517959
0.512506
0.506712
0.503149
0.503149
0.503149
0.503149
0.503149
0.503149
0.503149
0.503149
0.503149
0.503149
0.503149
0.503149
0.503149
0.503149
0.503149
0.503149
0.503149
0.503149
0.503149
0.505534
0.508592
0.513990
0.516907
0.520238
0.526753
0.532261
0.535823
0.540987
0.548642
0.556618
0.561795
0.566001
0.573428
0.582215
0.582215
0.582215
0.582215
0.591228
0.600447
0.609852
0.619427
0.629153
0.639016
0.649001
0.659093
0.669279
0.679548
0.689886
0.700284
0.710730
0.721214
0.731727
0.742260
0.752804
0.763351
0.773894
0.784425
0.794937
0.805423
0.815877
0.826292
0.836664
0.846986
0.857253
0.867459
0.877601
0.887672
0.897670
0.907588
0.917423
0.927171
0.936828
0.946391
0.955855
0.965216
0.974473
0.983621
0.992657
1.001578
1.010381
1.019064
1.027623
1.036056
1.044360
1.052533
1.060572
1.068475
1.076239
1.083863
1.091344
1.098680
1.105870
1.112910
1.119800
1.126537
1.133120
1.139546
1.145815
1.151925
1.157873
1.163659
1.169282
1.174739
1.180030
1.185152
1.190106
1.194889
1.199501
1.203940
1.208205
1.212296
1.216211
1.219950
1.223511
1.226894
1.230098
1.233122
1.235965
1.238628
1.241109
1.242143
1.242143
1.242143
1.242143
1.242143
1.242143
1.242143
1.242143
1.242143
1.242143
1.242143
1.242143
1.242143
1.242143
1.242143
1.242143
1.242143
1.242143
1.242143
1.242143
1.242143
1.242143
1.242143
1.242143
1.242143
1.240775
1.238266
1.235576
1.232703
1.229650
1.226416
1.223003
1.219411
1.215641
1.211693
1.207569
1.203269
1.198795
1.194148
1.189328
1.184336
1.179174
1.173844
1.168345
1.162680
1.156849
1.150855
1.144698
1.138381
1.131904
1.125269
1.118477
1.111532
1.104433
1.097183
1.089784
1.082238
1.074547
1.066712
1.058735
1.050620
1.042368
1.033981
1.025461
1.016812
1.008036
0.999134
0.990110
0.980967
0.971706
0.962332
0.952847
0.943255
0.933557
0.923758
0.913861
0.903869
0.893787
0.883617
0.873363
0.863031
0.852622
0.842143
0.831597
0.820989
0.810323
0.799606
0.788840
0.778033
0.767189
0.756315
0.745415
0.734497
0.723567
0.712632
0.701698
0.690773
0.679865
0.668982
0.658131
0.647322
0.636563
0.625864
0.615235
0.604685
0.594225
0.583867
0.573620
0.563497
0.553510
0.543670
0.533989
0.524480
0.515154
0.515154
0.515154
0.515154
0.515154
0.515154
0.515154
0.515154
0.515154
0.515154
0.515154
0.515154
0.515154
0.515154
0.515154
0.515154
0.515154
0.515154
0.515154
0.515154
0.515154
0.515154
0.515154
0.515154
0.515154
0.526837
0.543189
0.544065
0.545398
0.546985
0.550192
0.552343
0.554974
0.560583
0.564147
0.567472
0.573840
0.581307
0.586499
0.590575
0.597586
0.606299
0.615339
0.624672
0.631708
0.636569
0.644102
0.654147
0.664382
0.674788
0.685347
0.685347
0.685347
0.696041
0.706855
0.717776
0.728789
0.739883
0.751045
0.762265
0.773532
0.784838
0.796172
0.807527
0.818894
0.830265
0.841633
0.852992
0.864333
0.875652
0.886943
0.898198
0.909413
0.920582
0.931701
0.942764
0.953767
0.964705
0.975574
0.986369
0.997086
1.007723
1.018273
1.028735
1.039105
1.049378
1.059552
1.069623
1.079589
1.089446
1.099191
1.108822
1.118335
1.127728
1.136999
1.146144
1.155161
1.164048
1.172803
1.181423
1.189905
1.198249
1.206451
1.214509
1.222422
1.230188
1.237805
1.245270
1.252583
1.259741
1.266742
1.273586
1.280270
1.286794
1.293154
1.299351
1.305382
1.311247
1.316944
1.322471
1.327827
1.333012
1.338024
1.342862
1.347525
1.347525
1.347525
1.347525
1.347525
1.347525
1.347525
1.347525
1.347525
1.347525
1.347525
1.347525
1.347525
1.347525
1.347525
1.347525
1.347525
1.347525
1.347525
1.347525
1.347525
1.347525
1.347525
1.347525
1.347525
