0.000000
-0.000135
-0.000405
-0.000675
-0.000946
-0.001218
-0.001491
-0.001766
-0.002042
-0.002321
-0.002602
-0.002885
-0.003172
-0.003462
-0.003755
-0.004052
-0.004354
-0.004660
-0.004971
-0.005287
-0.005609
-0.005937
-0.006271
-0.006612
-0.006961
-0.007317
-0.007682
-0.008055
-0.008437
-0.008829
-0.009232
-0.009645
-0.010069
-0.010506
-0.010955
-0.011418
-0.011895
-0.012387
-0.012895
-0.013419
-0.013961
-0.014521
-0.015101
-0.015701
-0.016322
-0.016966
-0.017635
-0.018328
-0.019049
-0.019797
-0.020575
-0.021385
-0.022227
-0.023105
-0.024019
-0.024973
-0.025968
-0.027006
-0.028091
-0.029225
-0.030410
-0.031650
-0.032949
-0.034308
-0.035733
-0.037228
-0.038795
-0.040441
-0.042170
-0.043986
-0.045896
-0.047905
-0.050020
-0.052247
-0.054593
-0.057067
-0.059677
-0.062430
-0.065338
-0.068409
-0.071654
-0.075085
-0.078715
-0.082555
-0.086621
-0.090926
-0.095486
-0.100318
-0.105439
-0.110868
-0.116624
-0.122727
-0.129198
-0.136059
-0.143333
-0.151042
-0.159210
-0.167860
-0.177015
-0.186698
-0.196929
-0.207728
-0.219112
-0.231094
-0.243683
-0.256884
-0.270693
-0.285100
-0.300086
-0.315621
-0.331665
-0.348163
-0.365048
-0.382239
-0.399639
-0.417137
-0.434609
-0.451918
-0.468916
-0.485447
-0.501349
-0.516459
-0.530613
-0.543654
-0.555431
-0.565807
-0.574657
-0.581875
-0.587374
-0.587484
-0.587484
-0.587484
-0.587484
-0.587484
-0.582143
-0.575031
-0.566307
-0.556080
-0.544478
-0.531638
-0.517712
-0.502856
-0.487230
-0.470998
-0.454316
-0.437338
-0.420208
-0.403057
-0.386008
-0.369167
-0.352627
-0.336466
-0.320750
-0.305530
-0.290846
-0.276726
-0.263188
-0.250243
-0.237894
-0.226135
-0.214959
-0.204353
-0.194301
-0.184784
-0.175781
-0.167272
-0.159235
-0.151646
-0.144484
-0.137726
-0.131350
-0.125336
-0.119663
-0.114312
-0.109264
-0.104500
-0.100005
-0.095762
-0.091756
-0.087972
-0.084398
-0.081021
-0.077828
-0.074809
-0.071953
-0.069250
-0.066692
-0.064269
-0.061974
-0.059799
-0.057737
-0.055782
-0.053927
-0.052166
-0.050495
-0.048908
-0.047401
-0.045969
-0.044608
-0.043314
-0.042083
-0.040913
-0.039800
-0.038741
-0.037733
-0.036774
-0.035861
-0.034993
-0.034166
-0.033379
-0.032630
-0.031917
-0.031240
-0.030595
-0.029982
-0.029399
-0.028846
-0.028320
-0.027822
-0.027349
-0.026902
-0.026478
-0.026079
-0.025702
-0.025347
-0.025014
-0.024702
-0.024412
-0.024142
-0.023893
-0.023665
-0.023457
-0.023271
-0.023106
-0.022965
-0.022847
-0.022771
-0.022771
-0.022771
-0.022771
-0.022771
-0.022812
-0.022982
-0.023245
-0.023643
-0.024251
-0.024251
-0.024251
-0.024251
-0.024251
-0.020121
-0.016047
-0.016047
-0.016047
-0.016047
-0.016047
-0.016781
-0.017327
-0.017762
-0.018127
-0.018447
-0.018739
-0.019012
-0.019274
-0.019530
-0.019785
-0.020040
-0.020300
-0.020565
-0.020837
-0.021119
-0.021410
-0.021712
-0.022027
-0.022354
-0.022696
-0.023053
-0.023426
-0.023816
-0.024224
-0.024651
-0.025097
-0.025564
-0.026053
-0.026565
-0.027101
-0.027663
-0.028250
-0.028866
-0.029511
-0.030186
-0.030894
-0.031636
-0.032414
-0.033229
-0.034084
-0.034981
-0.035921
-0.036908
-0.037944
-0.039032
-0.040174
-0.041373
-0.042634
-0.043958
-0.045351
-0.046817
-0.048358
-0.049980
-0.051689
-0.053488
-0.055384
-0.057382
-0.059490
-0.061713
-0.064058
-0.066535
-0.069151
-0.071914
-0.074835
-0.077924
-0.081190
-0.084647
-0.088305
-0.092179
-0.096281
-0.100627
-0.105232
-0.110113
-0.115287
-0.120772
-0.126588
-0.132754
-0.139291
-0.146220
-0.153564
-0.161345
-0.169585
-0.178306
-0.187531
-0.197279
-0.207571
-0.218423
-0.229851
-0.241863
-0.254467
-0.267663
-0.281445
-0.295797
-0.310695
-0.326106
-0.341982
-0.358265
-0.374882
-0.391746
-0.408756
-0.425798
-0.442743
-0.459451
-0.475775
-0.491557
-0.506637
-0.520854
-0.534048
-0.546067
-0.556766
-0.566015
-0.573698
-0.579716
-0.581600
-0.581600
-0.581600
-0.581600
-0.581600
-0.578046
-0.571482
-0.563262
-0.553488
-0.542277
-0.529763
-0.516093
-0.501422
-0.485911
-0.469724
-0.453022
-0.435963
-0.418696
-0.401361
-0.384087
-0.366986
-0.350160
-0.333693
-0.317657
-0.302109
-0.287093
-0.272643
-0.258781
-0.245518
-0.232861
-0.220806
-0.209347
-0.198471
-0.188163
-0.178404
-0.169174
-0.160451
-0.152213
-0.144436
-0.137097
-0.130174
-0.123643
-0.117484
-0.111676
-0.106197
-0.101028
-0.096152
-0.091550
-0.087205
-0.083103
-0.079228
-0.075566
-0.072104
-0.068830
-0.065733
-0.062801
-0.060024
-0.057392
-0.054898
-0.052532
-0.050287
-0.048156
-0.046131
-0.044207
-0.042377
-0.040635
-0.038978
-0.037399
-0.035894
-0.034459
-0.033090
-0.031783
-0.030534
-0.029341
-0.028201
-0.027109
-0.026064
-0.025063
-0.024104
-0.023184
-0.022302
-0.021455
-0.020641
-0.019859
-0.019106
-0.018382
-0.017685
-0.017014
-0.016366
-0.015742
-0.015139
-0.014557
-0.013995
-0.013451
-0.012924
-0.012414
-0.011921
-0.011442
-0.010977
-0.010526
-0.010088
-0.009662
-0.009248
-0.008844
-0.008451
-0.008067
-0.007693
-0.007328
-0.006970
-0.006621
-0.006279
-0.005944
-0.005615
-0.005292
-0.004976
-0.004664
-0.004357
-0.004055
-0.003758
-0.003464
-0.003174
-0.002887
-0.002603
-0.002322
-0.002043
-0.001767
-0.001492
-0.001218
-0.000946
-0.000675
-0.000405
