  -4.9929478e+00   4.6261682e-02   0.0000000e+00
  -4.9842421e+00   4.6314124e-02   8.7058627e-03
  -4.9755364e+00   4.6366565e-02   1.7411725e-02
  -4.9668307e+00   4.6419006e-02   2.6117588e-02
  -4.9581250e+00   4.6471448e-02   3.4823451e-02
  -4.9494193e+00   4.6523889e-02   4.3529314e-02
  -4.9407136e+00   4.6576330e-02   5.2235176e-02
  -4.9320079e+00   4.6628772e-02   6.0941039e-02
  -4.9233022e+00   4.6681213e-02   6.9646902e-02
  -4.9136778e+00   4.6742350e-02   7.9271425e-02
  -4.8946836e+00   4.6892182e-02   9.8266281e-02
  -4.8756893e+00   4.7042015e-02   1.1726114e-01
  -4.8566951e+00   4.7191847e-02   1.3625599e-01
  -4.8377008e+00   4.7341679e-02   1.5525085e-01
  -4.8187065e+00   4.7491512e-02   1.7424570e-01
  -4.7997123e+00   4.7641344e-02   1.9324056e-01
  -4.7807180e+00   4.7791176e-02   2.1223542e-01
  -4.7617237e+00   4.7941009e-02   2.3123027e-01
  -4.7423761e+00   4.8049035e-02   2.5057837e-01
  -4.7214033e+00   4.7964755e-02   2.7155137e-01
  -4.7004305e+00   4.7880474e-02   2.9252438e-01
  -4.6794576e+00   4.7796193e-02   3.1349738e-01
  -4.6584848e+00   4.7711912e-02   3.3447038e-01
  -4.6375120e+00   4.7627632e-02   3.5544339e-01
  -4.6165391e+00   4.7543351e-02   3.7641639e-01
  -4.5955663e+00   4.7459070e-02   3.9738939e-01
  -4.5745935e+00   4.7374790e-02   4.1836240e-01
  -4.5522427e+00   4.7272114e-02   4.4071341e-01
  -4.5261256e+00   4.7119160e-02   4.6683097e-01
  -4.5000085e+00   4.6966207e-02   4.9294853e-01
  -4.4738914e+00   4.6813253e-02   5.1906609e-01
  -4.4477743e+00   4.6660299e-02   5.4518366e-01
  -4.4216571e+00   4.6507345e-02   5.7130122e-01
  -4.3955400e+00   4.6354391e-02   5.9741878e-01
  -4.3694229e+00   4.6201437e-02   6.2353634e-01
  -4.3433058e+00   4.6048483e-02   6.4965391e-01
  -4.3153514e+00   4.5878361e-02   6.7760878e-01
  -4.2840900e+00   4.5677336e-02   7.0887082e-01
  -4.2528286e+00   4.5476311e-02   7.4013286e-01
  -4.2215673e+00   4.5275286e-02   7.7139490e-01
  -4.1903059e+00   4.5074261e-02   8.0265694e-01
  -4.1590445e+00   4.4873236e-02   8.3391899e-01
  -4.1277831e+00   4.4672210e-02   8.6518103e-01
  -4.0965217e+00   4.4471185e-02   8.9644307e-01
  -4.0652603e+00   4.4270160e-02   9.2770511e-01
  -4.0341755e+00   4.4193995e-02   9.5879025e-01
  -4.0033099e+00   4.4272657e-02   9.8965603e-01
  -3.9724442e+00   4.4351319e-02   1.0205218e+00
  -3.9415785e+00   4.4429981e-02   1.0513876e+00
  -3.9107128e+00   4.4508643e-02   1.0822534e+00
  -3.8798471e+00   4.4587305e-02   1.1131192e+00
  -3.8489815e+00   4.4665967e-02   1.1439849e+00
  -3.8181158e+00   4.4744629e-02   1.1748507e+00
  -3.7872501e+00   4.4823291e-02   1.2057165e+00
  -3.7549005e+00   4.4944094e-02   1.2380663e+00
  -3.7212648e+00   4.5101418e-02   1.2717024e+00
  -3.6876291e+00   4.5258742e-02   1.3053384e+00
  -3.6539935e+00   4.5416066e-02   1.3389745e+00
  -3.6203578e+00   4.5573390e-02   1.3726105e+00
  -3.5867221e+00   4.5730714e-02   1.4062466e+00
  -3.5530864e+00   4.5888038e-02   1.4398826e+00
  -3.5194507e+00   4.6045362e-02   1.4735187e+00
  -3.4858151e+00   4.6202686e-02   1.5071547e+00
  -3.4509428e+00   4.6556665e-02   1.5420291e+00
  -3.4153285e+00   4.7028637e-02   1.5776465e+00
  -3.3797143e+00   4.7500609e-02   1.6132638e+00
  -3.3441000e+00   4.7972581e-02   1.6488812e+00
  -3.3084858e+00   4.8444553e-02   1.6844986e+00
  -3.2728716e+00   4.8916525e-02   1.7201160e+00
  -3.2372573e+00   4.9388497e-02   1.7557333e+00
  -3.2016431e+00   4.9860469e-02   1.7913507e+00
  -3.1660288e+00   5.0332441e-02   1.8269681e+00
  -3.1343717e+00   5.1534845e-02   1.8586526e+00
  -3.1042975e+00   5.3029423e-02   1.8887640e+00
  -3.0742232e+00   5.4524001e-02   1.9188753e+00
  -3.0441489e+00   5.6018579e-02   1.9489867e+00
  -3.0140747e+00   5.7513157e-02   1.9790981e+00
  -2.9840004e+00   5.9007735e-02   2.0092094e+00
  -2.9539262e+00   6.0502313e-02   2.0393208e+00
  -2.9238519e+00   6.1996891e-02   2.0694322e+00
  -2.8937777e+00   6.3491469e-02   2.0995435e+00
  -2.8672013e+00   6.5744573e-02   2.1262199e+00
  -2.8414799e+00   6.8183095e-02   2.1520567e+00
  -2.8157585e+00   7.0621617e-02   2.1778934e+00
  -2.7900371e+00   7.3060139e-02   2.2037301e+00
  -2.7643157e+00   7.5498661e-02   2.2295669e+00
  -2.7385943e+00   7.7937183e-02   2.2554036e+00
  -2.7128729e+00   8.0375705e-02   2.2812403e+00
  -2.6871515e+00   8.2814227e-02   2.3070771e+00
  -2.6614301e+00   8.5252748e-02   2.3329138e+00
  -2.6378285e+00   8.8604311e-02   2.3567555e+00
  -2.6144814e+00   9.2065439e-02   2.3803577e+00
  -2.5911343e+00   9.5526567e-02   2.4039600e+00
  -2.5677872e+00   9.8987695e-02   2.4275623e+00
  -2.5444401e+00   1.0244882e-01   2.4511646e+00
  -2.5210930e+00   1.0590995e-01   2.4747668e+00
  -2.4977458e+00   1.0937108e-01   2.4983691e+00
  -2.4743987e+00   1.1283221e-01   2.5219714e+00
  -2.4510516e+00   1.1629333e-01   2.5455737e+00
  -2.4319796e+00   1.2122235e-01   2.5652747e+00
  -2.4129854e+00   1.2617806e-01   2.5849048e+00
  -2.3939911e+00   1.3113376e-01   2.6045349e+00
  -2.3749968e+00   1.3608947e-01   2.6241650e+00
  -2.3560026e+00   1.4104517e-01   2.6437951e+00
  -2.3370083e+00   1.4600088e-01   2.6634252e+00
  -2.3180140e+00   1.5095659e-01   2.6830553e+00
  -2.2990198e+00   1.5591229e-01   2.7026855e+00
  -2.2802234e+00   1.6099161e-01   2.7221668e+00
  -2.2639991e+00   1.6767788e-01   2.7397149e+00
  -2.2477748e+00   1.7436415e-01   2.7572629e+00
  -2.2315505e+00   1.8105042e-01   2.7748109e+00
  -2.2153263e+00   1.8773669e-01   2.7923589e+00
  -2.1991020e+00   1.9442296e-01   2.8099069e+00
  -2.1828777e+00   2.0110923e-01   2.8274550e+00
  -2.1666535e+00   2.0779550e-01   2.8450030e+00
  -2.1504292e+00   2.1448177e-01   2.8625510e+00
  -2.1343321e+00   2.2143352e-01   2.8800980e+00
  -2.1188993e+00   2.2977169e-01   2.8976393e+00
  -2.1034665e+00   2.3810986e-01   2.9151806e+00
  -2.0880336e+00   2.4644804e-01   2.9327219e+00
  -2.0726008e+00   2.5478621e-01   2.9502632e+00
  -2.0571679e+00   2.6312438e-01   2.9678045e+00
  -2.0417351e+00   2.7146255e-01   2.9853458e+00
  -2.0263023e+00   2.7980072e-01   3.0028872e+00
  -2.0108694e+00   2.8813889e-01   3.0204285e+00
  -1.9960301e+00   2.9692937e-01   3.0377189e+00
  -1.9829716e+00   3.0707677e-01   3.0542566e+00
  -1.9699130e+00   3.1722417e-01   3.0707943e+00
  -1.9568545e+00   3.2737157e-01   3.0873320e+00
  -1.9437959e+00   3.3751896e-01   3.1038697e+00
  -1.9307374e+00   3.4766636e-01   3.1204074e+00
  -1.9176788e+00   3.5781376e-01   3.1369451e+00
  -1.9046202e+00   3.6796116e-01   3.1534828e+00
  -1.8915617e+00   3.7810855e-01   3.1700205e+00
  -1.8795772e+00   3.8873635e-01   3.1861103e+00
  -1.8696844e+00   4.0029966e-01   3.2013280e+00
  -1.8597915e+00   4.1186298e-01   3.2165458e+00
  -1.8498987e+00   4.2342629e-01   3.2317635e+00
  -1.8400058e+00   4.3498961e-01   3.2469812e+00
  -1.8301130e+00   4.4655292e-01   3.2621989e+00
  -1.8202201e+00   4.5811623e-01   3.2774166e+00
  -1.8103273e+00   4.6967955e-01   3.2926343e+00
  -1.8004344e+00   4.8124286e-01   3.3078520e+00
  -1.7917287e+00   4.9321072e-01   3.3227164e+00
  -1.7846059e+00   5.0571798e-01   3.3371097e+00
  -1.7774830e+00   5.1822524e-01   3.3515029e+00
  -1.7703602e+00   5.3073249e-01   3.3658962e+00
  -1.7632373e+00   5.4323975e-01   3.3802895e+00
  -1.7561145e+00   5.5574701e-01   3.3946828e+00
  -1.7489916e+00   5.6825427e-01   3.4090761e+00
  -1.7418688e+00   5.8076152e-01   3.4234693e+00
  -1.7347459e+00   5.9326878e-01   3.4378626e+00
  -1.7290576e+00   6.0618339e-01   3.4520462e+00
  -1.7247047e+00   6.1947727e-01   3.4660346e+00
  -1.7203518e+00   6.3277115e-01   3.4800229e+00
  -1.7159990e+00   6.4606503e-01   3.4940113e+00
  -1.7116461e+00   6.5935890e-01   3.5079997e+00
  -1.7072933e+00   6.7265278e-01   3.5219881e+00
  -1.7029404e+00   6.8594666e-01   3.5359764e+00
  -1.6985876e+00   6.9924054e-01   3.5499648e+00
  -1.6942347e+00   7.1253441e-01   3.5639532e+00
  -1.6920442e+00   7.2597157e-01   3.5776772e+00
  -1.6912527e+00   7.3950143e-01   3.5912302e+00
  -1.6904613e+00   7.5303130e-01   3.6047832e+00
  -1.6896699e+00   7.6656116e-01   3.6183362e+00
  -1.6888785e+00   7.8009102e-01   3.6318892e+00
  -1.6880870e+00   7.9362089e-01   3.6454422e+00
  -1.6872956e+00   8.0715075e-01   3.6589951e+00
  -1.6865042e+00   8.2068061e-01   3.6725481e+00
  -1.6857128e+00   8.3421048e-01   3.6861011e+00
  -1.6876772e+00   8.4763078e-01   3.6997859e+00
  -1.6908429e+00   8.6100332e-01   3.7135280e+00
  -1.6940086e+00   8.7437585e-01   3.7272701e+00
  -1.6971743e+00   8.8774839e-01   3.7410123e+00
  -1.7003400e+00   9.0112093e-01   3.7547544e+00
  -1.7035057e+00   9.1449347e-01   3.7684966e+00
  -1.7066715e+00   9.2786601e-01   3.7822387e+00
  -1.7098372e+00   9.4123855e-01   3.7959809e+00
  -1.7130029e+00   9.5461109e-01   3.8097230e+00
  -1.7180341e+00   9.6761280e-01   3.8236990e+00
  -1.7235741e+00   9.8051336e-01   3.8377388e+00
  -1.7291141e+00   9.9341393e-01   3.8517786e+00
  -1.7346541e+00   1.0063145e+00   3.8658184e+00
  -1.7401941e+00   1.0192151e+00   3.8798583e+00
  -1.7457341e+00   1.0321156e+00   3.8938981e+00
  -1.7512741e+00   1.0450162e+00   3.9079379e+00
  -1.7568141e+00   1.0579168e+00   3.9219777e+00
  -1.7623540e+00   1.0708173e+00   3.9360175e+00
  -1.7692790e+00   1.0826855e+00   3.9497733e+00
  -1.7764019e+00   1.0944061e+00   3.9634886e+00
  -1.7835247e+00   1.1061267e+00   3.9772038e+00
  -1.7906476e+00   1.1178474e+00   3.9909191e+00
  -1.7977704e+00   1.1295680e+00   4.0046343e+00
  -1.8048933e+00   1.1412887e+00   4.0183496e+00
  -1.8120161e+00   1.1530093e+00   4.0320649e+00
  -1.8191390e+00   1.1647299e+00   4.0457801e+00
  -1.8262618e+00   1.1764506e+00   4.0594954e+00
  -1.8352926e+00   1.1868059e+00   4.0732428e+00
  -1.8443940e+00   1.1971106e+00   4.0869913e+00
  -1.8534954e+00   1.2074153e+00   4.1007399e+00
  -1.8625968e+00   1.2177200e+00   4.1144885e+00
  -1.8716983e+00   1.2280247e+00   4.1282370e+00
  -1.8807997e+00   1.2383295e+00   4.1419856e+00
  -1.8899011e+00   1.2486342e+00   4.1557342e+00
  -1.8990025e+00   1.2589389e+00   4.1694827e+00
  -1.9081675e+00   1.2691636e+00   4.1832204e+00
  -1.9184561e+00   1.2779737e+00   4.1967656e+00
  -1.9287447e+00   1.2867838e+00   4.2103109e+00
  -1.9390332e+00   1.2955940e+00   4.2238561e+00
  -1.9493218e+00   1.3044041e+00   4.2374013e+00
  -1.9596103e+00   1.3132143e+00   4.2509465e+00
  -1.9698989e+00   1.3220244e+00   4.2644918e+00
  -1.9801875e+00   1.3308346e+00   4.2780370e+00
  -1.9904760e+00   1.3396447e+00   4.2915822e+00
  -2.0011038e+00   1.3482413e+00   4.3052816e+00
  -2.0137666e+00   1.3555569e+00   4.3199057e+00
  -2.0264294e+00   1.3628725e+00   4.3345298e+00
  -2.0390923e+00   1.3701880e+00   4.3491539e+00
  -2.0517551e+00   1.3775036e+00   4.3637781e+00
  -2.0644180e+00   1.3848192e+00   4.3784022e+00
  -2.0770808e+00   1.3921347e+00   4.3930263e+00
  -2.0897437e+00   1.3994503e+00   4.4076504e+00
  -2.1024065e+00   1.4067659e+00   4.4222746e+00
  -2.1153449e+00   1.4137893e+00   4.4370130e+00
  -2.1291949e+00   1.4198462e+00   4.4521295e+00
  -2.1430449e+00   1.4259032e+00   4.4672460e+00
  -2.1568949e+00   1.4319602e+00   4.4823625e+00
  -2.1707449e+00   1.4380172e+00   4.4974791e+00
  -2.1845949e+00   1.4440741e+00   4.5125956e+00
  -2.1984448e+00   1.4501311e+00   4.5277121e+00
  -2.2122948e+00   1.4561881e+00   4.5428286e+00
  -2.2261448e+00   1.4622451e+00   4.5579451e+00
  -2.2396132e+00   1.4682262e+00   4.5726824e+00
  -2.2522761e+00   1.4740472e+00   4.5866191e+00
  -2.2649389e+00   1.4798681e+00   4.6005558e+00
  -2.2776017e+00   1.4856891e+00   4.6144925e+00
  -2.2902646e+00   1.4915101e+00   4.6284292e+00
  -2.3029274e+00   1.4973311e+00   4.6423659e+00
  -2.3155903e+00   1.5031521e+00   4.6563026e+00
  -2.3282531e+00   1.5089731e+00   4.6702393e+00
  -2.3409160e+00   1.5147941e+00   4.6841760e+00
  -2.3539039e+00   1.5205181e+00   4.6983717e+00
  -2.3673581e+00   1.5261031e+00   4.7129391e+00
  -2.3808124e+00   1.5316881e+00   4.7275066e+00
  -2.3942667e+00   1.5372731e+00   4.7420740e+00
  -2.4077209e+00   1.5428581e+00   4.7566414e+00
  -2.4211752e+00   1.5484431e+00   4.7712088e+00
  -2.4346295e+00   1.5540281e+00   4.7857762e+00
  -2.4480838e+00   1.5596132e+00   4.8003436e+00
  -2.4615380e+00   1.5651982e+00   4.8149111e+00
  -2.4747944e+00   1.5707832e+00   4.8292961e+00
  -2.4878530e+00   1.5763682e+00   4.8434989e+00
  -2.5009116e+00   1.5819532e+00   4.8577016e+00
  -2.5139701e+00   1.5875382e+00   4.8719044e+00
  -2.5270287e+00   1.5931232e+00   4.8861072e+00
  -2.5400872e+00   1.5987082e+00   4.9003099e+00
  -2.5531458e+00   1.6042932e+00   4.9145127e+00
  -2.5662043e+00   1.6098782e+00   4.9287154e+00
  -2.5792629e+00   1.6154632e+00   4.9429182e+00
  -2.5930210e+00   1.6215581e+00   4.9579667e+00
  -2.6072667e+00   1.6280084e+00   4.9736046e+00
  -2.6215124e+00   1.6344586e+00   4.9892426e+00
  -2.6357581e+00   1.6409089e+00   5.0048806e+00
  -2.6500038e+00   1.6473592e+00   5.0205185e+00
  -2.6642495e+00   1.6538095e+00   5.0361565e+00
  -2.6784952e+00   1.6602598e+00   5.0517945e+00
  -2.6927409e+00   1.6667101e+00   5.0674325e+00
  -2.7069866e+00   1.6731603e+00   5.0830704e+00
  -2.7223064e+00   1.6803579e+00   5.0999975e+00
  -2.7381349e+00   1.6879095e+00   5.1175351e+00
  -2.7539635e+00   1.6954610e+00   5.1350728e+00
  -2.7697921e+00   1.7030126e+00   5.1526104e+00
  -2.7856206e+00   1.7105641e+00   5.1701480e+00
  -2.8014492e+00   1.7181157e+00   5.1876857e+00
  -2.8172777e+00   1.7256672e+00   5.2052233e+00
  -2.8331063e+00   1.7332188e+00   5.2227610e+00
  -2.8489348e+00   1.7407703e+00   5.2402986e+00
  -2.8629403e+00   1.7493487e+00   5.2567519e+00
  -2.8763945e+00   1.7582375e+00   5.2728773e+00
  -2.8898488e+00   1.7671263e+00   5.2890027e+00
  -2.9033031e+00   1.7760151e+00   5.3051280e+00
  -2.9167574e+00   1.7849039e+00   5.3212534e+00
  -2.9302116e+00   1.7937927e+00   5.3373788e+00
  -2.9436659e+00   1.8026815e+00   5.3535042e+00
  -2.9571202e+00   1.8115703e+00   5.3696296e+00
  -2.9705744e+00   1.8204591e+00   5.3857550e+00
  -2.9823328e+00   1.8309661e+00   5.4015523e+00
  -2.9938085e+00   1.8417428e+00   5.4172949e+00
  -3.0052842e+00   1.8525195e+00   5.4330374e+00
  -3.0167599e+00   1.8632962e+00   5.4487800e+00
  -3.0282356e+00   1.8740729e+00   5.4645226e+00
  -3.0397113e+00   1.8848496e+00   5.4802652e+00
  -3.0511870e+00   1.8956263e+00   5.4960078e+00
  -3.0626627e+00   1.9064030e+00   5.5117503e+00
  -3.0741384e+00   1.9171797e+00   5.5274929e+00
  -3.0829925e+00   1.9292220e+00   5.5424548e+00
  -3.0916982e+00   1.9413359e+00   5.5573725e+00
  -3.1004039e+00   1.9534499e+00   5.5722901e+00
  -3.1091096e+00   1.9655638e+00   5.5872078e+00
  -3.1178153e+00   1.9776778e+00   5.6021255e+00
  -3.1265210e+00   1.9897917e+00   5.6170432e+00
  -3.1352267e+00   2.0019057e+00   5.6319608e+00
  -3.1439324e+00   2.0140196e+00   5.6468785e+00
  -3.1525533e+00   2.0261701e+00   5.6617842e+00
  -3.1588848e+00   2.0393067e+00   5.6763670e+00
  -3.1652162e+00   2.0524432e+00   5.6909497e+00
  -3.1715476e+00   2.0655798e+00   5.7055324e+00
  -3.1778790e+00   2.0787163e+00   5.7201151e+00
  -3.1842105e+00   2.0918529e+00   5.7346979e+00
  -3.1905419e+00   2.1049894e+00   5.7492806e+00
  -3.1968733e+00   2.1181260e+00   5.7638633e+00
  -3.2032047e+00   2.1312625e+00   5.7784460e+00
  -3.2091404e+00   2.1444777e+00   5.7929716e+00
  -3.2123061e+00   2.1582436e+00   5.8070967e+00
  -3.2154718e+00   2.1720094e+00   5.8212219e+00
  -3.2186376e+00   2.1857753e+00   5.8353471e+00
  -3.2218033e+00   2.1995411e+00   5.8494722e+00
  -3.2249690e+00   2.2133070e+00   5.8635974e+00
  -3.2281347e+00   2.2270728e+00   5.8777226e+00
  -3.2313004e+00   2.2408387e+00   5.8918477e+00
  -3.2344661e+00   2.2546045e+00   5.9059729e+00
  -3.2366991e+00   2.2683872e+00   5.9200488e+00
  -3.2355119e+00   2.2822318e+00   5.9339441e+00
  -3.2343248e+00   2.2960763e+00   5.9478395e+00
  -3.2331376e+00   2.3099208e+00   5.9617348e+00
  -3.2319505e+00   2.3237653e+00   5.9756301e+00
  -3.2307634e+00   2.3376098e+00   5.9895254e+00
  -3.2295762e+00   2.3514543e+00   6.0034207e+00
  -3.2283891e+00   2.3652988e+00   6.0173160e+00
  -3.2272019e+00   2.3791433e+00   6.0312114e+00
  -3.2249336e+00   2.3928207e+00   6.0451738e+00
  -3.2201851e+00   2.4061146e+00   6.0592903e+00
  -3.2154365e+00   2.4194084e+00   6.0734069e+00
  -3.2106879e+00   2.4327023e+00   6.0875234e+00
  -3.2059394e+00   2.4459962e+00   6.1016399e+00
  -3.2011908e+00   2.4592901e+00   6.1157564e+00
  -3.1964422e+00   2.4725840e+00   6.1298729e+00
  -3.1916937e+00   2.4858778e+00   6.1439894e+00
  -3.1869451e+00   2.4991717e+00   6.1581060e+00
  -3.1809529e+00   2.5121566e+00   6.1724913e+00
  -3.1730386e+00   2.5246638e+00   6.1872923e+00
  -3.1651243e+00   2.5371711e+00   6.2020932e+00
  -3.1572100e+00   2.5496783e+00   6.2168941e+00
  -3.1492958e+00   2.5621856e+00   6.2316950e+00
  -3.1413815e+00   2.5746928e+00   6.2464960e+00
  -3.1334672e+00   2.5872001e+00   6.2612969e+00
  -3.1255529e+00   2.5997074e+00   6.2760978e+00
  -3.1176387e+00   2.6122146e+00   6.2908987e+00
  -3.1085796e+00   2.6240771e+00   6.3058854e+00
  -3.0982911e+00   2.6352471e+00   6.3210717e+00
  -3.0880025e+00   2.6464171e+00   6.3362580e+00
  -3.0777140e+00   2.6575871e+00   6.3514443e+00
  -3.0674254e+00   2.6687571e+00   6.3666306e+00
  -3.0571368e+00   2.6799271e+00   6.3818169e+00
  -3.0468483e+00   2.6910971e+00   6.3970032e+00
  -3.0365597e+00   2.7022672e+00   6.4121895e+00
  -3.0262712e+00   2.7134372e+00   6.4273758e+00
  -3.0146259e+00   2.7236183e+00   6.4429093e+00
  -3.0019630e+00   2.7330577e+00   6.4587033e+00
  -2.9893002e+00   2.7424971e+00   6.4744973e+00
  -2.9766373e+00   2.7519366e+00   6.4902913e+00
  -2.9639745e+00   2.7613760e+00   6.5060854e+00
  -2.9513117e+00   2.7708155e+00   6.5218794e+00
  -2.9386488e+00   2.7802549e+00   6.5376734e+00
  -2.9259860e+00   2.7896943e+00   6.5534674e+00
  -2.9133231e+00   2.7991338e+00   6.5692614e+00
  -2.9011832e+00   2.8074818e+00   6.5840007e+00
  -2.8893118e+00   2.8152693e+00   6.5981985e+00
  -2.8774404e+00   2.8230569e+00   6.6123962e+00
  -2.8655689e+00   2.8308444e+00   6.6265940e+00
  -2.8536975e+00   2.8386319e+00   6.6407917e+00
  -2.8418261e+00   2.8464195e+00   6.6549895e+00
  -2.8299547e+00   2.8542070e+00   6.6691872e+00
  -2.8180833e+00   2.8619945e+00   6.6833850e+00
  -2.8062119e+00   2.8697821e+00   6.6975828e+00
  -2.7928565e+00   2.8760357e+00   6.7123771e+00
  -2.7790065e+00   2.8817780e+00   6.7273703e+00
  -2.7651565e+00   2.8875204e+00   6.7423635e+00
  -2.7513066e+00   2.8932627e+00   6.7573567e+00
  -2.7374566e+00   2.8990050e+00   6.7723500e+00
  -2.7236066e+00   2.9047473e+00   6.7873432e+00
  -2.7097566e+00   2.9104897e+00   6.8023364e+00
  -2.6959066e+00   2.9162320e+00   6.8173296e+00
  -2.6820566e+00   2.9219743e+00   6.8323228e+00
  -2.6672103e+00   2.9265283e+00   6.8478648e+00
  -2.6521732e+00   2.9308547e+00   6.8635120e+00
  -2.6371360e+00   2.9351811e+00   6.8791591e+00
  -2.6220989e+00   2.9395075e+00   6.8948063e+00
  -2.6070618e+00   2.9438339e+00   6.9104534e+00
  -2.5920247e+00   2.9481603e+00   6.9261005e+00
  -2.5769875e+00   2.9524867e+00   6.9417477e+00
  -2.5619504e+00   2.9568132e+00   6.9573948e+00
  -2.5469133e+00   2.9611396e+00   6.9730420e+00
  -2.5329785e+00   2.9642973e+00   6.9873320e+00
  -2.5191285e+00   2.9673651e+00   7.0015177e+00
  -2.5052785e+00   2.9704329e+00   7.0157034e+00
  -2.4914286e+00   2.9735007e+00   7.0298891e+00
  -2.4775786e+00   2.9765686e+00   7.0440748e+00
  -2.4637286e+00   2.9796364e+00   7.0582604e+00
  -2.4498786e+00   2.9827042e+00   7.0724461e+00
  -2.4360286e+00   2.9857720e+00   7.0866318e+00
  -2.4220868e+00   2.9888230e+00   7.1009055e+00
  -2.4030925e+00   2.9909468e+00   7.1200181e+00
  -2.3840982e+00   2.9930707e+00   7.1391308e+00
  -2.3651040e+00   2.9951946e+00   7.1582434e+00
  -2.3461097e+00   2.9973185e+00   7.1773560e+00
  -2.3271154e+00   2.9994423e+00   7.1964687e+00
  -2.3081212e+00   3.0015662e+00   7.2155813e+00
  -2.2891269e+00   3.0036901e+00   7.2346939e+00
  -2.2701326e+00   3.0058140e+00   7.2538066e+00
  -2.2507144e+00   3.0078536e+00   7.2733347e+00
  -2.2277630e+00   3.0091908e+00   7.2963250e+00
  -2.2048116e+00   3.0105281e+00   7.3193153e+00
  -2.1818602e+00   3.0118653e+00   7.3423057e+00
  -2.1589088e+00   3.0132026e+00   7.3652960e+00
  -2.1359574e+00   3.0145398e+00   7.3882863e+00
  -2.1130060e+00   3.0158771e+00   7.4112767e+00
  -2.0900546e+00   3.0172143e+00   7.4342670e+00
  -2.0671032e+00   3.0185516e+00   7.4572573e+00
  -2.0445404e+00   3.0198270e+00   7.4798562e+00
  -2.0235676e+00   3.0208496e+00   7.5008540e+00
  -2.0025948e+00   3.0218722e+00   7.5218517e+00
  -1.9816219e+00   3.0228949e+00   7.5428495e+00
  -1.9606491e+00   3.0239175e+00   7.5638472e+00
  -1.9396762e+00   3.0249401e+00   7.5848450e+00
  -1.9187034e+00   3.0259627e+00   7.6058427e+00
  -1.8977306e+00   3.0269853e+00   7.6268405e+00
  -1.8767577e+00   3.0280079e+00   7.6478382e+00
  -1.8558980e+00   3.0289406e+00   7.6687193e+00
  -1.8353209e+00   3.0296485e+00   7.6893086e+00
  -1.8147437e+00   3.0303565e+00   7.7098979e+00
  -1.7941666e+00   3.0310645e+00   7.7304872e+00
  -1.7735895e+00   3.0317724e+00   7.7510765e+00
  -1.7530124e+00   3.0324804e+00   7.7716658e+00
  -1.7324353e+00   3.0331883e+00   7.7922551e+00
  -1.7118581e+00   3.0338963e+00   7.8128444e+00
  -1.6912810e+00   3.0346043e+00   7.8334337e+00
  -1.6705555e+00   3.0351647e+00   7.8541677e+00
  -1.6495827e+00   3.0354794e+00   7.8751429e+00
  -1.6286098e+00   3.0357940e+00   7.8961180e+00
  -1.6076370e+00   3.0361087e+00   7.9170932e+00
  -1.5866642e+00   3.0364233e+00   7.9380684e+00
  -1.5656913e+00   3.0367380e+00   7.9590436e+00
  -1.5447185e+00   3.0370526e+00   7.9800188e+00
  -1.5237457e+00   3.0373673e+00   8.0009940e+00
  -1.5027728e+00   3.0376819e+00   8.0219692e+00
  -1.4816163e+00   3.0379600e+00   8.0431276e+00
  -1.4602477e+00   3.0381960e+00   8.0644975e+00
  -1.4388792e+00   3.0384320e+00   8.0858673e+00
  -1.4175106e+00   3.0386680e+00   8.1072372e+00
  -1.3961421e+00   3.0389040e+00   8.1286070e+00
  -1.3747735e+00   3.0391400e+00   8.1499769e+00
  -1.3534050e+00   3.0393759e+00   8.1713467e+00
  -1.3320364e+00   3.0396119e+00   8.1927166e+00
  -1.3106679e+00   3.0398479e+00   8.2140864e+00
  -1.2868897e+00   3.0400404e+00   8.2378655e+00
  -1.2611683e+00   3.0401977e+00   8.2635873e+00
  -1.2354469e+00   3.0403550e+00   8.2893092e+00
  -1.2097255e+00   3.0405123e+00   8.3150311e+00
  -1.1840041e+00   3.0406697e+00   8.3407530e+00
  -1.1582827e+00   3.0408270e+00   8.3664749e+00
  -1.1325613e+00   3.0409843e+00   8.3921968e+00
  -1.1068399e+00   3.0411416e+00   8.4179186e+00
  -1.0811185e+00   3.0412990e+00   8.4436405e+00
  -1.0518357e+00   3.0414619e+00   8.4729238e+00
  -1.0205743e+00   3.0416280e+00   8.5041856e+00
  -9.8931290e-01   3.0417940e+00   8.5354475e+00
  -9.5805150e-01   3.0419601e+00   8.5667093e+00
  -9.2679011e-01   3.0421262e+00   8.5979711e+00
  -8.9552872e-01   3.0422922e+00   8.6292330e+00
  -8.6426732e-01   3.0424583e+00   8.6604948e+00
  -8.3300593e-01   3.0426243e+00   8.6917566e+00
  -8.0174453e-01   3.0427904e+00   8.7230185e+00
  -7.7251117e-01   3.0429869e+00   8.7522525e+00
  -7.4401977e-01   3.0431944e+00   8.7807447e+00
  -7.1552838e-01   3.0434020e+00   8.8092368e+00
  -6.8703698e-01   3.0436096e+00   8.8377290e+00
  -6.5854558e-01   3.0438172e+00   8.8662211e+00
  -6.3005418e-01   3.0440248e+00   8.8947133e+00
  -6.0156279e-01   3.0442324e+00   8.9232054e+00
  -5.7307139e-01   3.0444399e+00   8.9516976e+00
  -5.4457999e-01   3.0446475e+00   8.9801897e+00
  -5.2356476e-01   3.0449038e+00   9.0012066e+00
  -5.0417478e-01   3.0451707e+00   9.0205984e+00
  -4.8478480e-01   3.0454376e+00   9.0399902e+00
  -4.6539482e-01   3.0457045e+00   9.0593821e+00
  -4.4600484e-01   3.0459714e+00   9.0787739e+00
  -4.2661487e-01   3.0462383e+00   9.0981657e+00
  -4.0722489e-01   3.0465051e+00   9.1175575e+00
  -3.8783491e-01   3.0467720e+00   9.1369493e+00
  -3.6844493e-01   3.0470389e+00   9.1563411e+00
  -3.5193801e-01   3.0472674e+00   9.1728496e+00
  -3.3571374e-01   3.0474922e+00   9.1890755e+00
  -3.1948947e-01   3.0477169e+00   9.2053013e+00
  -3.0326520e-01   3.0479417e+00   9.2215271e+00
  -2.8704094e-01   3.0481664e+00   9.2377529e+00
  -2.7081667e-01   3.0483912e+00   9.2539788e+00
  -2.5459240e-01   3.0486159e+00   9.2702046e+00
  -2.3836813e-01   3.0488407e+00   9.2864304e+00
  -2.2214386e-01   3.0490654e+00   9.3026562e+00
