0.000000	0.000000	0.000000	0.000000	0.000000	0.000000	0.000000	0.000000	0.000000	0.000000
0.003180	-0.082657	-0.040184	-0.039816	-0.030137	-0.029862	-0.030137	-0.029862	-0.010000	0.040000
-0.035845	-0.205610	-0.121625	-0.118375	-0.091202	-0.088765	-0.091206	-0.088761	-0.030000	0.120000
-0.076311	-0.243658	-0.159126	-0.152328	-0.153204	-0.146654	-0.153229	-0.146627	-0.050000	0.200000
-0.000225	-0.171496	-0.084777	-0.079998	-0.215927	-0.203724	-0.216012	-0.203628	-0.070000	0.280000
-0.003411	-0.003222	-0.002455	-0.002317	-0.215927	-0.203724	-0.216012	-0.203628	-0.070000	0.360000
-0.007197	0.163692	0.079309	0.075921	-0.153204	-0.146654	-0.153229	-0.146627	-0.050000	0.440000
0.073360	0.242126	0.159749	0.155480	-0.091202	-0.088765	-0.091206	-0.088761	-0.030000	0.450000
0.150123	0.320368	0.238705	0.236524	-0.030137	-0.029862	-0.030137	-0.029862	-0.010000	0.450000
0.223437	0.398693	0.316157	0.319072	0.030138	0.029863	0.030138	0.029863	0.010000	0.450000
0.293853	0.477292	0.392230	0.402999	0.091235	0.088798	0.091239	0.088794	0.030000	0.450000
0.314671	0.525753	0.429363	0.469472	0.156916	0.143665	0.106091	0.096996	0.050000	0.450000
0.394883	0.476261	0.438535	0.504343	0.225281	0.196636	0.117191	0.101839	0.052618	0.450000
0.441861	0.506796	0.464264	0.535768	0.229610	0.199781	0.117407	0.101676	0.052618	0.450000
0.535115	0.414089	0.469594	0.530432	0.230412	0.204580	0.124054	0.109763	0.032618	0.450000
0.541618	0.408639	0.476630	0.523385	0.214963	0.196067	0.122213	0.111247	0.012618	0.450000
0.551914	0.400670	0.487253	0.512751	0.183103	0.174056	0.119535	0.113565	-0.007382	0.450000
0.563611	0.392452	0.498358	0.501643	0.150489	0.149501	0.116859	0.116091	-0.027382	0.450000
0.489276	0.471271	0.509321	0.490682	0.104595	0.100730	0.118615	0.114252	-0.027382	0.450000
0.468513	0.512917	0.504587	0.495413	0.058124	0.057065	0.056988	0.055950	-0.021193	0.450000
0.421060	0.564128	0.502647	0.497353	0.017413	0.017230	0.024987	0.024724	-0.003986	0.450000
0.520375	0.465427	0.511718	0.488283	0.009643	0.009200	0.054029	0.051550	-0.007674	0.450000
0.501534	0.482740	0.509521	0.490479	0.021344	0.020543	0.055794	0.053705	-0.007674	0.450000
0.476300	0.506893	0.507761	0.492239	0.024530	0.023778	0.056477	0.054748	-0.002349	0.450000
0.478336	0.504768	0.507591	0.492410	0.020409	0.019796	0.056458	0.054767	0.002454	0.450000
0.500615	0.482985	0.508521	0.491479	0.016413	0.015861	0.056559	0.054660	0.002359	0.450000
0.520234	0.463760	0.509251	0.490750	0.017710	0.017064	0.056637	0.054576	-0.002076	0.450000
0.504795	0.479664	0.510103	0.489898	0.014560	0.013981	0.056728	0.054477	-0.002677	0.450000
0.513595	0.471771	0.511736	0.488265	0.009528	0.009090	0.056903	0.054287	-0.004839	0.450000
0.601587	0.383821	0.522831	0.477179	0.020933	0.019081	0.099296	0.090566	-0.024839	0.450000
0.564687	0.420772	0.528370	0.471652	0.026875	0.023934	0.121247	0.108097	-0.034962	0.450000
0.624559	0.358466	0.546223	0.453912	0.026867	0.022110	0.189991	0.157058	-0.054962	0.450000
0.579717	0.372693	0.554384	0.445864	0.027231	0.021557	0.221420	0.176569	-0.066464	0.450000
0.622907	0.332996	0.559031	0.441262	0.026415	0.020470	0.222945	0.174167	-0.086464	0.450000
0.632160	0.361782	0.562051	0.438274	0.029800	0.022769	0.223922	0.172580	-0.102929	0.450000
0.635796	0.360740	0.565140	0.435219	0.032657	0.024591	0.224911	0.170933	-0.119155	0.450000
0.629535	0.368822	0.565490	0.434845	0.039437	0.029675	0.216501	0.164317	-0.133650	0.450000
0.630819	0.368184	0.566210	0.434133	0.052421	0.039305	0.216721	0.163944	-0.148177	0.450000
0.588471	0.405309	0.558966	0.441295	0.091990	0.071358	0.210270	0.164363	-0.155312	0.450000
0.460147	0.527719	0.551574	0.448624	0.104763	0.084058	0.207971	0.167942	-0.135312	0.450000
0.440313	0.538155	0.537773	0.462332	0.146033	0.124600	0.203508	0.174325	-0.115312	0.450000
0.426161	0.546358	0.527372	0.472683	0.170350	0.152042	0.199988	0.178892	-0.095312	0.450000
0.413599	0.554255	0.517664	0.482358	0.190724	0.177364	0.196574	0.182980	-0.075312	0.450000
0.403292	0.561215	0.509269	0.490737	0.205114	0.197509	0.193516	0.186386	-0.055312	0.450000
0.395311	0.566926	0.502429	0.497571	0.213126	0.211039	0.190947	0.189078	-0.035312	0.450000
0.385780	0.574052	0.494033	0.505970	0.232462	0.226956	0.192340	0.187749	-0.015312	0.450000
0.415667	0.541324	0.477771	0.522266	0.302884	0.277544	0.198973	0.181824	-0.005855	0.450000
0.349986	0.605057	0.459147	0.540979	0.379085	0.324354	0.207164	0.175464	0.014145	0.450000
0.333877	0.621505	0.440447	0.559835	0.459652	0.369067	0.216119	0.169482	0.034145	0.450000
0.424664	0.536874	0.430271	0.570122	0.512732	0.398839	0.221327	0.166389	0.034145	0.450000
0.420941	0.543122	0.421822	0.578680	0.556596	0.422342	0.225851	0.163899	0.034145	0.450000
0.418776	0.547262	0.416082	0.584502	0.586199	0.437710	0.229033	0.162247	0.034145	0.450000
0.418607	0.547607	0.415598	0.584993	0.588684	0.438983	0.229305	0.162109	0.034145	0.450000
0.420912	0.544153	0.418705	0.582054	0.608874	0.458983	0.267132	0.190925	0.034145	0.450000
0.418845	0.548976	0.411925	0.588978	0.643444	0.476328	0.271662	0.188644	0.034145	0.450000
0.412711	0.563016	0.394372	0.606981	0.730777	0.518297	0.284166	0.182954	0.034578	0.450000
0.414931	0.562285	0.392187	0.609230	0.741430	0.523273	0.285805	0.182267	0.034578	0.450000
0.414519	0.564720	0.388380	0.613154	0.759859	0.531813	0.288711	0.181080	0.034578	0.450000
0.414519	0.564720	0.388380	0.613154	0.759859	0.531813	0.288711	0.181080	0.034578	0.450000
0.454945	0.530365	0.388950	0.612533	0.759180	0.532130	0.288222	0.181286	0.027826	0.450000
0.505945	0.486540	0.390297	0.611077	0.757592	0.532887	0.287087	0.181767	0.012591	0.450000
0.415601	0.562740	0.390297	0.611077	0.757592	0.532887	0.287087	0.181767	0.012591	0.450000
0.414876	0.568787	0.380515	0.621142	0.802534	0.552922	0.294709	0.178782	0.012591	0.450000
0.279213	0.689816	0.341050	0.660821	0.915262	0.582403	0.240251	0.122867	0.031141	0.450000
0.408628	0.602778	0.327354	0.674137	0.942891	0.584073	0.198765	0.095852	0.031141	0.450000
0.409373	0.604715	0.323224	0.678367	0.959645	0.591284	0.201362	0.095249	0.031141	0.450000
0.409846	0.606464	0.319673	0.681962	0.972290	0.596150	0.200699	0.093388	0.031141	0.450000
0.409566	0.607388	0.318307	0.683250	0.973897	0.595417	0.194160	0.089823	0.031141	0.450000
0.408257	0.605270	0.323333	0.678046	0.951479	0.584922	0.186690	0.088463	0.031141	0.450000
0.407055	0.602463	0.329456	0.671769	0.925207	0.573185	0.181071	0.088292	0.031141	0.450000
0.406908	0.602042	0.330340	0.670866	0.921445	0.571533	0.180439	0.088344	0.031141	0.450000
0.406908	0.602042	0.330340	0.670866	0.921445	0.571533	0.180439	0.088344	0.031141	0.450000
0.409497	0.596487	0.337617	0.664093	0.919266	0.580555	0.225279	0.113589	0.031141	0.450000
0.409673	0.594564	0.340836	0.660906	0.910642	0.578521	0.231313	0.118281	0.031141	0.450000
0.409149	0.590320	0.348721	0.652871	0.879687	0.566042	0.230577	0.122169	0.031141	0.450000
0.408664	0.586760	0.355363	0.646060	0.850408	0.553213	0.226158	0.123471	0.031141	0.450000
0.456175	0.544554	0.362271	0.638806	0.812351	0.534065	0.208517	0.117565	0.023434	0.450000
0.532557	0.481455	0.364580	0.636294	0.803720	0.530483	0.200384	0.114284	0.003434	0.450000
0.477981	0.523285	0.367583	0.633202	0.794220	0.527415	0.198680	0.114859	-0.007788	0.450000
0.529474	0.476165	0.373972	0.626605	0.767756	0.516149	0.185965	0.110651	-0.027788	0.450000
0.529504	0.476910	0.373006	0.627412	0.769261	0.515248	0.168460	0.099948	-0.047788	0.450000
0.409571	0.575929	0.373006	0.627412	0.769261	0.515248	0.168460	0.099948	-0.047788	0.450000
0.411065	0.574477	0.373621	0.626942	0.781801	0.526009	0.193503	0.114995	-0.047788	0.450000
0.449155	0.540898	0.377381	0.623098	0.764486	0.518155	0.185127	0.111855	-0.054130	0.450000
0.495964	0.501584	0.378296	0.622112	0.763634	0.518509	0.179572	0.108983	-0.068245	0.450000
0.531642	0.471191	0.379798	0.620523	0.762218	0.519132	0.171832	0.105026	-0.088245	0.450000
0.530651	0.468375	0.385101	0.615123	0.743468	0.512154	0.158435	0.099103	-0.108245	0.450000
0.528883	0.465427	0.391811	0.608316	0.714737	0.499539	0.135900	0.087497	-0.128245	0.450000
0.527630	0.461489	0.400329	0.599735	0.678818	0.484133	0.112767	0.075263	-0.148245	0.450000
0.528065	0.455853	0.410792	0.589243	0.639130	0.468786	0.096679	0.067398	-0.168245	0.450000
0.527596	0.452493	0.421938	0.578063	0.573946	0.433400	0.044333	0.032361	-0.188245	0.450000
0.424993	0.547434	0.421938	0.578063	0.573946	0.433400	0.044333	0.032361	-0.188245	0.450000
0.514826	0.464540	0.421692	0.578319	0.606059	0.458746	0.074352	0.054218	-0.205145	0.450000
0.531266	0.449014	0.427646	0.572354	0.566846	0.435699	0.026683	0.019937	-0.225145	0.450000
0.539525	0.438484	0.447253	0.552749	0.480937	0.394332	0.001307	0.001057	-0.245145	0.450000
0.493914	0.483555	0.457570	0.542432	0.432926	0.368097	-0.012926	-0.010903	-0.254195	0.450000
0.402209	0.578480	0.458818	0.541202	0.367429	0.312855	-0.078291	-0.066350	-0.243181	0.450000
0.356720	0.596223	0.456951	0.543116	0.305593	0.257328	-0.144334	-0.121308	-0.225361	0.450000
0.333547	0.598634	0.444494	0.552591	0.287050	0.230096	-0.215453	-0.172826	-0.206904	0.450000
0.333807	0.584981	0.432864	0.548284	0.290118	0.228141	-0.221962	-0.174681	-0.190801	0.450000
0.304447	0.598906	0.419147	0.543476	0.298813	0.229572	-0.224940	-0.172868	-0.170801	0.450000
0.294711	0.606281	0.409741	0.552998	0.330136	0.244019	-0.230208	-0.169855	-0.150801	0.450000
0.321402	0.654780	0.417691	0.582594	0.405010	0.293608	-0.162496	-0.116216	-0.130801	0.450000
0.313975	0.657509	0.409028	0.591097	0.481250	0.342382	-0.092401	-0.063873	-0.110801	0.450000
0.306691	0.661620	0.399288	0.600734	0.559320	0.390078	-0.023595	-0.015680	-0.090801	0.450000
0.378714	0.601609	0.379530	0.620510	0.651435	0.430640	-0.024825	-0.015180	-0.086536	0.450000
0.380850	0.558070	0.373430	0.625089	0.669640	0.435443	-0.040000	-0.023884	-0.086536	0.450000
0.468087	0.483371	0.373375	0.625165	0.679186	0.441601	-0.043327	-0.025859	-0.102175	0.450000
0.492911	0.457239	0.382049	0.616482	0.652834	0.434318	-0.042342	-0.026223	-0.122175	0.450000
0.483306	0.449681	0.382280	0.598921	0.601582	0.403836	-0.102841	-0.065519	-0.142175	0.450000
0.464703	0.417600	0.378773	0.555580	0.515106	0.360403	-0.141708	-0.096372	-0.162175	0.450000
0.471374	0.407934	0.396299	0.537975	0.427209	0.318029	-0.152621	-0.112187	-0.182175	0.450000
0.376702	0.498645	0.396299	0.537975	0.427209	0.318029	-0.152621	-0.112187	-0.182175	0.450000
0.423329	0.557283	0.426072	0.574143	0.418047	0.313210	-0.151969	-0.112544	-0.182175	0.450000
0.477221	0.505679	0.428672	0.571527	0.415750	0.314548	-0.151039	-0.113061	-0.193115	0.450000
0.463964	0.518597	0.430533	0.569655	0.414111	0.315519	-0.150380	-0.113435	-0.200880	0.450000
0.476350	0.506902	0.432934	0.567241	0.412005	0.316786	-0.149538	-0.113921	-0.210809	0.450000
0.391557	0.590381	0.443893	0.556222	0.346559	0.277446	-0.145806	-0.116196	-0.200476	0.450000
0.386492	0.598344	0.451707	0.548389	0.284035	0.234009	-0.154685	-0.127244	-0.187150	0.450000
0.357147	0.605411	0.446038	0.554197	0.241796	0.193628	-0.221050	-0.177393	-0.170909	0.450000
0.352346	0.600649	0.443670	0.556596	0.233840	0.185332	-0.225774	-0.179402	-0.155073	0.450000
0.339147	0.584194	0.435577	0.555558	0.233313	0.181700	-0.234688	-0.183341	-0.140114	0.450000
0.341421	0.564805	0.424018	0.546961	0.234824	0.180787	-0.236205	-0.182419	-0.127948	0.450000
0.323192	0.581931	0.420628	0.550392	0.236751	0.179652	-0.238147	-0.181268	-0.112477	0.450000
0.325394	0.654028	0.421726	0.578656	0.313121	0.228473	-0.201525	-0.146382	-0.092477	0.450000
0.322005	0.655356	0.418166	0.582158	0.330227	0.238559	-0.178818	-0.128095	-0.072477	0.450000
0.316854	0.659932	0.412632	0.587736	0.339788	0.240442	-0.181241	-0.126874	-0.052477	0.450000
0.403900	0.575416	0.405705	0.594674	0.387665	0.268445	-0.171764	-0.116855	-0.052477	0.450000
0.392401	0.559035	0.405705	0.594674	0.387665	0.268445	-0.171764	-0.116855	-0.052477	0.450000
0.428480	0.501069	0.401881	0.584063	0.385981	0.269279	-0.170892	-0.117263	-0.061981	0.450000
0.470519	0.430927	0.396642	0.555761	0.358096	0.257853	-0.167235	-0.119059	-0.081981	0.450000
0.380860	0.503294	0.400664	0.534117	0.288843	0.217216	-0.167026	-0.125027	-0.081981	0.450000
0.383416	0.493491	0.407032	0.521188	0.214754	0.167225	-0.187671	-0.146222	-0.081720	0.450000
0.349402	0.528929	0.413645	0.514529	0.166518	0.133346	-0.184633	-0.148130	-0.072188	0.450000
0.310261	0.566785	0.409978	0.518220	0.168020	0.132395	-0.186304	-0.147067	-0.054605	0.450000
0.349129	0.633215	0.436633	0.563593	0.175434	0.135392	-0.188525	-0.145706	-0.036437	0.450000
0.362260	0.619402	0.433444	0.566806	0.176719	0.134634	-0.189929	-0.144874	-0.022056	0.450000
0.331972	0.648358	0.428056	0.572236	0.183920	0.137130	-0.192348	-0.143490	-0.002056	0.450000
0.327151	0.652348	0.423372	0.576960	0.187497	0.137208	-0.194502	-0.142308	0.017944	0.450000
0.380249	0.592441	0.421875	0.578470	0.188143	0.136862	-0.195200	-0.141935	0.024812	0.450000
0.366081	0.551165	0.409690	0.564061	0.188572	0.136634	-0.195666	-0.141688	0.029370	0.450000
0.297786	0.589701	0.392889	0.552019	0.197977	0.140720	-0.198008	-0.140478	0.045737	0.450000
0.389284	0.473514	0.382079	0.533664	0.197327	0.141052	-0.197321	-0.140828	0.039115	0.450000
0.370224	0.467365	0.371117	0.516274	0.196887	0.141279	-0.196856	-0.141067	0.034621	0.450000
0.347862	0.473259	0.368050	0.499987	0.164232	0.120469	-0.194144	-0.142502	0.034621	0.450000
0.429352	0.392938	0.372743	0.495256	0.154225	0.115591	-0.191671	-0.143872	0.016983	0.450000
0.372976	0.604267	0.437175	0.563032	0.104228	0.080540	-0.182424	-0.141333	0.029271	0.450000
0.393017	0.585818	0.442983	0.557188	0.063259	0.050028	-0.180007	-0.142825	0.038377	0.450000
0.367586	0.612216	0.446159	0.553993	0.029041	0.023260	-0.178711	-0.143654	0.054197	0.450000
0.363340	0.616872	0.447389	0.552756	0.003526	0.002837	-0.178215	-0.143978	0.071320	0.450000
0.386923	0.592573	0.445113	0.555045	0.002558	0.002039	-0.179136	-0.143380	0.082364	0.450000
0.371891	0.583867	0.437907	0.562363	0.002605	0.002010	-0.209287	-0.162497	0.092681	0.450000
0.309005	0.611409	0.422153	0.555860	0.011591	0.008720	-0.212300	-0.160716	0.112681	0.450000
0.300589	0.590126	0.403993	0.540799	0.011703	0.008658	-0.214329	-0.159564	0.130824	0.450000
0.280233	0.590687	0.390422	0.532276	0.011829	0.008590	-0.216618	-0.158310	0.150824	0.450000
0.350290	0.520267	0.388010	0.534715	0.022419	0.016109	-0.217986	-0.157582	0.154005	0.450000
0.370183	0.568919	0.422321	0.577466	0.022286	0.016179	-0.198016	-0.144374	0.159767	0.450000
0.454344	0.485390	0.426513	0.573236	0.014920	0.011018	-0.196045	-0.145447	0.146965	0.450000
0.391426	0.523602	0.417991	0.554217	-0.011481	-0.008582	-0.203814	-0.153253	0.146965	0.450000
0.395167	0.515263	0.423785	0.547120	-0.058539	-0.044885	-0.214836	-0.165888	0.146965	0.450000
0.475112	0.403500	0.415486	0.519095	-0.075584	-0.059960	-0.210884	-0.168338	0.126965	0.450000
0.476532	0.393822	0.416302	0.508569	-0.079871	-0.064865	-0.208254	-0.170061	0.106965	0.450000
0.478708	0.382022	0.418464	0.496698	-0.099879	-0.083554	-0.213723	-0.179659	0.086965	0.450000
0.485335	0.373982	0.425634	0.489498	-0.130222	-0.112541	-0.226601	-0.196622	0.066965	0.450000
0.488205	0.356995	0.428005	0.472617	-0.161106	-0.145327	-0.228960	-0.207019	0.046965	0.450000
0.486886	0.341793	0.425511	0.456402	-0.175685	-0.163392	-0.229223	-0.213461	0.026965	0.450000
0.494437	0.337881	0.431277	0.450620	-0.183553	-0.175448	-0.226106	-0.216243	0.006965	0.450000
0.575892	0.410269	0.494613	0.505391	-0.217825	-0.213041	-0.253549	-0.248026	-0.013035	0.450000
0.477099	0.491527	0.492708	0.507301	-0.239476	-0.232317	-0.283649	-0.275272	-0.013035	0.450000
0.474845	0.480130	0.497263	0.502738	-0.274513	-0.271415	-0.297646	-0.294306	-0.013035	0.450000
0.455588	0.462571	0.496255	0.503749	-0.299842	-0.295180	-0.327135	-0.322090	-0.013035	0.450000
0.438698	0.445866	0.487135	0.494967	-0.310117	-0.304972	-0.338338	-0.332774	-0.013035	0.450000
0.432555	0.436614	0.478828	0.483270	-0.316536	-0.313494	-0.337153	-0.333931	-0.013035	0.450000
0.418128	0.420169	0.460450	0.462680	-0.320708	-0.319096	-0.336379	-0.334694	-0.013035	0.450000
0.410474	0.412478	0.450741	0.452924	-0.320708	-0.319096	-0.336379	-0.334694	-0.013035	0.450000
0.406873	0.407804	0.446062	0.447076	-0.323119	-0.322355	-0.335931	-0.335139	-0.013035	0.450000
0.404532	0.405457	0.443069	0.444076	-0.323119	-0.322355	-0.335931	-0.335139	-0.013035	0.450000
0.404909	0.405298	0.443361	0.443784	-0.324353	-0.324031	-0.335701	-0.335368	-0.013035	0.450000
0.500837	0.470070	0.516583	0.483470	-0.370617	-0.346818	-0.308340	-0.287933	-0.013035	0.450000
0.503039	0.469270	0.518276	0.481788	-0.379054	-0.352402	-0.309310	-0.286818	-0.013035	0.450000
0.514175	0.465455	0.526961	0.473178	-0.422113	-0.379750	-0.314187	-0.280976	-0.013035	0.450000
0.471015	0.446019	0.514271	0.485787	-0.421701	-0.398001	-0.368858	-0.347482	-0.013035	0.450000
0.452124	0.433222	0.506982	0.485062	-0.425538	-0.406670	-0.386425	-0.368863	-0.013035	0.450000
0.442731	0.422381	0.494413	0.470812	-0.431610	-0.410536	-0.387319	-0.367882	-0.013035	0.450000
0.435685	0.414773	0.484626	0.460417	-0.434608	-0.412432	-0.387760	-0.367395	-0.013035	0.450000
0.433314	0.410364	0.480908	0.454261	-0.442000	-0.417067	-0.388844	-0.366187	-0.013035	0.450000
0.431421	0.406496	0.477961	0.448922	-0.449275	-0.421575	-0.389906	-0.364989	-0.013035	0.450000
0.425471	0.399377	0.470000	0.439568	-0.454723	-0.424917	-0.390700	-0.364086	-0.013035	0.450000
0.425850	0.399246	0.470315	0.439256	-0.456484	-0.425992	-0.390956	-0.363793	-0.013035	0.450000
0.422983	0.395235	0.466184	0.433742	-0.461344	-0.428940	-0.391662	-0.362981	-0.013035	0.450000
0.422983	0.395235	0.466184	0.433742	-0.461344	-0.428940	-0.391662	-0.362981	-0.013035	0.450000
0.475704	0.520433	0.540396	0.459957	-0.515299	-0.441826	-0.342337	-0.289055	-0.001243	0.450000
0.534089	0.464233	0.540396	0.459957	-0.515299	-0.441826	-0.342337	-0.289055	-0.001243	0.450000
0.542976	0.460982	0.548572	0.451906	-0.543351	-0.453011	-0.335902	-0.273832	-0.001243	0.450000
0.517960	0.482725	0.547895	0.452567	-0.542863	-0.453692	-0.335539	-0.274363	0.003387	0.450000
0.474158	0.479393	0.541625	0.458770	-0.538358	-0.459804	-0.353790	-0.297084	0.010825	0.450000
0.445982	0.486928	0.537562	0.462775	-0.535311	-0.463811	-0.362029	-0.309291	0.021142	0.450000
0.389478	0.507077	0.522527	0.454566	-0.533243	-0.466479	-0.360416	-0.311442	0.038625	0.450000
0.362666	0.506735	0.502811	0.442732	-0.530809	-0.469556	-0.358540	-0.313886	0.058185	0.450000
0.374265	0.488392	0.496465	0.441640	-0.528709	-0.472161	-0.356940	-0.315927	0.074274	0.450000
0.323849	0.487732	0.458451	0.420725	-0.505944	-0.465084	-0.352012	-0.321963	0.094274	0.450000
0.334657	0.475146	0.455853	0.423299	-0.503416	-0.468002	-0.350105	-0.324200	0.111437	0.450000
0.419068	0.392298	0.455853	0.423299	-0.503416	-0.468002	-0.350105	-0.324200	0.111437	0.450000
0.410060	0.545297	0.538096	0.457916	-0.560036	-0.481507	-0.302512	-0.255962	0.131437	0.450000
0.510040	0.449386	0.536023	0.459980	-0.558412	-0.483612	-0.310424	-0.264935	0.131437	0.450000
0.462735	0.477240	0.531119	0.464857	-0.559042	-0.492671	-0.329799	-0.287259	0.138131	0.450000
0.386781	0.511587	0.515944	0.457946	-0.556081	-0.496336	-0.329874	-0.291594	0.155155	0.450000
0.356439	0.517674	0.497873	0.449021	-0.551515	-0.499535	-0.327579	-0.294459	0.175155	0.450000
0.342964	0.512080	0.481817	0.444253	-0.541047	-0.500198	-0.324352	-0.298340	0.195155	0.450000
0.328296	0.506146	0.464238	0.439212	-0.527204	-0.499399	-0.320503	-0.302753	0.215155	0.450000
0.319046	0.503374	0.453461	0.436842	-0.521426	-0.502607	-0.317740	-0.305784	0.235155	0.450000
0.414389	0.406685	0.449702	0.440252	-0.505086	-0.494547	-0.315239	-0.308437	0.235155	0.450000
0.400888	0.404527	0.434614	0.438946	-0.477696	-0.472938	-0.313471	-0.310292	0.235155	0.450000
0.393817	0.406088	0.427332	0.441654	-0.464292	-0.448919	-0.317249	-0.306673	0.235155	0.450000
0.379277	0.401513	0.411293	0.436628	-0.447701	-0.420850	-0.321759	-0.302562	0.235155	0.450000
0.379277	0.401513	0.411293	0.436628	-0.447701	-0.420850	-0.321759	-0.302562	0.235155	0.450000
0.581233	0.357921	0.509651	0.476117	-0.509678	-0.477150	-0.280094	-0.261272	0.215155	0.450000
0.486729	0.453383	0.513389	0.472396	-0.524910	-0.484533	-0.282032	-0.259017	0.215155	0.450000
0.482608	0.448095	0.514777	0.471034	-0.556602	-0.511106	-0.319786	-0.291864	0.215155	0.450000
0.472381	0.437361	0.515912	0.469918	-0.574244	-0.525072	-0.339356	-0.308174	0.215155	0.450000
0.350303	0.522081	0.496245	0.454854	-0.579445	-0.533001	-0.338393	-0.309327	0.235155	0.450000
0.327826	0.510878	0.468223	0.444660	-0.556624	-0.529281	-0.332883	-0.315657	0.255155	0.450000
0.419219	0.411466	0.457212	0.447497	-0.526824	-0.515720	-0.328038	-0.320869	0.255155	0.450000
0.401294	0.406690	0.437131	0.443651	-0.497440	-0.490044	-0.326984	-0.322037	0.255155	0.450000
0.384771	0.403420	0.418991	0.440769	-0.477508	-0.453209	-0.333186	-0.316228	0.255155	0.450000
0.378537	0.402925	0.412298	0.440389	-0.468462	-0.437468	-0.335894	-0.313819	0.255155	0.450000
0.378537	0.402925	0.412298	0.440389	-0.468462	-0.437468	-0.335894	-0.313819	0.255155	0.450000
0.563269	0.342877	0.498335	0.470036	-0.526662	-0.497572	-0.298038	-0.280718	0.235155	0.450000
0.463223	0.441256	0.497880	0.470489	-0.526233	-0.498045	-0.299843	-0.282958	0.235155	0.450000
0.455535	0.426131	0.494962	0.456891	-0.557981	-0.516637	-0.315706	-0.290787	0.235155	0.450000
0.451646	0.414993	0.489856	0.441367	-0.581314	-0.526528	-0.319128	-0.286672	0.235155	0.450000
0.345677	0.499902	0.475857	0.435102	-0.577887	-0.530545	-0.317054	-0.289189	0.253420	0.450000
0.411236	0.399554	0.443682	0.429154	-0.523193	-0.506343	-0.308841	-0.298476	0.253420	0.450000
0.398156	0.399202	0.429610	0.430869	-0.488061	-0.486632	-0.304201	-0.303290	0.253420	0.450000
0.384934	0.397102	0.415274	0.429502	-0.470952	-0.455079	-0.309087	-0.298580	0.253420	0.450000
0.365272	0.389358	0.393480	0.420795	-0.450790	-0.420570	-0.314578	-0.293615	0.253420	0.450000
0.354877	0.384326	0.381897	0.414822	-0.440786	-0.404422	-0.317205	-0.291353	0.253420	0.450000
0.354877	0.384326	0.381897	0.414822	-0.440786	-0.404422	-0.317205	-0.291353	0.253420	0.450000
0.553508	0.335553	0.475458	0.447416	-0.495680	-0.467328	-0.252738	-0.237574	0.233420	0.450000
0.470772	0.426655	0.489030	0.433905	-0.553489	-0.494451	-0.259421	-0.229569	0.233420	0.450000
0.483759	0.422969	0.501223	0.421794	-0.603142	-0.514639	-0.265096	-0.221964	0.233420	0.450000
0.493134	0.423202	0.509254	0.413879	-0.650786	-0.539824	-0.294888	-0.237754	0.233420	0.450000
0.399412	0.473749	0.507069	0.415429	-0.656265	-0.548202	-0.303299	-0.246624	0.246618	0.450000
0.352313	0.504053	0.495158	0.412706	-0.651706	-0.552356	-0.301291	-0.249565	0.266618	0.450000
0.328226	0.497115	0.463009	0.414893	-0.598695	-0.540028	-0.292473	-0.261377	0.286618	0.450000
0.415167	0.400270	0.444235	0.425491	-0.536436	-0.514428	-0.283754	-0.271537	0.286618	0.450000
0.398241	0.402952	0.426261	0.431895	-0.487520	-0.481167	-0.279652	-0.275927	0.286618	0.450000
0.392538	0.405694	0.421349	0.436816	-0.475215	-0.458227	-0.282987	-0.272752	0.286618	0.450000
0.390936	0.406492	0.419983	0.438186	-0.471658	-0.451821	-0.283930	-0.271880	0.286618	0.450000
0.472002	0.327925	0.423130	0.435031	-0.468080	-0.455176	-0.281769	-0.273894	0.270593	0.450000
0.617066	0.367844	0.531381	0.468696	-0.550599	-0.489340	-0.230766	-0.203051	0.250593	0.450000
0.522781	0.467807	0.535187	0.464950	-0.594045	-0.521138	-0.277286	-0.240013	0.250593	0.450000
0.509147	0.460003	0.532550	0.467612	-0.613449	-0.543246	-0.321728	-0.281365	0.250593	0.450000
0.408460	0.504891	0.532376	0.452628	-0.652453	-0.562297	-0.330355	-0.279270	0.265012	0.450000
0.346587	0.516052	0.491599	0.439184	-0.619135	-0.556955	-0.323605	-0.288160	0.285012	0.450000
0.427182	0.411228	0.462902	0.442306	-0.556858	-0.532732	-0.313874	-0.299562	0.285012	0.450000
0.406998	0.410863	0.440784	0.445506	-0.507320	-0.501929	-0.308567	-0.305212	0.285012	0.450000
0.400260	0.413129	0.433775	0.449157	-0.494959	-0.477761	-0.312467	-0.301486	0.285012	0.450000
0.390108	0.410515	0.422549	0.446479	-0.483994	-0.457424	-0.315808	-0.298433	0.285012	0.450000
0.390108	0.410515	0.422549	0.446479	-0.483994	-0.457424	-0.315808	-0.298433	0.285012	0.450000
0.572225	0.339329	0.493481	0.451871	-0.551770	-0.507350	-0.268245	-0.245186	0.265012	0.450000
0.559196	0.371843	0.517284	0.428233	-0.637061	-0.536584	-0.279681	-0.230095	0.253254	0.450000
0.487764	0.429353	0.513106	0.432438	-0.646666	-0.553066	-0.319104	-0.267325	0.253254	0.450000
0.484695	0.417285	0.523200	0.422507	-0.693300	-0.572978	-0.341417	-0.273067	0.253254	0.450000
0.347828	0.501318	0.500597	0.406435	-0.697875	-0.579523	-0.340714	-0.274136	0.273254	0.450000
0.322491	0.490416	0.465467	0.404237	-0.650857	-0.571389	-0.331776	-0.286823	0.293254	0.450000
0.403733	0.386342	0.434792	0.412137	-0.571966	-0.543085	-0.319180	-0.302128	0.293254	0.450000
0.394872	0.389857	0.426606	0.420299	-0.535031	-0.527211	-0.313239	-0.308490	0.293254	0.450000
0.394872	0.389857	0.426606	0.420299	-0.535031	-0.527211	-0.313239	-0.308490	0.293254	0.450000
0.599717	0.336612	0.518388	0.442573	-0.631280	-0.545911	-0.293326	-0.249256	0.273254	0.450000
0.475893	0.448090	0.528237	0.432834	-0.673481	-0.563138	-0.306921	-0.249624	0.276830	0.450000
0.477196	0.422969	0.520253	0.440791	-0.666178	-0.572648	-0.339120	-0.285589	0.276830	0.450000
0.379642	0.498195	0.513588	0.430740	-0.682497	-0.582002	-0.340480	-0.283670	0.293042	0.450000
0.341039	0.512556	0.489127	0.432376	-0.647983	-0.577784	-0.333228	-0.293459	0.313042	0.450000
0.437442	0.413258	0.477224	0.444188	-0.602505	-0.562551	-0.325719	-0.302588	0.313042	0.450000
0.424469	0.418181	0.464760	0.456606	-0.552342	-0.542796	-0.317399	-0.311686	0.313042	0.450000
0.401575	0.420134	0.436761	0.459122	-0.512166	-0.486721	-0.322846	-0.306693	0.313042	0.450000
0.401575	0.420134	0.436761	0.459122	-0.512166	-0.486721	-0.322846	-0.306693	0.313042	0.450000
0.591040	0.351166	0.514485	0.466763	-0.583806	-0.532506	-0.278786	-0.252392	0.293042	0.450000
0.498534	0.448874	0.524421	0.456901	-0.626247	-0.551233	-0.294030	-0.255222	0.293042	0.450000
0.496472	0.447760	0.524237	0.457103	-0.636971	-0.561093	-0.313451	-0.272212	0.293042	0.450000
0.400950	0.509368	0.528929	0.448456	-0.669574	-0.576223	-0.318561	-0.268628	0.308341	0.450000
0.401581	0.483431	0.504034	0.446505	-0.638558	-0.570504	-0.312855	-0.276229	0.320000	0.450000
0.441397	0.422892	0.477840	0.453343	-0.577572	-0.549001	-0.303393	-0.287489	0.320000	0.450000
0.417734	0.423372	0.451587	0.458559	-0.521171	-0.513259	-0.297987	-0.293350	0.320000	0.450000
0.402308	0.424109	0.434830	0.460735	-0.500513	-0.471842	-0.304677	-0.287132	0.320000	0.450000
0.404506	0.421996	0.434920	0.460645	-0.500405	-0.471939	-0.304612	-0.287189	0.319573	0.450000
0.580840	0.353884	0.505607	0.473274	-0.562600	-0.528060	-0.280749	-0.262440	0.299573	0.450000
0.525751	0.409342	0.524559	0.454465	-0.643539	-0.563788	-0.315850	-0.272456	0.293234	0.450000
0.474106	0.430513	0.519871	0.457055	-0.646243	-0.573335	-0.340462	-0.298077	0.293234	0.450000
0.455391	0.440583	0.521804	0.441950	-0.679768	-0.584434	-0.345716	-0.291015	0.296804	0.450000
0.345451	0.516326	0.496849	0.436009	-0.659700	-0.584576	-0.340717	-0.297744	0.316804	0.450000
0.429232	0.431430	0.487273	0.443078	-0.630739	-0.576611	-0.335525	-0.304254	0.320000	0.450000
0.412216	0.409629	0.448140	0.444820	-0.550566	-0.546526	-0.321852	-0.319404	0.320000	0.450000
0.404997	0.412843	0.440743	0.450524	-0.533983	-0.522316	-0.324290	-0.317054	0.320000	0.450000
0.404997	0.412843	0.440743	0.450524	-0.533983	-0.522316	-0.324290	-0.317054	0.320000	0.450000
0.581778	0.343840	0.507667	0.466260	-0.611059	-0.563539	-0.334034	-0.306040	0.300000	0.450000
0.597162	0.320030	0.534123	0.440115	-0.700174	-0.588521	-0.359103	-0.293431	0.280000	0.450000
0.485919	0.423287	0.536421	0.437882	-0.714225	-0.595962	-0.371954	-0.300764	0.280000	0.450000
0.489624	0.413784	0.544882	0.415327	-0.767452	-0.608328	-0.381280	-0.285742	0.280000	0.450000
0.379778	0.486159	0.525199	0.404597	-0.765225	-0.611530	-0.379863	-0.288156	0.295761	0.450000
0.326810	0.494322	0.483096	0.402469	-0.713035	-0.605186	-0.369022	-0.305076	0.315761	0.450000
0.414843	0.386585	0.451819	0.411788	-0.637994	-0.584363	-0.355436	-0.322982	0.315761	0.450000
0.414843	0.386585	0.451819	0.411788	-0.637994	-0.584363	-0.355436	-0.322982	0.315761	0.450000
0.616290	0.314722	0.528533	0.400102	-0.744185	-0.586069	-0.314448	-0.234398	0.295761	0.450000
0.504922	0.417999	0.535606	0.393123	-0.766925	-0.590875	-0.317686	-0.228552	0.295761	0.450000
0.515627	0.418539	0.549622	0.379302	-0.809913	-0.598903	-0.323840	-0.216356	0.295761	0.450000
0.497054	0.407602	0.549558	0.373621	-0.822457	-0.602705	-0.330614	-0.216734	0.296277	0.450000
0.355994	0.499028	0.524780	0.369416	-0.806061	-0.604506	-0.327167	-0.223959	0.316277	0.450000
0.429250	0.402528	0.486360	0.376862	-0.739598	-0.593111	-0.317033	-0.242593	0.320000	0.450000
0.434616	0.382318	0.466156	0.388251	-0.683487	-0.579752	-0.308705	-0.255518	0.320000	0.450000
0.408720	0.377824	0.436014	0.393908	-0.614835	-0.558888	-0.298533	-0.269044	0.320000	0.450000
0.408720	0.377824	0.436014	0.393908	-0.614835	-0.558888	-0.298533	-0.269044	0.320000	0.450000
0.582308	0.304712	0.506767	0.413024	-0.702364	-0.585369	-0.331926	-0.268273	0.300000	0.450000
0.483861	0.405457	0.526839	0.393285	-0.774353	-0.604677	-0.352748	-0.258471	0.300000	0.450000
0.490043	0.399293	0.540456	0.367072	-0.839861	-0.616604	-0.365817	-0.239151	0.300000	0.450000
0.478635	0.383130	0.534258	0.331266	-0.895263	-0.624168	-0.375111	-0.216912	0.300000	0.450000
0.331913	0.474142	0.514551	0.322323	-0.893704	-0.627153	-0.374090	-0.219542	0.319020	0.450000
0.442590	0.371689	0.493629	0.330793	-0.853970	-0.622527	-0.367223	-0.236027	0.320000	0.450000
0.428823	0.359882	0.464850	0.344541	-0.787807	-0.612652	-0.356003	-0.258725	0.320000	0.450000
0.408248	0.355352	0.438327	0.355425	-0.721743	-0.599541	-0.344936	-0.277184	0.320000	0.450000
0.408248	0.355352	0.438327	0.355425	-0.721743	-0.599541	-0.344936	-0.277184	0.320000	0.450000
0.623005	0.291608	0.518742	0.341600	-0.829039	-0.594292	-0.298415	-0.188034	0.300000	0.450000
0.513592	0.400759	0.546577	0.314066	-0.909978	-0.605717	-0.309029	-0.159779	0.300000	0.450000
0.515241	0.402918	0.552839	0.308077	-0.934446	-0.614878	-0.333762	-0.163745	0.300000	0.450000
0.504747	0.394814	0.564471	0.296782	-0.969439	-0.623559	-0.355363	-0.156503	0.300000	0.450000
0.421130	0.441578	0.565473	0.289895	-0.982645	-0.626204	-0.357206	-0.149528	0.309761	0.450000
0.406180	0.434885	0.540708	0.299336	-0.947486	-0.623880	-0.351397	-0.170295	0.320000	0.450000
0.462198	0.372581	0.506036	0.328853	-0.859349	-0.613852	-0.337682	-0.208787	0.320000	0.450000
0.411483	0.395482	0.474554	0.356716	-0.765074	-0.600301	-0.323051	-0.238869	0.324846	0.450000
0.440429	0.370179	0.474554	0.356716	-0.765074	-0.600301	-0.323051	-0.238869	0.324846	0.450000
0.621020	0.345405	0.565575	0.355420	-0.865175	-0.604479	-0.311438	-0.184156	0.310774	0.450000
0.527533	0.419089	0.565575	0.355420	-0.865175	-0.604479	-0.311438	-0.184156	0.310774	0.450000
0.512461	0.411092	0.561690	0.359484	-0.866993	-0.613748	-0.341572	-0.206834	0.310774	0.450000
0.431711	0.446463	0.543726	0.357353	-0.853484	-0.613788	-0.339081	-0.212789	0.320000	0.450000
0.462680	0.384334	0.502828	0.366116	-0.786731	-0.603686	-0.328829	-0.234315	0.320000	0.450000
0.412256	0.387898	0.457879	0.377717	-0.695035	-0.585076	-0.314735	-0.257829	0.322660	0.450000
0.400945	0.369862	0.427239	0.384578	-0.622212	-0.563786	-0.303719	-0.272675	0.322660	0.450000
0.400945	0.369862	0.427239	0.384578	-0.622212	-0.563786	-0.303719	-0.272675	0.322660	0.450000
0.584577	0.286614	0.485063	0.363149	-0.726763	-0.566515	-0.258031	-0.190247	0.302660	0.450000
0.464056	0.377736	0.499039	0.349456	-0.794575	-0.592673	-0.305194	-0.207736	0.302660	0.450000
0.457335	0.373171	0.489307	0.344123	-0.794695	-0.594690	-0.311496	-0.213091	0.302660	0.450000
0.374192	0.428747	0.494934	0.316046	-0.860837	-0.607619	-0.320237	-0.193518	0.314972	0.450000
0.387896	0.371275	0.445880	0.320391	-0.786401	-0.597442	-0.309413	-0.217221	0.320000	0.450000
0.398147	0.342009	0.420286	0.334967	-0.710590	-0.581918	-0.298742	-0.235900	0.320000	0.450000
0.398147	0.342009	0.420286	0.334967	-0.710590	-0.581918	-0.298742	-0.235900	0.320000	0.450000
0.431887	0.360110	0.468157	0.308985	-0.813646	-0.582095	-0.246874	-0.156307	0.321645	0.450000
0.437027	0.351837	0.462251	0.313247	-0.808759	-0.589780	-0.274332	-0.179510	0.321645	0.450000
0.439892	0.347276	0.471502	0.291670	-0.865510	-0.597922	-0.281269	-0.162878	0.321645	0.450000
0.376792	0.379572	0.457546	0.284577	-0.864671	-0.599455	-0.280870	-0.163917	0.329395	0.450000
0.397005	0.328408	0.421153	0.291937	-0.796944	-0.589973	-0.272500	-0.183423	0.330000	0.450000
0.382364	0.322424	0.398285	0.306880	-0.721941	-0.575688	-0.263371	-0.200560	0.330000	0.450000
0.382364	0.322424	0.398285	0.306880	-0.721941	-0.575688	-0.263371	-0.200560	0.330000	0.450000
0.580245	0.254009	0.464382	0.298798	-0.822426	-0.578405	-0.240718	-0.147387	0.310000	0.450000
0.471859	0.363105	0.490191	0.273216	-0.913168	-0.595842	-0.267099	-0.131551	0.309870	0.450000
0.468051	0.362820	0.493663	0.269913	-0.930644	-0.603788	-0.289902	-0.137927	0.309870	0.450000
0.301875	0.462981	0.511965	0.246402	-0.994522	-0.613821	-0.297515	-0.108596	0.329870	0.450000
0.442840	0.347337	0.482428	0.266811	-0.929243	-0.607031	-0.289154	-0.140407	0.330000	0.450000
0.285223	0.437706	0.438064	0.291205	-0.831361	-0.600005	-0.276052	-0.176280	0.350000	0.450000
0.413085	0.333308	0.438064	0.291205	-0.831361	-0.600005	-0.276052	-0.176280	0.350000	0.450000
0.568131	0.243726	0.460457	0.293823	-0.828317	-0.579331	-0.224213	-0.135825	0.330000	0.450000
0.430710	0.341192	0.452583	0.297455	-0.809768	-0.576735	-0.223048	-0.140547	0.330000	0.450000
0.420458	0.335210	0.439978	0.296336	-0.793691	-0.574164	-0.221505	-0.144044	0.330000	0.450000
0.404078	0.328825	0.419874	0.301613	-0.749174	-0.566115	-0.217253	-0.152855	0.330000	0.450000
0.384390	0.324084	0.396888	0.309980	-0.686395	-0.551956	-0.211290	-0.163501	0.330000	0.450000
0.374549	0.324829	0.386001	0.317954	-0.643462	-0.540023	-0.207220	-0.169834	0.330000	0.450000
0.374549	0.324829	0.386001	0.317954	-0.643462	-0.540023	-0.207220	-0.169834	0.330000	0.450000
0.562201	0.260893	0.452920	0.327403	-0.735041	-0.557379	-0.216828	-0.153678	0.310000	0.450000
0.597099	0.261573	0.480588	0.299875	-0.827980	-0.569936	-0.226211	-0.132816	0.290000	0.450000
0.474724	0.365158	0.487515	0.292976	-0.851538	-0.573761	-0.228386	-0.126987	0.290000	0.450000
0.485437	0.367688	0.503402	0.277063	-0.897586	-0.576614	-0.218583	-0.105490	0.290000	0.450000
0.347806	0.466795	0.494398	0.289140	-0.855761	-0.564685	-0.179157	-0.095691	0.310000	0.450000
0.332872	0.467185	0.460590	0.322997	-0.765300	-0.568621	-0.216873	-0.148269	0.330000	0.450000
0.301610	0.454898	0.428248	0.345137	-0.671866	-0.554212	-0.207004	-0.165755	0.350000	0.450000
0.411699	0.353568	0.428248	0.345137	-0.671866	-0.554212	-0.207004	-0.165755	0.350000	0.450000
0.557411	0.287099	0.462795	0.375749	-0.641259	-0.531412	-0.181630	-0.146643	0.330113	0.450000
0.444337	0.387898	0.456659	0.381867	-0.616457	-0.523575	-0.179610	-0.149621	0.330113	0.450000
0.443102	0.388215	0.455448	0.383074	-0.611487	-0.521919	-0.179205	-0.150197	0.330113	0.450000
0.443102	0.388215	0.455448	0.383074	-0.611487	-0.521919	-0.179205	-0.150197	0.330113	0.450000
0.486271	0.345705	0.453138	0.385377	-0.596197	-0.513605	-0.178426	-0.151286	0.321409	0.450000
0.432797	0.391259	0.445415	0.393080	-0.563296	-0.501210	-0.175758	-0.154842	0.321409	0.450000
0.419298	0.392580	0.429002	0.409466	-0.507944	-0.485660	-0.198577	-0.189442	0.320337	0.450000
0.438429	0.374381	0.429995	0.408475	-0.509013	-0.484498	-0.199018	-0.188955	0.315623	0.450000
0.589871	0.329974	0.502926	0.428669	-0.595238	-0.513738	-0.208557	-0.177172	0.295623	0.450000
0.485812	0.428907	0.502926	0.428669	-0.595238	-0.513738	-0.208557	-0.177172	0.295623	0.450000
0.487490	0.430456	0.503454	0.428164	-0.610175	-0.525808	-0.230664	-0.195436	0.295623	0.450000
0.350667	0.521772	0.486019	0.442143	-0.589092	-0.538803	-0.268500	-0.243800	0.315623	0.450000
0.422108	0.444876	0.474969	0.447398	-0.560124	-0.528924	-0.264306	-0.248696	0.320000	0.450000
0.432621	0.425869	0.462152	0.453754	-0.521165	-0.511906	-0.259106	-0.254317	0.320000	0.450000
0.421084	0.428526	0.449803	0.458752	-0.493955	-0.484368	-0.259334	-0.254185	0.320000	0.450000
0.428259	0.416083	0.439986	0.465109	-0.472489	-0.446697	-0.264202	-0.249669	0.316493	0.450000
0.492354	0.354544	0.443472	0.461613	-0.468701	-0.450167	-0.262083	-0.251595	0.300543	0.450000
0.581966	0.366640	0.510196	0.487894	-0.518282	-0.496284	-0.260021	-0.248457	0.280543	0.450000
0.482586	0.464799	0.509966	0.488124	-0.518069	-0.496514	-0.260938	-0.249567	0.280543	0.450000
0.468330	0.459714	0.504389	0.493692	-0.518903	-0.508070	-0.292147	-0.285813	0.280543	0.450000
0.440376	0.444688	0.477817	0.483053	-0.492108	-0.486772	-0.290635	-0.287412	0.280543	0.450000
0.431046	0.446748	0.467806	0.486408	-0.477031	-0.458538	-0.294897	-0.283356	0.280543	0.450000
0.416043	0.446565	0.451712	0.486791	-0.456159	-0.422323	-0.300515	-0.278342	0.280543	0.450000
0.424404	0.413476	0.427084	0.484482	-0.416683	-0.364883	-0.308945	-0.271445	0.273783	0.450000
0.492812	0.348769	0.432165	0.479353	-0.415279	-0.372621	-0.305202	-0.274420	0.253783	0.450000
0.508243	0.427500	0.496830	0.488055	-0.456812	-0.448859	-0.241676	-0.237339	0.246140	0.450000
0.447598	0.458039	0.486295	0.498594	-0.458653	-0.447214	-0.290892	-0.283548	0.246140	0.450000
0.439001	0.440747	0.476043	0.478133	-0.470532	-0.468473	-0.287819	-0.286532	0.246140	0.450000
0.416590	0.428860	0.450587	0.464898	-0.454903	-0.440703	-0.291843	-0.282648	0.246140	0.450000
0.399152	0.422965	0.431274	0.458346	-0.436442	-0.409965	-0.296410	-0.278484	0.246140	0.450000
0.380223	0.417858	0.410869	0.452473	-0.412398	-0.372919	-0.302084	-0.273635	0.246140	0.450000
0.402415	0.366940	0.387273	0.443269	-0.375077	-0.325083	-0.308485	-0.268555	0.236577	0.450000
0.436741	0.315023	0.373720	0.436251	-0.340056	-0.288268	-0.311851	-0.266035	0.216577	0.450000
0.442624	0.311395	0.378428	0.431486	-0.341514	-0.297107	-0.307846	-0.269044	0.196577	0.450000
0.519708	0.340311	0.445959	0.452549	-0.380641	-0.375050	-0.248079	-0.244401	0.176577	0.450000
0.492906	0.379498	0.463130	0.435400	-0.450650	-0.424268	-0.253725	-0.238250	0.167202	0.450000
0.435528	0.407494	0.466281	0.432273	-0.495251	-0.460098	-0.293547	-0.271612	0.167202	0.450000
0.437317	0.399897	0.467988	0.421450	-0.525393	-0.475215	-0.297374	-0.267027	0.167202	0.450000
0.327229	0.490479	0.456603	0.414255	-0.530414	-0.483135	-0.296401	-0.268218	0.187202	0.450000
0.308319	0.484867	0.434029	0.411908	-0.497377	-0.472569	-0.290365	-0.275228	0.207202	0.450000
0.383482	0.387800	0.410102	0.415060	-0.435110	-0.429865	-0.284745	-0.281265	0.207202	0.450000
0.256452	0.471115	0.371385	0.409106	-0.392214	-0.354528	-0.297726	-0.269622	0.226639	0.450000
0.365989	0.363554	0.372054	0.408432	-0.391459	-0.355154	-0.297176	-0.270077	0.222754	0.450000
0.501063	0.316388	0.425424	0.427172	-0.389903	-0.388311	-0.223459	-0.222532	0.202754	0.450000
0.446099	0.370771	0.426254	0.426342	-0.386198	-0.386118	-0.223018	-0.222971	0.194647	0.450000
0.395947	0.396024	0.417298	0.417385	-0.386198	-0.386118	-0.223018	-0.222971	0.194647	0.450000
0.431554	0.347488	0.411113	0.408028	-0.387601	-0.384704	-0.223844	-0.222139	0.185905	0.450000
0.379035	0.382108	0.398260	0.401665	-0.373394	-0.370221	-0.223962	-0.222035	0.185905	0.450000
0.365661	0.375720	0.383917	0.394912	-0.358937	-0.348849	-0.226236	-0.219844	0.185905	0.450000
0.384214	0.356357	0.382422	0.396409	-0.349371	-0.336887	-0.227135	-0.219001	0.181454	0.450000
0.400293	0.339834	0.381489	0.397344	-0.338613	-0.324896	-0.227700	-0.218477	0.173211	0.450000
0.435679	0.306209	0.384113	0.394716	-0.336250	-0.327108	-0.226120	-0.219953	0.157929	0.450000
0.481516	0.410143	0.474461	0.454547	-0.399726	-0.383183	-0.227743	-0.218038	0.152172	0.450000
0.454590	0.436886	0.474461	0.454547	-0.399726	-0.383183	-0.227743	-0.218038	0.152172	0.450000
0.428692	0.465173	0.478380	0.450637	-0.422975	-0.398964	-0.229553	-0.216032	0.158643	0.450000
0.334741	0.520587	0.457210	0.456222	-0.395607	-0.394751	-0.247269	-0.246725	0.178643	0.450000
0.401870	0.424646	0.429512	0.454385	-0.351696	-0.331977	-0.254286	-0.240109	0.178643	0.450000
0.374028	0.431201	0.405780	0.456971	-0.300155	-0.265087	-0.262888	-0.232888	0.179610	0.450000
0.354186	0.421202	0.380341	0.449482	-0.254758	-0.213487	-0.269909	-0.227611	0.179610	0.450000
0.377421	0.377980	0.365087	0.442250	-0.220581	-0.179892	-0.273645	-0.225001	0.171071	0.450000
0.360494	0.352357	0.340608	0.418121	-0.195851	-0.157403	-0.275694	-0.223622	0.161377	0.450000
0.418651	0.299036	0.350444	0.408170	-0.230275	-0.196002	-0.267759	-0.229173	0.141377	0.450000
0.496558	0.329600	0.422777	0.435369	-0.275878	-0.267804	-0.195871	-0.190140	0.121377	0.450000
0.509812	0.322967	0.432510	0.425634	-0.302651	-0.297843	-0.195388	-0.192245	0.101377	0.450000
0.420524	0.412728	0.433251	0.424894	-0.331956	-0.325551	-0.223900	-0.219514	0.101377	0.450000
0.404753	0.393570	0.427228	0.414843	-0.354042	-0.343803	-0.237071	-0.230080	0.101377	0.450000
0.332365	0.455286	0.421568	0.408361	-0.368412	-0.356927	-0.237347	-0.229785	0.116001	0.450000
0.386607	0.385878	0.407810	0.407013	-0.334638	-0.333980	-0.233859	-0.233394	0.116001	0.450000
0.360430	0.379358	0.380450	0.400494	-0.289250	-0.274401	-0.239889	-0.227677	0.116001	0.450000
0.331683	0.377764	0.354197	0.395404	-0.235109	-0.209600	-0.247463	-0.221232	0.116691	0.450000
0.428519	0.283712	0.358247	0.391332	-0.237070	-0.216279	-0.244610	-0.223572	0.096691	0.450000
0.497977	0.334577	0.426088	0.439505	-0.215241	-0.208584	-0.176387	-0.170950	0.076691	0.450000
0.499019	0.334208	0.427100	0.438492	-0.200972	-0.195682	-0.175965	-0.171348	0.056691	0.450000
0.509673	0.332763	0.435762	0.434890	-0.206877	-0.206460	-0.170546	-0.170201	0.036691	0.450000
0.489562	0.323887	0.425059	0.436008	-0.210185	-0.204786	-0.222782	-0.217097	0.016691	0.450000
0.400531	0.383379	0.409138	0.418626	-0.209911	-0.205047	-0.222495	-0.217370	0.013715	0.450000
0.477455	0.301606	0.409921	0.410401	-0.213047	-0.212794	-0.220034	-0.219772	-0.006285	0.450000
0.389701	0.383821	0.409345	0.403130	-0.232637	-0.229063	-0.221600	-0.218180	-0.006285	0.450000
0.386146	0.378723	0.404847	0.396999	-0.237805	-0.233148	-0.222070	-0.217694	-0.006285	0.450000
0.374788	0.377521	0.400473	0.385303	-0.262570	-0.252586	-0.224137	-0.215503	-0.004380	0.450000
0.383290	0.369042	0.400473	0.385303	-0.262570	-0.252586	-0.224137	-0.215503	-0.004380	0.450000
0.358166	0.527970	0.467536	0.458719	-0.258326	-0.253411	-0.223674	-0.219386	0.015620	0.450000
0.427248	0.442265	0.455245	0.471017	-0.230856	-0.222881	-0.254469	-0.245771	0.015620	0.450000
0.402472	0.435071	0.432946	0.466838	-0.188637	-0.174350	-0.260042	-0.240776	0.015620	0.450000
0.423595	0.399949	0.418689	0.466435	-0.145176	-0.129566	-0.264609	-0.236973	0.007557	0.450000
0.457246	0.336662	0.399000	0.452511	-0.104072	-0.091106	-0.267175	-0.234942	-0.012443	0.450000
0.458686	0.333389	0.400160	0.448781	-0.096180	-0.085215	-0.265565	-0.236208	-0.032443	0.450000
0.452229	0.317512	0.392141	0.431269	-0.098171	-0.088823	-0.262791	-0.238457	-0.052443	0.450000
0.446735	0.296414	0.383080	0.406729	-0.118223	-0.111052	-0.257932	-0.242618	-0.072443	0.450000
0.460783	0.289517	0.393266	0.396520	-0.156143	-0.154822	-0.251103	-0.248997	-0.092443	0.450000
0.445855	0.441810	0.467012	0.462848	-0.207819	-0.205908	-0.280014	-0.277448	-0.092443	0.450000
0.434907	0.434747	0.465013	0.464846	-0.219761	-0.219679	-0.299840	-0.299729	-0.092443	0.450000
0.412720	0.423009	0.457170	0.447484	-0.249431	-0.243986	-0.303065	-0.296433	-0.090266	0.450000
0.368990	0.445325	0.442917	0.436578	-0.248561	-0.244888	-0.302000	-0.297537	-0.081006	0.450000
0.317604	0.469538	0.424299	0.423717	-0.246913	-0.246562	-0.299997	-0.299572	-0.063844	0.450000
0.377920	0.387495	0.407311	0.417306	-0.219605	-0.214099	-0.303581	-0.296079	-0.063844	0.450000
0.369844	0.391215	0.401265	0.423375	-0.187485	-0.177137	-0.308307	-0.291707	-0.063844	0.450000
0.361452	0.389000	0.391270	0.419486	-0.169464	-0.157364	-0.310938	-0.289382	-0.063844	0.450000
0.356513	0.384355	0.385410	0.413867	-0.167634	-0.155394	-0.311204	-0.289150	-0.063844	0.450000
0.356513	0.384355	0.385410	0.413867	-0.167634	-0.155394	-0.311204	-0.289150	-0.063844	0.450000
0.507057	0.338680	0.440812	0.446784	-0.147771	-0.145738	-0.241442	-0.238149	-0.083844	0.450000
0.418964	0.426215	0.440081	0.447516	-0.144154	-0.141686	-0.241851	-0.237752	-0.083844	0.450000
0.418964	0.426215	0.440081	0.447516	-0.144154	-0.141686	-0.241851	-0.237752	-0.083844	0.450000
0.494294	0.353133	0.443111	0.444483	-0.143137	-0.142683	-0.240163	-0.239407	-0.100214	0.450000
0.447812	0.400361	0.444107	0.443488	-0.143012	-0.142808	-0.239955	-0.239614	-0.105596	0.450000
0.432861	0.415503	0.443010	0.444584	-0.143171	-0.142649	-0.247573	-0.246677	-0.107767	0.450000
0.488243	0.332939	0.438871	0.442955	-0.143600	-0.142226	-0.271120	-0.268556	-0.126058	0.450000
0.476820	0.322261	0.428002	0.425836	-0.143284	-0.142534	-0.270533	-0.269128	-0.143574	0.450000
0.474498	0.326765	0.430816	0.423025	-0.144241	-0.141554	-0.272337	-0.267281	-0.159685	0.450000
0.503918	0.415232	0.492142	0.473924	-0.145610	-0.140104	-0.261006	-0.251107	-0.167851	0.450000
0.486012	0.421545	0.482154	0.483901	-0.143182	-0.142639	-0.307959	-0.306808	-0.175453	0.450000
0.485268	0.381429	0.475765	0.485714	-0.144505	-0.141350	-0.341233	-0.333949	-0.188475	0.450000
0.463666	0.384771	0.465214	0.471326	-0.143909	-0.141924	-0.339866	-0.335271	-0.198211	0.450000
0.499852	0.329239	0.455137	0.454115	-0.143080	-0.142740	-0.337949	-0.337157	-0.217698	0.450000
0.496744	0.313540	0.445318	0.435976	-0.149009	-0.145720	-0.341251	-0.333776	-0.237698	0.450000
0.403897	0.385999	0.432844	0.414292	-0.182748	-0.174578	-0.345119	-0.329649	-0.237698	0.450000
0.410185	0.377422	0.436217	0.401747	-0.242344	-0.222670	-0.351542	-0.322365	-0.237698	0.450000
0.319530	0.466691	0.435030	0.402919	-0.254052	-0.234780	-0.350612	-0.323454	-0.217698	0.450000
0.376974	0.504697	0.480941	0.428864	-0.249073	-0.222063	-0.293063	-0.260160	-0.197698	0.450000
0.360837	0.504906	0.471787	0.437938	-0.220370	-0.204326	-0.294860	-0.272995	-0.177697	0.450000
0.338347	0.497775	0.457741	0.440923	-0.189060	-0.181929	-0.289717	-0.278746	-0.157697	0.450000
0.322719	0.495605	0.441652	0.439784	-0.164468	-0.163746	-0.284954	-0.283712	-0.137697	0.450000
0.393343	0.405063	0.424424	0.436532	-0.126180	-0.122513	-0.288508	-0.280276	-0.137697	0.450000
0.374996	0.399481	0.404939	0.429950	-0.088094	-0.082684	-0.293367	-0.275827	-0.137697	0.450000
0.371745	0.399656	0.401663	0.430111	-0.077725	-0.072288	-0.294690	-0.274663	-0.137697	0.450000
0.361068	0.405056	0.393551	0.438284	-0.028775	-0.025650	-0.300950	-0.269415	-0.137697	0.450000
0.420695	0.449463	0.444953	0.474236	-0.017530	-0.016408	-0.231844	-0.217289	-0.137697	0.450000
0.510242	0.361550	0.447558	0.471623	-0.009626	-0.009117	-0.230469	-0.218512	-0.157697	0.450000
0.512880	0.360185	0.449595	0.469581	0.001394	0.001332	-0.229406	-0.219479	-0.177697	0.450000
0.518613	0.357342	0.453957	0.465212	0.000276	0.000269	-0.227163	-0.221574	-0.197698	0.450000
0.524743	0.354386	0.458580	0.460585	-0.002064	-0.002055	-0.224833	-0.223838	-0.217698	0.450000
0.537946	0.348455	0.468294	0.450879	-0.032075	-0.030861	-0.228579	-0.219926	-0.237698	0.450000
0.538904	0.352497	0.466533	0.452640	-0.051466	-0.049889	-0.272148	-0.263835	-0.257698	0.450000
0.487555	0.409399	0.473108	0.446088	-0.083590	-0.078711	-0.275913	-0.259720	-0.263631	0.450000
0.487056	0.459673	0.512431	0.484175	-0.083511	-0.078800	-0.277911	-0.262158	-0.263631	0.450000
0.563706	0.379285	0.504070	0.492512	-0.086743	-0.084655	-0.331606	-0.323696	-0.283631	0.450000
0.460649	0.443751	0.497519	0.499056	-0.085854	-0.085570	-0.358819	-0.357660	-0.285757	0.450000
0.461915	0.400218	0.481009	0.488364	-0.086423	-0.085012	-0.381880	-0.375818	-0.293711	0.450000
0.506621	0.328325	0.467895	0.462611	-0.101708	-0.100474	-0.381085	-0.376541	-0.313711	0.450000
0.496530	0.309609	0.450270	0.436226	-0.109359	-0.105720	-0.385072	-0.372379	-0.333711	0.450000
0.413177	0.395037	0.452647	0.433865	-0.127068	-0.121465	-0.387145	-0.370147	-0.333711	0.450000
0.467242	0.432562	0.491057	0.455754	-0.128959	-0.119328	-0.357939	-0.330925	-0.333711	0.450000
0.472201	0.378655	0.483175	0.463579	-0.127016	-0.121521	-0.395438	-0.378421	-0.342327	0.450000
0.478152	0.352233	0.474440	0.450939	-0.127599	-0.120879	-0.397288	-0.376393	-0.354254	0.450000
0.427613	0.378737	0.455179	0.431603	-0.127745	-0.120716	-0.397754	-0.375875	-0.357268	0.450000
0.493752	0.288436	0.439616	0.407242	-0.142428	-0.131372	-0.402281	-0.370724	-0.377268	0.450000
0.406928	0.366157	0.439729	0.397084	-0.191529	-0.172119	-0.407194	-0.364859	-0.377268	0.450000
0.404753	0.361574	0.431747	0.386977	-0.206585	-0.184257	-0.408623	-0.363099	-0.377268	0.450000
0.310679	0.451414	0.427091	0.391532	-0.189332	-0.172787	-0.404321	-0.368327	-0.357268	0.450000
0.362184	0.483599	0.465868	0.410625	-0.183747	-0.161583	-0.347434	-0.304043	-0.337268	0.450000
0.344210	0.476677	0.460312	0.416088	-0.166036	-0.149697	-0.343538	-0.308927	-0.317268	0.450000
0.321637	0.463889	0.437541	0.404003	-0.155913	-0.143598	-0.340196	-0.312929	-0.297268	0.450000
0.314095	0.466731	0.431816	0.409678	-0.137353	-0.130037	-0.335847	-0.317893	-0.277268	0.450000
0.301896	0.463931	0.418639	0.406644	-0.125153	-0.121400	-0.331985	-0.322082	-0.257268	0.450000
0.279260	0.449187	0.392564	0.388867	-0.119154	-0.117972	-0.328708	-0.325488	-0.237268	0.450000
0.264087	0.455560	0.381196	0.400260	-0.064570	-0.061278	-0.335601	-0.319015	-0.217268	0.450000
0.395728	0.412053	0.423387	0.440067	-0.008087	-0.007767	-0.272497	-0.261919	-0.217268	0.450000
0.386423	0.415371	0.416556	0.446185	0.030080	0.027983	-0.276835	-0.258022	-0.217268	0.450000
0.384652	0.416253	0.415196	0.447552	0.038193	0.035292	-0.277765	-0.257217	-0.217268	0.450000
0.378391	0.409478	0.407923	0.439713	0.038193	0.035292	-0.277765	-0.257217	-0.217268	0.450000
0.469200	0.316306	0.411377	0.431343	0.025804	0.024554	-0.273744	-0.260775	-0.237268	0.450000
0.474225	0.310389	0.415103	0.423839	0.015058	0.014735	-0.269985	-0.264286	-0.257268	0.450000
0.459866	0.328568	0.420442	0.418497	0.000128	0.000128	-0.267739	-0.266470	-0.272287	0.450000
0.444926	0.418640	0.459605	0.432691	0.000132	0.000124	-0.213258	-0.200571	-0.272287	0.450000
0.537489	0.329664	0.464344	0.427968	-0.002905	-0.002676	-0.215337	-0.198175	-0.292287	0.450000
0.527975	0.333915	0.457135	0.435164	-0.010149	-0.009649	-0.273684	-0.260196	-0.312287	0.450000
0.474235	0.376433	0.453938	0.438353	-0.010081	-0.009723	-0.297027	-0.286525	-0.321854	0.450000
0.516037	0.325506	0.455423	0.436876	-0.021849	-0.020925	-0.319926	-0.306439	-0.341854	0.450000
0.502444	0.311751	0.451226	0.432364	-0.041205	-0.039399	-0.352857	-0.337459	-0.361854	0.450000
0.420087	0.396539	0.454006	0.429603	-0.060806	-0.057390	-0.355022	-0.335071	-0.361854	0.450000
0.474443	0.423376	0.493174	0.440455	-0.062333	-0.055577	-0.301044	-0.267718	-0.361854	0.450000
0.483752	0.396493	0.483347	0.450221	-0.061244	-0.056891	-0.346611	-0.321821	-0.368219	0.450000
0.427917	0.407590	0.472135	0.450812	-0.060553	-0.057671	-0.369312	-0.351808	-0.368219	0.450000
0.441387	0.384912	0.466436	0.443810	-0.060655	-0.057558	-0.369946	-0.351111	-0.372259	0.450000
0.432371	0.359675	0.441930	0.418380	-0.060801	-0.057396	-0.370852	-0.350105	-0.378044	0.450000
0.489857	0.284351	0.434353	0.400419	-0.076809	-0.070553	-0.375579	-0.344689	-0.398044	0.450000
0.362808	0.407710	0.430031	0.404691	-0.053661	-0.050345	-0.371916	-0.348910	-0.390000	0.450000
0.429978	0.398219	0.462305	0.429359	-0.053980	-0.049979	-0.359872	-0.333026	-0.390000	0.450000
0.468435	0.350188	0.462570	0.429101	-0.054874	-0.050735	-0.369039	-0.341020	-0.400000	0.450000
0.418039	0.386230	0.452756	0.419577	-0.056554	-0.052235	-0.369213	-0.340817	-0.400000	0.450000
0.413030	0.377799	0.441420	0.405017	-0.073534	-0.067232	-0.370945	-0.338782	-0.400000	0.450000
0.411932	0.366699	0.437031	0.390081	-0.123012	-0.109383	-0.375690	-0.332997	-0.400000	0.450000
0.413605	0.360107	0.438784	0.382621	-0.167965	-0.145945	-0.379654	-0.327918	-0.400000	0.450000
0.320078	0.449470	0.434029	0.387268	-0.152903	-0.135925	-0.375783	-0.332885	-0.380000	0.450000
0.373625	0.481254	0.470277	0.401615	-0.155120	-0.132386	-0.317973	-0.269303	-0.360000	0.450000
0.367613	0.483485	0.465801	0.406012	-0.147264	-0.128204	-0.315236	-0.272975	-0.340000	0.450000
0.350258	0.475789	0.461280	0.410467	-0.139447	-0.123883	-0.312425	-0.276597	-0.320000	0.450000
0.336351	0.470674	0.449439	0.408007	-0.133008	-0.120525	-0.309659	-0.280019	-0.300000	0.450000
0.319351	0.461580	0.430626	0.397775	-0.130739	-0.120543	-0.307218	-0.282929	-0.280000	0.450000
0.311281	0.462688	0.423316	0.400376	-0.119300	-0.112649	-0.303832	-0.286803	-0.260000	0.450000
0.299526	0.467334	0.414456	0.409206	-0.081642	-0.080565	-0.297487	-0.293598	-0.240000	0.450000
0.352097	0.506366	0.456441	0.437517	-0.071084	-0.068082	-0.240535	-0.230359	-0.220000	0.450000
0.346638	0.508763	0.452405	0.441545	-0.069788	-0.068075	-0.238438	-0.232601	-0.200000	0.409000
0.431021	0.422568	0.451307	0.442641	-0.055942	-0.054844	-0.231179	-0.226658	-0.200000	0.368100
0.406139	0.403806	0.430804	0.428393	-0.047141	-0.046870	-0.237107	-0.235754	-0.200000	0.288100
0.374487	0.372335	0.393829	0.391625	-0.047141	-0.046870	-0.237107	-0.235754	-0.200000	0.208100
0.427659	0.245811	0.352796	0.343393	-0.052279	-0.050854	-0.239646	-0.233131	-0.220000	0.128100
0.346079	0.323421	0.355042	0.331970	-0.105134	-0.098217	-0.244274	-0.228046	-0.220000	0.048101
0.297016	0.281257	0.288487	0.273424	-0.126379	-0.119637	-0.275552	-0.260763	-0.220000	0.010125
0.331834	0.142621	0.224450	0.211930	-0.188380	-0.177501	-0.337915	-0.318233	-0.240000	0.007594
0.280107	0.091784	0.173815	0.164393	-0.250050	-0.235735	-0.399582	-0.376487	-0.260000	0.005696
0.206238	0.019858	0.099777	0.095059	-0.310887	-0.294901	-0.459985	-0.436150	-0.280000	0.004272
0.051127	0.048552	0.046541	0.044340	-0.310887	-0.294901	-0.459985	-0.436150	-0.280000	0.003204
-0.125680	0.053935	-0.035529	-0.033603	-0.250050	-0.235735	-0.399582	-0.376487	-0.260000	0.002403
-0.133074	0.044772	-0.041413	-0.039103	-0.188380	-0.177501	-0.337915	-0.318233	-0.240000	0.001802
-0.145251	0.031486	-0.054678	-0.051824	-0.126379	-0.119637	-0.275552	-0.260763	-0.220000	0.001351
-0.131705	0.042977	-0.043459	-0.041551	-0.064502	-0.061634	-0.213000	-0.203499	-0.200000	0.001014
-0.102717	0.070131	-0.016185	-0.015678	-0.003149	-0.003050	-0.150699	-0.145938	-0.180000	0.000760
-0.146059	0.027451	-0.059466	-0.058566	0.057331	0.056462	-0.089026	-0.087675	-0.160000	0.000570
-0.172604	0.000554	-0.086587	-0.086944	0.117140	0.116661	-0.028414	-0.028298	-0.140000	0.000428
-0.141487	0.032209	-0.054946	-0.056359	0.179159	0.174696	0.032051	0.031247	-0.120000	0.000321
0.002826	0.002897	0.002879	0.002953	0.179159	0.174696	0.032051	0.031247	-0.120000	0.000241
0.131298	-0.042030	0.044923	0.045108	0.117140	0.116661	-0.028414	-0.028298	-0.140000	0.000180
0.087696	0.088054	0.088453	0.088817	0.117140	0.116661	-0.028414	-0.028298	-0.140000	0.000135
0.075916	0.076226	0.076568	0.076883	0.117140	0.116661	-0.028414	-0.028298	-0.140000	0.000101
-0.003239	-0.003252	-0.003268	-0.003281	0.117140	0.116661	-0.028414	-0.028298	-0.140000	0.000076
-0.168171	0.004851	-0.082217	-0.084332	0.179159	0.174696	0.032051	0.031247	-0.120000	0.000057
-0.197565	-0.025429	-0.111603	-0.117061	0.242618	0.231441	0.093891	0.089502	-0.100000	0.000043
-0.148945	0.025317	-0.059761	-0.066322	0.312680	0.282593	0.121994	0.109881	-0.080000	0.000032
-0.075183	0.106024	0.016410	0.017510	0.306687	0.287701	0.181567	0.170051	-0.060000	0.000024
-0.041299	0.146918	0.053262	0.057983	0.372353	0.342627	0.246254	0.225857	-0.040000	0.000018
0.004234	0.202661	0.102211	0.113274	0.438811	0.396959	0.312094	0.280760	-0.020000	0.000013
-0.013920	0.189709	0.085901	0.096608	0.505645	0.451033	0.378776	0.335035	0.000000	0.000010
0.012790	0.014213	0.010576	0.011895	0.505645	0.451033	0.378776	0.335035	0.000000	0.000008
0.035682	-0.158802	-0.062114	-0.068838	0.438811	0.396959	0.312094	0.280760	-0.020000	0.000006
-0.035373	-0.229933	-0.132267	-0.143991	0.372353	0.342627	0.246254	0.225857	-0.040000	0.000004
-0.075325	-0.177413	-0.127196	-0.136831	0.307933	0.286608	0.182340	0.169378	-0.050351	0.000003
-0.088758	-0.090714	-0.092508	-0.094589	0.248041	0.242582	0.177618	0.173671	-0.050351	0.000003
0.074539	-0.100106	-0.013904	-0.013194	0.190102	0.180200	0.180154	0.170848	-0.070351	0.000002
-0.034958	0.140941	0.056435	0.054621	0.249325	0.241103	0.239479	0.231638	-0.050351	0.000001
