0.000000	0.000000	0.000000
-9.822115	0.010313	0.092656
-9.811361	0.011312	0.092656
-9.793437	0.012978	0.092656
-9.768344	0.015310	0.092656
-9.736080	0.018308	0.092656
-9.696648	0.021972	0.092656
-9.656319	0.025719	0.092656
-9.615880	0.027789	0.056731
-9.575407	0.029334	0.038143
-9.534934	0.030878	0.038143
-9.476496	0.033108	0.038143
-9.436023	0.034653	0.038143
-9.395550	0.036197	0.038143
-9.355076	0.037742	0.038143
-9.314603	0.039286	0.038143
-9.274112	0.039920	0.027147
-9.198712	0.039920	0.000000
-9.158209	0.039920	0.000000
-9.117705	0.039920	0.000000
-9.077201	0.039920	0.000000
-9.036698	0.039920	0.000000
-8.996194	0.039920	0.000000
-8.955694	0.039790	-0.001709
-8.915241	0.037981	-0.022809
-8.840888	0.034655	-0.044700
-8.800435	0.032845	-0.044700
-8.759981	0.031036	-0.044700
-8.719527	0.029226	-0.044700
-8.679073	0.027417	-0.044700
-8.638594	0.026094	-0.037860
-8.598094	0.025159	-0.027705
-8.527810	0.023537	-0.023073
-8.487310	0.022603	-0.023073
-8.446810	0.021668	-0.023073
-8.406310	0.020733	-0.023073
-8.365886	0.020979	-0.005101
-8.325830	0.026881	0.084742
-8.285774	0.032782	0.146287
-8.217203	0.042886	0.146287
-8.177146	0.048788	0.146287
-8.137090	0.054689	0.146287
-8.097033	0.060591	0.146287
-8.056977	0.066493	0.146287
-8.019800	0.082539	0.278576
-7.953320	0.111372	0.409235
-7.916163	0.127488	0.409235
-7.879005	0.143604	0.409235
-7.841848	0.159720	0.409235
-7.804691	0.175836	0.409235
-7.767534	0.191952	0.409235
-7.733137	0.212717	0.477577
-7.701235	0.237680	0.588236
-7.642991	0.283256	0.663975
-7.611088	0.308219	0.663975
-7.579186	0.333183	0.663975
-7.547283	0.358146	0.663975
-7.515380	0.383110	0.663975
-7.483478	0.408074	0.663975
-7.451788	0.433234	0.667374
-7.429233	0.466866	0.804335
-7.385637	0.531872	0.980052
-7.363082	0.565505	0.980052
-7.340527	0.599137	0.980052
-7.317972	0.632770	0.980052
-7.295417	0.666402	0.980052
-7.272862	0.700034	0.980052
-7.250307	0.733667	0.980052
-7.228030	0.767462	0.983637
-7.209798	0.803628	1.034167
-7.173533	0.875566	1.103862
-7.155301	0.911732	1.103862
-7.137069	0.947898	1.103862
-7.118838	0.984063	1.103862
-7.100606	1.020229	1.103862
-7.082374	1.056395	1.103862
-7.064142	1.092561	1.103862
-7.045911	1.128726	1.103862
-7.027679	1.164892	1.103862
-7.015663	1.203451	1.165252
-6.992842	1.286314	1.302056
-6.982089	1.325359	1.302056
-6.971336	1.364405	1.302056
-6.960583	1.403450	1.302056
-6.949830	1.442495	1.302056
-6.939076	1.481540	1.302056
-6.928323	1.520586	1.302056
-6.917570	1.559631	1.302056
-6.906817	1.598676	1.302056
-6.896064	1.637722	1.302056
-6.885084	1.726470	1.457932
-6.880524	1.766709	1.457932
-6.875963	1.806947	1.457932
-6.871402	1.847185	1.457932
-6.866841	1.887424	1.457932
-6.862280	1.927662	1.457932
-6.857719	1.967901	1.457932
-6.853158	2.008139	1.457932
-6.848598	2.048378	1.457932
-6.844037	2.088616	1.457932
-6.843320	2.178112	1.679289
-6.847705	2.218376	1.679289
-6.852091	2.258640	1.679289
-6.856476	2.298904	1.679289
-6.860862	2.339169	1.679289
-6.865248	2.379433	1.679289
-6.869633	2.419697	1.679289
-6.874019	2.459961	1.679289
-6.878404	2.500225	1.679289
-6.882790	2.540490	1.679289
-6.887176	2.580754	1.679289
-6.901938	2.671231	1.880666
-6.914290	2.709807	1.880666
-6.926641	2.748383	1.880666
-6.938992	2.786958	1.880666
-6.951343	2.825534	1.880666
-6.963695	2.864109	1.880666
-6.976046	2.902685	1.880666
-6.988397	2.941261	1.880666
-7.000749	2.979836	1.880666
-7.013100	3.018412	1.880666
-7.025451	3.056988	1.880666
-7.055721	3.142405	2.043198
-7.074147	3.178465	2.043198
-7.092573	3.214524	2.043198
-7.110999	3.250583	2.043198
-7.129425	3.286643	2.043198
-7.147851	3.322702	2.043198
-7.166277	3.358761	2.043198
-7.184703	3.394821	2.043198
-7.203129	3.430880	2.043198
-7.221555	3.466939	2.043198
-7.239981	3.502998	2.043198
-7.282288	3.583004	2.148614
-7.304412	3.616934	2.148614
-7.326536	3.650864	2.148614
-7.348661	3.684793	2.148614
-7.370785	3.718723	2.148614
-7.392909	3.752653	2.148614
-7.415033	3.786583	2.148614
-7.437157	3.820513	2.148614
-7.459281	3.854443	2.148614
-7.481405	3.888373	2.148614
-7.503530	3.922303	2.148614
-7.551856	3.996029	2.155983
-7.574223	4.029785	2.155983
-7.596589	4.063541	2.155983
-7.618956	4.097297	2.155983
-7.641323	4.131053	2.155983
-7.663690	4.164808	2.155983
-7.686057	4.198564	2.155983
-7.708424	4.232320	2.155983
-7.730790	4.266076	2.155983
-7.753157	4.299832	2.155983
-7.799955	4.372873	2.077501
-7.819610	4.408285	2.077501
-7.839265	4.443697	2.077501
-7.858921	4.479109	2.077501
-7.878576	4.514521	2.077501
-7.898231	4.549934	2.077501
-7.917886	4.585346	2.077501
-7.937541	4.620758	2.077501
-7.957196	4.656170	2.077501
-7.976851	4.691582	2.077501
-7.996506	4.726994	2.077501
-8.041271	4.807646	-1.064092
-8.057815	4.844593	1.984569
-8.074096	4.881670	1.984569
-8.090377	4.918746	1.984569
-8.106659	4.955823	1.984569
-8.122940	4.992899	1.984569
-8.139221	5.029976	1.984569
-8.155502	5.067052	1.984569
-8.171783	5.104129	1.984569
-8.188065	5.141206	1.984569
-8.204346	5.178282	1.984569
-8.241077	5.261929	-1.157024
-8.254000	5.300210	1.841840
-8.264845	5.339237	1.841840
-8.275690	5.378264	1.841840
-8.286534	5.417291	1.841840
-8.297379	5.456318	1.841840
-8.308224	5.495345	1.841840
-8.319069	5.534372	1.841840
-8.329914	5.573399	1.841840
-8.340759	5.612425	1.841840
-8.351604	5.651452	1.841840
-8.362449	5.690479	1.841840
-8.373293	5.729506	1.841840
-8.400408	5.827083	-1.299753
-8.410718	5.866224	1.724882
-8.416934	5.906242	1.724882
-8.423149	5.946259	1.724882
-8.429364	5.986276	1.724882
-8.435580	6.026294	1.724882
-8.441795	6.066311	1.724882
-8.448010	6.106328	1.724882
-8.454226	6.146346	1.724882
-8.460441	6.186363	1.724882
-8.466656	6.226380	1.724882
-8.472872	6.266398	1.724882
-8.487457	6.360305	-1.416711
-8.493672	6.400322	-1.416711
-8.495400	6.440791	1.612959
-8.497107	6.481262	1.612959
-8.498814	6.521732	1.612959
-8.500522	6.562203	1.612959
-8.502229	6.602674	1.612959
-8.503936	6.643144	1.612959
-8.505644	6.683615	1.612959
-8.507351	6.724086	1.612959
-8.509059	6.764557	1.612959
-8.510766	6.805027	1.612959
-8.512473	6.845498	1.612959
-8.516511	6.941199	-1.528634
-8.514319	6.981569	1.477878
-8.510561	7.021899	1.477878
-8.506803	7.062230	1.477878
-8.503044	7.102560	1.477878
-8.499286	7.142890	1.477878
-8.495528	7.183221	1.477878
-8.491770	7.223551	1.477878
-8.488011	7.263881	1.477878
-8.484253	7.304211	1.477878
-8.480495	7.344542	1.477878
-8.472087	7.434772	-1.663714
-8.466061	7.474773	1.379913
-8.458378	7.514534	1.379913
-8.450694	7.554295	1.379913
-8.443011	7.594055	1.379913
-8.435328	7.633816	1.379913
-8.427645	7.673577	1.379913
-8.419962	7.713338	1.379913
-8.412278	7.753099	1.379913
-8.404595	7.792859	1.379913
-8.396912	7.832620	1.379913
-8.379459	7.922941	-1.761679
-8.371044	7.962501	1.239341
-8.357878	8.000760	1.239341
-8.344711	8.039018	1.239341
-8.331544	8.077276	1.239341
-8.318378	8.115535	1.239341
-8.305211	8.153793	1.239341
-8.292044	8.192051	1.239341
-8.278878	8.230310	1.239341
-8.265711	8.268568	1.239341
-8.252544	8.306826	1.239341
-8.239378	8.345085	1.239341
-8.208582	8.428504	1.092845
-8.189928	8.464515	1.092845
-8.171273	8.500527	1.092845
-8.152619	8.536538	1.092845
-8.133965	8.572550	1.092845
-8.115310	8.608561	1.092845
-8.096656	8.644572	1.092845
-8.078002	8.680584	1.092845
-8.059348	8.716595	1.092845
-8.040693	8.752607	1.092845
-7.998092	8.824638	0.923576
-7.973693	8.856920	0.923576
-7.949294	8.889201	0.923576
-7.924895	8.921482	0.923576
-7.900496	8.953763	0.923576
-7.876097	8.986044	0.923576
-7.851697	9.018325	0.923576
-7.827298	9.050607	0.923576
-7.802899	9.082888	0.923576
-7.751878	9.146143	0.818009
-7.724174	9.175716	0.818009
-7.696470	9.205288	0.818009
-7.668767	9.234860	0.818009
-7.641063	9.264432	0.818009
-7.613360	9.294004	0.818009
-7.585656	9.323576	0.818009
-7.557952	9.353148	0.818009
-7.530249	9.382720	0.818009
-7.472419	9.438671	0.676051
-7.440803	9.464033	0.676051
-7.409186	9.489394	0.676051
-7.377569	9.514756	0.676051
-7.345952	9.540117	0.676051
-7.314335	9.565479	0.676051
-7.282719	9.590840	0.676051
-7.251102	9.616202	0.676051
-7.219485	9.641563	0.676051
-7.153831	9.686515	0.519887
-7.118701	9.706624	0.519887
-7.083570	9.726733	0.519887
-7.048440	9.746842	0.519887
-7.013310	9.766951	0.519887
-6.978180	9.787060	0.519887
-6.943050	9.807169	0.519887
-6.907919	9.827278	0.519887
-6.872789	9.847387	0.519887
-6.799522	9.880216	0.327628
-6.761197	9.893241	0.327628
-6.722871	9.906267	0.327628
-6.684546	9.919293	0.327628
-6.646220	9.932319	0.327628
-6.607895	9.945345	0.327628
-6.569569	9.958371	0.327628
-6.531243	9.971397	0.327628
-6.455218	9.995029	0.148193
-6.415129	10.001014	0.148193
-6.375040	10.006999	0.148193
-6.334951	10.012983	0.148193
-6.294862	10.018968	0.148193
-6.254774	10.024953	0.148193
-6.214685	10.030938	0.148193
-6.174596	10.036922	0.148193
-6.134507	10.042907	0.148193
-6.054348	10.051939	-0.084307
-6.014003	10.048530	-0.084307
-5.973658	10.045120	-0.084307
-5.933313	10.041711	-0.084307
-5.892968	10.038302	-0.084307
-5.852623	10.034892	-0.084307
-5.812278	10.031483	-0.084307
-5.771933	10.028073	-0.084307
-5.731588	10.024664	-0.084307
-5.652726	10.014692	-0.220562
-5.613269	10.005845	-0.220562
-5.573812	9.996999	-0.220562
-5.534355	9.988152	-0.220562
-5.494898	9.979306	-0.220562
-5.455442	9.970459	-0.220562
-5.415985	9.961612	-0.220562
-5.376528	9.952766	-0.220562
-5.337071	9.943919	-0.220562
-5.260973	9.920360	-0.417437
-5.223940	9.903936	-0.417437
-5.186906	9.887512	-0.417437
-5.149873	9.871087	-0.417437
-5.112839	9.854663	-0.417437
-5.075806	9.838238	-0.417437
-5.038773	9.821814	-0.417437
-5.001739	9.805390	-0.417437
-4.933458	9.770982	-0.537515
-4.898690	9.750258	-0.537515
-4.863923	9.729534	-0.537515
-4.829155	9.708811	-0.537515
-4.794387	9.688087	-0.537515
-4.759620	9.667364	-0.537515
-4.724852	9.646640	-0.537515
-4.664933	9.605480	-0.746294
-4.635113	9.577906	-0.746294
-4.605292	9.550331	-0.746294
-4.575472	9.522756	-0.746294
-4.545652	9.495181	-0.746294
-4.515831	9.467607	-0.746294
-4.486011	9.440032	-0.746294
-4.438342	9.388004	-0.922834
-4.413948	9.355778	-0.922834
-4.389554	9.323553	-0.922834
-4.365160	9.291328	-0.922834
-4.340766	9.259103	-0.922834
-4.316371	9.226878	-0.922834
-4.291977	9.194653	-0.922834
-4.255763	9.134274	-1.088206
-4.236937	9.098339	-1.088206
-4.218111	9.062405	-1.088206
-4.199284	9.026470	-1.088206
-4.180458	8.990536	-1.088206
-4.161631	8.954601	-1.088206
-4.142805	8.918667	-1.088206
-4.113025	8.851672	-1.234416
-4.099682	8.813513	-1.234416
-4.086339	8.775353	-1.234416
-4.072996	8.737194	-1.234416
-4.059653	8.699034	-1.234416
-4.046309	8.660875	-1.234416
-4.032966	8.622715	-1.234416
-4.019623	8.584556	-1.234416
-3.997709	8.512120	-1.317779
-3.987568	8.472897	-1.317779
-3.977427	8.433675	-1.317779
-3.967285	8.394452	-1.317779
-3.957144	8.355229	-1.317779
-3.947002	8.316006	-1.317779
-3.936861	8.276783	-1.317779
-3.926720	8.237561	-1.317779
-3.910304	8.161778	-1.424731
-3.904403	8.121669	-1.424731
-3.898503	8.081560	-1.424731
-3.892602	8.041452	-1.424731
-3.886702	8.001343	-1.424731
-3.880801	7.961234	-1.424731
-3.874901	7.921125	-1.424731
-3.869000	7.881017	-1.424731
-3.863100	7.840908	-1.424731
-3.853369	7.762756	-1.460747
-3.848927	7.722553	-1.460747
-3.844485	7.682350	-1.460747
-3.840042	7.642146	-1.460747
-3.835600	7.601943	-1.460747
-3.831158	7.561740	-1.460747
-3.826716	7.521537	-1.460747
-3.822273	7.481334	-1.460747
-3.814791	7.403057	-1.501020
-3.811966	7.362638	-1.501020
-3.809141	7.322219	-1.501020
-3.806317	7.281800	-1.501020
-3.803492	7.241381	-1.501020
-3.800667	7.200962	-1.501020
-3.797842	7.160543	-1.501020
-3.795017	7.120124	-1.501020
-3.792192	7.079705	-1.501020
-3.786997	6.999308	-1.513702
-3.784683	6.958818	-1.513702
-3.782369	6.918328	-1.513702
-3.780054	6.877838	-1.513702
-3.777740	6.837348	-1.513702
-3.775426	6.796858	-1.513702
-3.773111	6.756368	-1.513702
-3.770797	6.715878	-1.513702
-3.768483	6.675388	-1.513702
-3.764652	6.594344	-1.538430
-3.763343	6.553901	-1.538430
-3.762033	6.513457	-1.538430
-3.760724	6.473013	-1.538430
-3.759415	6.432569	-1.538430
-3.758105	6.392125	-1.538430
-3.756796	6.351681	-1.538430
-3.755486	6.311237	-1.538430
-3.754177	6.270793	-1.538430
-3.751391	6.187108	-1.527817
-3.749651	6.146655	-1.527817
-3.747911	6.106201	-1.527817
-3.746172	6.065748	-1.527817
-3.744432	6.025295	-1.527817
-3.742692	5.984842	-1.527817
-3.740952	5.944389	-1.527817
-3.739213	5.903935	-1.527817
-3.737473	5.863482	-1.527817
-3.735733	5.823029	-1.527817
-3.731415	5.739377	-1.495793
-3.728382	5.699017	-1.495793
-3.725349	5.658657	-1.495793
-3.722317	5.618297	-1.495793
-3.719284	5.577937	-1.495793
-3.716251	5.537577	-1.495793
-3.713218	5.497217	-1.495793
-3.710185	5.456857	-1.495793
-3.707152	5.416497	-1.495793
-3.700870	5.332887	1.645800
-3.695721	5.292653	-1.438432
-3.690366	5.252431	-1.438432
-3.685010	5.212210	-1.438432
-3.679655	5.171988	-1.438432
-3.674300	5.131766	-1.438432
-3.668945	5.091545	-1.438432
-3.663589	5.051323	-1.438432
-3.658234	5.011101	-1.438432
-3.652879	4.970880	-1.438432
-3.640506	4.889036	-1.370605
-3.632454	4.849353	-1.370605
-3.624402	4.809671	-1.370605
-3.616350	4.769989	-1.370605
-3.608298	4.730306	-1.370605
-3.600246	4.690624	-1.370605
-3.592194	4.650942	-1.370605
-3.584142	4.611260	-1.370605
-3.576090	4.571577	-1.370605
-3.559193	4.490758	-1.302711
-3.548467	4.451710	-1.302711
-3.537740	4.412663	-1.302711
-3.527014	4.373616	-1.302711
-3.516288	4.334568	-1.302711
-3.505562	4.295521	-1.302711
-3.494836	4.256473	-1.302711
-3.484109	4.217426	-1.302711
-3.473383	4.178379	-1.302711
-3.462657	4.139331	-1.302711
-3.438453	4.060466	-1.229009
-3.424896	4.022358	-1.229009
-3.411339	3.984250	-1.229009
-3.397782	3.946142	-1.229009
-3.384225	3.908033	-1.229009
-3.370668	3.869925	-1.229009
-3.357111	3.831817	-1.229009
-3.343554	3.793709	-1.229009
-3.329997	3.755601	-1.229009
-3.300456	3.680471	-1.153484
-3.284020	3.643400	-1.153484
-3.267584	3.606328	-1.153484
-3.251148	3.569257	-1.153484
-3.234713	3.532185	-1.153484
-3.218277	3.495114	-1.153484
-3.201841	3.458042	-1.153484
-3.185406	3.420971	-1.153484
-3.168970	3.383900	-1.153484
-3.131049	3.315526	-1.036065
-3.110424	3.280702	-1.036065
-3.089798	3.245879	-1.036065
-3.069173	3.211056	-1.036065
-3.048547	3.176233	-1.036065
-3.027922	3.141410	-1.036065
-3.007297	3.106587	-1.036065
-2.986671	3.071763	-1.036065
-2.941734	3.010493	-0.917631
-2.917135	2.978346	-0.917631
-2.892536	2.946200	-0.917631
-2.867937	2.914053	-0.917631
-2.843338	2.881906	-0.917631
-2.818739	2.849759	-0.917631
-2.794139	2.817612	-0.917631
-2.769540	2.785465	-0.917631
-2.717199	2.730826	-0.798218
-2.688929	2.701822	-0.798218
-2.660659	2.672818	-0.798218
-2.632390	2.643814	-0.798218
-2.604120	2.614810	-0.798218
-2.575850	2.585806	-0.798218
-2.547581	2.556802	-0.798218
-2.492484	2.504841	-0.709592
-2.461755	2.478450	-0.709592
-2.431025	2.452059	-0.709592
-2.400296	2.425668	-0.709592
-2.369566	2.399277	-0.709592
-2.338837	2.372885	-0.709592
-2.308107	2.346494	-0.709592
-2.277378	2.320103	-0.709592
-2.217478	2.276495	-0.604503
-2.184176	2.253491	-0.604503
-2.150875	2.230488	-0.604503
-2.117574	2.207484	-0.604503
-2.084272	2.184481	-0.604503
-2.050971	2.161477	-0.604503
-2.017669	2.138474	-0.604503
-1.954752	2.100870	-0.497474
-1.919070	2.081494	-0.497474
-1.883388	2.062117	-0.497474
-1.847705	2.042741	-0.497474
-1.812023	2.023364	-0.497474
-1.776341	2.003988	-0.497474
-1.740658	1.984612	-0.497474
-1.675119	1.957407	-0.358118
-1.637227	1.943225	-0.358118
-1.599335	1.929044	-0.358118
-1.561443	1.914863	-0.358118
-1.523551	1.900682	-0.358118
-1.485659	1.886500	-0.358118
-1.447767	1.872319	-0.358118
-1.377779	1.853331	-0.210326
-1.338231	1.844889	-0.210326
-1.298683	1.836446	-0.210326
-1.259135	1.828003	-0.210326
-1.219587	1.819560	-0.210326
-1.180040	1.811117	-0.210326
-1.140492	1.802675	-0.210326
-1.069092	1.791175	-0.123753
-1.028871	1.786172	-0.123753
-0.988651	1.781169	-0.123753
-0.948430	1.776166	-0.123753
-0.908210	1.771163	-0.123753
-0.867990	1.766160	-0.123753
-0.827769	1.761157	-0.123753
-0.755322	1.754071	-0.069276
-0.714928	1.751268	-0.069276
-0.674535	1.748465	-0.069276
-0.634141	1.745663	-0.069276
-0.593748	1.742860	-0.069276
-0.553354	1.740057	-0.069276
-0.512961	1.737254	-0.069276
-0.443737	1.733519	-0.051043
-0.403340	1.731455	-0.051043
-0.362942	1.729391	-0.051043
-0.326225	1.727516	-0.051043
-0.293180	1.725827	-0.051043
-0.267317	1.724506	-0.051043
-0.248635	1.723552	-0.051043
-0.210974	1.721551	-0.053520
-0.206637	1.721319	-0.053520
-0.205725	1.721270	-0.053520
-0.205040	1.721233	-0.053520
-0.204527	1.721206	-0.053520
-0.204142	1.721185	-0.053520
-0.203853	1.721170	-0.053520
-0.191316	1.720498	3.088072
-0.191154	1.720489	3.088072
-0.191032	1.720483	3.088072
-0.190941	1.720478	3.088072
-0.203192	1.721134	-0.053520
-0.203141	1.721132	-0.053520
-0.203102	1.721130	-0.053520
-0.203073	1.721128	-0.053520
-0.203051	1.721127	-0.053520
-0.203035	1.721126	-0.053520
-0.203023	1.721125	-0.053520
-0.203014	1.721125	-0.053520
-0.203007	1.721124	-0.053520
-0.203002	1.721124	-0.053520
-0.202998	1.721124	-0.053520
-0.202995	1.721124	-0.053520
-0.202993	1.721124	-0.053520
-0.202991	1.721124	-0.053520
-0.202990	1.721124	-0.053520
-0.202989	1.721124	-0.053520
-0.202988	1.721123	-0.053520
-0.202988	1.721123	-0.053520
-0.202988	1.721123	-0.053520
-0.202987	1.721123	-0.053520
-0.202987	1.721123	-0.053520
-0.202987	1.721123	-0.053520
-0.202987	1.721123	-0.053520
