0.000000
0.667115
0.177317
0.140599
0.175289
0.121354
0.150605
0.127777
0.128603
0.153895
0.145041
0.161364
0.168736
0.182148
0.120509
0.099942
0.111914
0.111313
0.116775
0.119488
0.168456
0.152752
0.147954
0.150693
0.134133
0.176692
0.143754
0.170776
0.163385
0.120301
0.114882
0.128019
0.129354
0.128671
0.142045
0.147425
0.112310
0.130924
0.132374
0.150748
0.144492
0.132552
0.159335
0.145830
0.142458
0.151653
0.160417
0.140354
0.142453
0.182263
0.123756
0.135124
0.144238
0.125437
0.123569
0.117478
0.144732
0.129927
0.143043
0.145192
0.132229
0.121318
0.148357
0.158927
0.132816
0.127889
0.131622
0.138624
0.119997
0.109101
0.138796
0.128298
0.088492
0.128759
0.135964
0.147888
0.138305
0.125204
0.153841
0.148842
0.145837
0.141351
0.141294
0.136323
0.132078
0.158356
0.132182
0.121698
0.153084
0.138493
0.158999
0.113203
0.187709
0.182768
0.134612
0.131302
0.112797
0.150066
0.116496
0.148348
0.144394
0.129706
0.141079
0.117946
0.127553
0.123503
0.123980
0.129397
0.128701
0.202474
0.145401
0.137375
0.144378
0.173699
0.150944
0.128325
0.171792
0.167265
0.166043
0.154814
0.160155
0.165777
0.172574
0.170695
0.184009
0.174400
0.130699
0.174036
0.157878
0.173140
0.172102
0.167748
0.134739
0.148955
0.172969
0.175723
0.145302
0.189684
0.187758
0.156972
0.152205
0.173159
0.183560
0.175220
0.150673
0.168481
0.161730
0.154428
0.139423
0.172949
0.177447
0.176365
0.149306
0.124883
0.117705
0.150090
0.127108
0.138278
0.120343
0.138251
0.135363
0.147634
0.128696
0.165104
0.143218
0.137107
0.174463
0.137684
0.148196
0.119288
0.145010
0.152658
0.153754
0.161789
0.185167
0.148169
0.180594
0.162875
0.148387
0.170489
0.150244
0.172637
0.174903
0.166950
0.153473
0.164935
0.161595
0.148038
0.165334
0.174474
0.168655
0.152627
0.167169
0.136274
0.150425
0.164619
0.158594
0.173146
0.159795
0.166164
0.162261
0.181949
0.178045
0.149384
0.170960
0.166423
0.185510
0.188528
0.173195
0.170230
0.159899
0.219082
0.218750
0.212765
0.201002
0.180651
0.150885
0.185252
0.130954
0.151056
0.139062
0.142152
0.130152
0.132186
0.191606
0.154084
0.144408
0.128319
0.136468
0.182654
0.143237
0.143867
0.143042
0.147242
0.154097
0.194933
0.188900
0.162730
0.162529
0.167802
0.174465
0.155554
0.174132
0.161551
0.170242
0.157737
0.168070
0.157678
0.141918
0.173006
0.170607
0.178495
0.139419
0.185464
0.186765
0.166016
0.153883
0.173166
0.182754
0.139384
0.191090
0.158050
0.168220
0.173427
0.179871
0.161536
0.151898
0.154640
0.154942
0.160723
0.171411
0.176022
0.175893
0.140760
0.180479
0.168123
0.160798
0.187861
0.223718
0.168080
0.178070
0.184360
0.199323
0.207244
0.167121
0.163478
0.160156
0.185883
0.175612
0.166795
0.165783
0.138656
0.155908
0.150536
0.154004
0.183512
0.156781
0.143835
0.174165
0.151371
0.151409
0.156461
0.165457
0.132895
0.159730
0.158787
0.169844
0.139941
0.143708
0.160074
0.181113
0.149415
0.153436
0.119757
0.172311
0.169711
0.156125
0.163035
0.162841
0.160799
0.171329
0.152394
0.168482
0.168262
0.157145
0.160909
0.147529
0.164478
0.149472
0.156881
0.154953
0.148372
0.165205
0.177385
0.152184
0.140197
0.146808
0.127535
0.134238
0.133502
0.158413
0.119129
0.121387
0.127351
0.147588
0.173984
0.137736
0.188489
0.181938
0.135829
0.141687
0.142299
0.161892
0.166912
0.129047
0.175091
0.142482
0.173114
0.187248
0.191952
0.145275
0.201857
0.197074
0.186877
0.189515
0.185740
0.190087
0.182674
0.166905
0.185809
0.175133
0.129663
0.183934
0.178466
0.164742
0.164065
0.152445
0.150604
0.163520
0.164449
0.170625
0.181100
0.185467
0.158605
0.140349
0.153440
0.160260
0.142707
0.148128
0.179578
0.161769
0.166309
0.182116
0.167765
0.195075
0.152172
0.157413
0.154653
0.123182
0.158646
0.181964
0.150516
0.133408
0.147087
0.129321
0.140025
0.164964
0.187986
0.145875
0.149192
0.141833
0.156287
0.169273
0.164426
0.149739
0.147365
0.169428
0.196079
0.184383
0.211361
0.177298
0.185516
0.199605
0.168449
0.206965
0.158841
0.173918
0.179328
0.180758
0.171870
0.193889
0.160444
0.183013
0.195985
0.183030
0.211939
0.191820
0.194280
0.181853
0.193030
0.178139
0.196553
0.168964
0.208083
0.196714
0.177907
0.179062
0.189128
0.189140
0.214237
0.172693
0.196006
0.187778
0.158027
0.146019
0.141952
0.186779
0.151474
0.154047
0.158307
0.137981
0.160655
0.169326
0.188731
0.163727
0.143059
0.139923
0.141567
0.121281
0.149892
0.148785
0.185945
0.148639
0.174890
0.182419
0.193635
0.174041
0.169209
0.181442
0.156949
0.166495
0.175836
0.189932
0.174078
0.195179
0.175045
0.155710
0.168775
0.190954
0.202840
0.171891
0.187387
0.167073
0.185203
0.186700
0.166212
0.155752
0.202189
0.197456
0.180427
0.163737
0.164423
0.156794
0.148516
0.203981
0.165476
0.161190
0.183157
0.179765
0.193169
0.176889
0.163270
0.135862
0.136229
0.158849
0.128082
0.165472
0.132623
0.134414
0.174226
0.174978
0.130607
0.173762
0.171381
0.161007
0.142987
0.138020
0.159250
0.174433
0.171844
0.136734
0.120261
0.153200
0.212096
0.149230
0.185382
0.176423
0.165256
0.191140
0.196220
0.181809
0.164877
0.173216
0.167411
0.170937
0.159933
0.212004
0.150385
0.179631
0.196013
0.170951
0.179663
0.196310
0.166637
0.168581
0.170476
0.160119
0.185427
0.166136
0.171935
0.169203
0.172620
0.190319
0.186071
0.151436
0.143867
0.152049
0.175236
0.204943
0.219869
0.180227
0.158375
0.152887
0.182228
0.140858
0.200953
0.141468
0.120092
0.138825
0.165838
0.135401
0.165233
0.154582
0.180276
0.164649
0.178440
0.201482
0.271184
0.129894
0.273907
0.250106
0.269704
0.253958
0.181599
0.279795
0.273936
0.193183
0.267265
0.246012
0.208438
0.199805
0.151224
0.152757
0.325044
0.298853
0.000129
0.000228
