0.000000	0.000000	0.000000	0.000000	0.000000	0.000000	0.000000	0.000000	0.000000	0.000000
-0.015899	-0.015753	-0.015997	-0.015851	-0.030137	-0.029862	-0.030137	-0.029862	-0.010000	0.040000
0.019901	0.020084	0.020260	0.020447	0.030138	0.029863	0.030138	0.029863	0.010000	0.120000
0.047185	0.050527	0.048428	0.051890	0.093196	0.087016	0.046330	0.043237	0.030000	0.200000
0.105787	0.114874	0.108089	0.117462	0.089835	0.082712	0.020440	0.018809	0.023862	0.280000
0.151217	0.158821	0.154274	0.162057	0.051694	0.049217	0.015861	0.015099	0.018585	0.360000
0.203973	0.211119	0.207749	0.215040	0.036135	0.034911	0.010977	0.010604	0.012789	0.440000
0.249231	0.255755	0.253552	0.260194	0.022408	0.021836	0.004608	0.004491	0.010551	0.520000
0.287967	0.302771	0.293950	0.309099	0.044217	0.042054	0.004666	0.004437	0.016088	0.600000
0.316947	0.339821	0.324223	0.347754	0.070919	0.066138	0.004714	0.004395	0.012215	0.650000
0.367723	0.394345	0.376342	0.403764	0.080508	0.075062	0.004714	0.004394	0.003176	0.650000
0.399586	0.424443	0.408713	0.434234	0.058469	0.055041	-0.000132	-0.000124	0.008985	0.650000
0.431736	0.452867	0.441219	0.462837	0.029010	0.027656	-0.010583	-0.010089	0.013372	0.650000
0.450861	0.471427	0.461084	0.482120	0.015860	0.015168	-0.018735	-0.017917	0.014702	0.650000
0.467458	0.490741	0.478547	0.502366	0.007403	0.007052	-0.029084	-0.027705	0.017251	0.650000
0.493957	0.515180	0.506483	0.528222	-0.000763	-0.000731	-0.031979	-0.030662	0.015170	0.650000
0.497390	0.519644	0.509862	0.532634	-0.007558	-0.007234	-0.041096	-0.039338	0.014761	0.650000
0.515604	0.538062	0.529433	0.552445	-0.011650	-0.011164	-0.046004	-0.044086	0.012705	0.650000
0.524354	0.550493	0.538723	0.565489	-0.015736	-0.014989	-0.058419	-0.055651	0.011187	0.650000
0.552138	0.576454	0.568973	0.593950	-0.018050	-0.017288	-0.058732	-0.056260	0.007000	0.650000
0.553707	0.577466	0.570332	0.594717	-0.020566	-0.019720	-0.062869	-0.060288	0.004206	0.650000
0.560308	0.584037	0.577645	0.602017	-0.021920	-0.021030	-0.064908	-0.062277	0.002937	0.650000
0.564236	0.588728	0.581883	0.607037	-0.023371	-0.022398	-0.068529	-0.065685	0.001926	0.650000
0.571488	0.596852	0.589762	0.615816	-0.025092	-0.024026	-0.073153	-0.070053	0.000106	0.650000
0.579249	0.608998	0.598302	0.628839	-0.028067	-0.026696	-0.084905	-0.080773	-0.001111	0.650000
0.599843	0.639950	0.621584	0.662741	-0.040894	-0.038329	-0.106786	-0.100132	0.006330	0.650000
0.600769	0.639419	0.622334	0.661991	-0.043489	-0.040859	-0.106657	-0.100246	0.006330	0.650000
0.604013	0.640793	0.628397	0.666297	-0.034504	-0.032523	-0.106480	-0.100402	-0.005880	0.650000
0.612539	0.647236	0.637309	0.673073	-0.034338	-0.032497	-0.106263	-0.100597	-0.010335	0.650000
0.618501	0.650495	0.643349	0.676330	-0.036907	-0.035091	-0.106011	-0.100823	-0.012812	0.650000
0.621886	0.652229	0.646474	0.677729	-0.040864	-0.038962	-0.109145	-0.104093	-0.015165	0.650000
0.652537	0.682845	0.680263	0.711578	-0.043302	-0.041379	-0.109022	-0.104206	-0.015165	0.650000
0.654678	0.690016	0.681783	0.718222	-0.039704	-0.037670	-0.111601	-0.105917	-0.013181	0.650000
0.661593	0.702141	0.679402	0.720605	-0.038280	-0.036068	-0.112840	-0.106363	-0.008019	0.650000
0.666101	0.710444	0.677692	0.722317	-0.036930	-0.034624	-0.113126	-0.106110	-0.004032	0.650000
0.665471	0.711841	0.676686	0.723324	-0.042326	-0.039568	-0.113295	-0.105962	0.004318	0.650000
0.664935	0.712215	0.676226	0.723784	-0.046789	-0.043681	-0.113826	-0.106317	0.009629	0.650000
0.665952	0.723791	0.671204	0.728811	-0.045109	-0.041502	-0.114681	-0.105581	0.023493	0.650000
0.659011	0.727954	0.665627	0.734393	-0.048071	-0.043515	-0.115646	-0.104776	0.043493	0.650000
0.653826	0.731158	0.661398	0.738628	-0.055491	-0.049617	-0.116389	-0.104173	0.063493	0.650000
0.650819	0.733064	0.658906	0.741124	-0.066601	-0.059119	-0.116831	-0.103821	0.081544	0.650000
0.651399	0.732706	0.659363	0.740666	-0.076505	-0.068001	-0.116750	-0.103885	0.089485	0.650000
0.643221	0.738000	0.652556	0.747484	-0.074537	-0.064950	-0.117974	-0.102934	0.108070	0.650000
0.629145	0.747536	0.640578	0.759484	-0.044799	-0.037701	-0.120190	-0.101302	0.117070	0.650000
0.623712	0.751391	0.635821	0.764251	-0.035290	-0.029291	-0.121094	-0.100668	0.123052	0.650000
0.620528	0.753708	0.632995	0.767084	-0.033082	-0.027235	-0.121637	-0.100295	0.129729	0.650000
0.616503	0.756672	0.629386	0.770702	-0.025360	-0.020661	-0.122338	-0.099823	0.133973	0.650000
0.614580	0.758124	0.627644	0.772449	-0.025430	-0.020615	-0.122679	-0.099596	0.139377	0.650000
0.597426	0.771569	0.611583	0.788556	0.009152	0.007086	-0.125918	-0.097555	0.159377	0.650000
0.594163	0.774240	0.608386	0.791762	0.021060	0.016162	-0.126583	-0.097159	0.159377	0.650000
0.589508	0.778136	0.603725	0.796438	0.038686	0.029305	-0.127565	-0.096587	0.159377	0.650000
0.575631	0.790417	0.588987	0.811227	0.096393	0.070153	-0.130771	-0.094823	0.159377	0.650000
0.567617	0.798065	0.579732	0.820517	0.134082	0.095240	-0.132868	-0.093748	0.159377	0.650000
0.555040	0.811168	0.563578	0.836731	0.202501	0.138123	-0.136408	-0.091739	0.159377	0.650000
0.546532	0.821120	0.550927	0.849428	0.258286	0.171002	-0.138876	-0.089932	0.159377	0.650000
0.545605	0.821277	0.543105	0.856985	0.334478	0.220322	-0.078060	-0.049454	0.171898	0.650000
0.547263	0.819518	0.539405	0.860597	0.395947	0.261358	-0.029949	-0.018772	0.171898	0.650000
0.544004	0.818396	0.529951	0.870111	0.473662	0.309857	0.018537	0.011286	0.182717	0.650000
0.530643	0.823172	0.500413	0.879799	0.561506	0.353952	0.019356	0.011002	0.197211	0.650000
0.520828	0.823230	0.470989	0.880215	0.648835	0.398277	0.020137	0.010763	0.199251	0.650000
0.518061	0.828641	0.440292	0.872047	0.730637	0.439444	0.020929	0.010548	0.199251	0.650000
0.503645	0.816006	0.400506	0.852540	0.819811	0.483083	0.021988	0.010293	0.219251	0.650000
0.503777	0.820770	0.374082	0.851695	0.906534	0.527650	0.023067	0.010062	0.239251	0.650000
0.486477	0.791481	0.340730	0.821786	0.989450	0.573634	0.024091	0.009859	0.259251	0.650000
0.470864	0.759780	0.313008	0.785559	1.067114	0.621613	0.024919	0.009692	0.279251	0.650000
0.454572	0.722232	0.309135	0.782919	1.137865	0.672340	0.025319	0.009573	0.299251	0.650000
0.437486	0.696679	0.297611	0.798689	1.206472	0.709395	-0.067224	-0.023664	0.319251	0.650000
0.432683	0.707436	0.275162	0.804551	1.225690	0.703033	-0.191798	-0.062594	0.339251	0.650000
0.429036	0.713426	0.266429	0.812521	1.236393	0.700168	-0.271935	-0.085471	0.359251	0.650000
0.427486	0.711835	0.272940	0.807161	1.232792	0.702533	-0.266344	-0.085909	0.379251	0.650000
0.425766	0.710996	0.277860	0.803124	1.230666	0.704330	-0.269269	-0.088526	0.399251	0.650000
0.425711	0.710936	0.278099	0.802924	1.230534	0.704415	-0.269070	-0.088543	0.400000	0.650000
0.439404	0.733804	0.278099	0.802924	1.230534	0.704415	-0.269070	-0.088543	0.400000	0.650000
0.474450	0.792330	0.278099	0.802924	1.230534	0.704415	-0.269070	-0.088543	0.400000	0.650000
0.536885	0.896596	0.278099	0.802924	1.230534	0.704415	-0.269070	-0.088543	0.400000	0.650000
0.551000	0.920169	0.278099	0.802924	1.230534	0.704415	-0.269070	-0.088543	0.400000	0.650000
0.551000	0.920169	0.282872	0.816705	1.230534	0.704415	-0.269070	-0.088543	0.400000	0.650000
0.554394	0.909498	0.299692	0.801641	1.214710	0.710178	-0.182287	-0.064087	0.400000	0.650000
0.559735	0.893291	0.339983	0.814602	1.191075	0.719194	-0.063840	-0.024703	0.400000	0.650000
0.565185	0.877397	0.368907	0.799150	1.168361	0.728358	0.039275	0.016618	0.400000	0.650000
0.570770	0.861696	0.397859	0.785643	1.146371	0.737744	0.130551	0.060091	0.400000	0.650000
0.567616	0.853369	0.411580	0.789386	1.066887	0.689814	0.217551	0.105332	0.380000	0.650000
0.568049	0.838092	0.445786	0.801101	0.978319	0.646061	0.293435	0.153926	0.360000	0.650000
0.572079	0.817196	0.502217	0.827944	0.884231	0.605295	0.357719	0.206841	0.340000	0.650000
0.579881	0.791530	0.550700	0.823279	0.787528	0.566690	0.411759	0.264961	0.320000	0.650000
0.591725	0.761631	0.598012	0.806235	0.690653	0.529608	0.457434	0.329159	0.300000	0.650000
0.607937	0.727822	0.633269	0.768821	0.595680	0.493498	0.496566	0.400296	0.280000	0.650000
0.627933	0.691844	0.667073	0.733515	0.505386	0.456959	0.527581	0.474192	0.260000	0.650000
0.638983	0.674497	0.682193	0.717967	0.432061	0.408574	0.514219	0.485748	0.240000	0.650000
0.637861	0.678912	0.678938	0.721222	0.371903	0.348817	0.454449	0.425660	0.220000	0.650000
0.638690	0.682076	0.677441	0.722687	0.310404	0.290257	0.393040	0.367039	0.200000	0.650000
0.631732	0.694849	0.666328	0.733869	0.296673	0.269208	0.336478	0.304313	0.180000	0.650000
0.622370	0.710229	0.651959	0.748300	0.297275	0.259790	0.279315	0.242460	0.160000	0.650000
0.611840	0.726788	0.635816	0.764455	0.305438	0.256155	0.220136	0.182556	0.140000	0.650000
0.614092	0.727888	0.637051	0.763109	0.268601	0.225918	0.174024	0.145022	0.120000	0.650000
0.626184	0.718065	0.650267	0.749807	0.215400	0.187520	0.149835	0.129812	0.100000	0.650000
0.638059	0.708590	0.662396	0.737640	0.181516	0.163288	0.138256	0.124072	0.080000	0.650000
0.648459	0.701602	0.671987	0.728030	0.155078	0.143251	0.124429	0.114805	0.060000	0.650000
0.666243	0.688301	0.688556	0.711447	0.118167	0.114363	0.121419	0.117494	0.040000	0.650000
0.684603	0.675777	0.704519	0.695482	0.086280	0.085165	0.120194	0.118645	0.020000	0.650000
0.696033	0.674211	0.711088	0.688913	0.030169	0.029223	0.086814	0.084099	0.021303	0.650000
0.707776	0.667344	0.720443	0.679561	0.019173	0.018076	0.087909	0.082901	0.003066	0.650000
0.720978	0.659821	0.730769	0.669242	0.007916	0.007242	0.090415	0.082756	-0.016934	0.650000
0.739072	0.650491	0.744321	0.655701	-0.015717	-0.013818	0.091932	0.080877	-0.036934	0.650000
0.752616	0.643976	0.754165	0.645866	-0.027531	-0.023511	0.092999	0.079462	-0.056934	0.650000
0.767212	0.637372	0.764534	0.635511	-0.041461	-0.034330	0.094093	0.077925	-0.076934	0.650000
0.780105	0.631866	0.773499	0.626559	-0.050825	-0.040964	0.095015	0.076555	-0.096934	0.650000
0.797228	0.625039	0.785209	0.614869	-0.070251	-0.054652	0.096188	0.074707	-0.116934	0.650000
0.824135	0.615750	0.803549	0.596563	-0.137304	-0.101112	0.097954	0.071667	-0.116934	0.650000
0.830807	0.613701	0.808089	0.592032	-0.154183	-0.112019	0.098379	0.070886	-0.116934	0.650000
0.853737	0.607469	0.823748	0.576405	-0.213027	-0.147795	0.099808	0.068098	-0.116934	0.650000
0.874311	0.603000	0.837982	0.562200	-0.267038	-0.177822	0.101059	0.065430	-0.116934	0.650000
0.889770	0.600390	0.848870	0.551332	-0.308471	-0.199233	0.101988	0.063297	-0.116934	0.650000
0.898131	0.601442	0.854386	0.545778	-0.338834	-0.216192	0.092054	0.055883	-0.116934	0.650000
0.911321	0.607055	0.862756	0.537296	-0.399909	-0.252053	0.059887	0.035118	-0.116934	0.650000
0.925511	0.606460	0.873713	0.526337	-0.440701	-0.270458	0.060398	0.033752	-0.116934	0.650000
0.944668	0.606255	0.889953	0.510091	-0.500333	-0.295905	0.061134	0.031621	-0.116934	0.650000
0.925260	0.588340	0.881295	0.492008	-0.531053	-0.308458	0.061508	0.030450	-0.116934	0.650000
0.920104	0.574835	0.878987	0.460354	-0.602984	-0.336782	0.062376	0.027477	-0.116934	0.650000
0.926291	0.572048	0.885293	0.434805	-0.671287	-0.362854	0.063195	0.024289	-0.116934	0.650000
0.934630	0.575047	0.894580	0.425512	-0.703768	-0.375171	0.063585	0.022620	-0.116934	0.650000
0.942858	0.578564	0.904368	0.415721	-0.737224	-0.387907	0.063987	0.020780	-0.116934	0.650000
0.953299	0.583924	0.913560	0.397175	-0.789246	-0.407996	0.064615	0.017636	-0.116934	0.650000
0.955200	0.585075	0.916230	0.394509	-0.797934	-0.411403	0.064721	0.017074	-0.116934	0.650000
0.933403	0.571757	0.894400	0.381337	-0.806695	-0.414857	0.064827	0.016494	-0.116934	0.650000
0.933403	0.571757	0.894400	0.381337	-0.806695	-0.414857	0.064827	0.016494	-0.116934	0.650000
0.929657	0.575235	0.891628	0.384215	-0.813460	-0.425188	0.041432	0.010944	-0.116934	0.650000
0.916643	0.578247	0.878324	0.397729	-0.801907	-0.434215	-0.000099	-0.000031	-0.106314	0.650000
0.908592	0.579164	0.869165	0.407042	-0.787936	-0.435824	-0.021998	-0.007481	-0.105233	0.650000
0.887405	0.583945	0.845229	0.431564	-0.757345	-0.444263	-0.085740	-0.035577	-0.105233	0.650000
0.895075	0.605643	0.825833	0.453625	-0.726241	-0.447024	-0.132121	-0.062966	-0.101711	0.650000
0.899799	0.612612	0.833787	0.466681	-0.712195	-0.442723	-0.131514	-0.064883	-0.085795	0.650000
0.897589	0.615752	0.835912	0.476956	-0.700378	-0.440188	-0.130887	-0.066797	-0.065795	0.650000
0.889809	0.615376	0.829748	0.482948	-0.688190	-0.437733	-0.130239	-0.068715	-0.047691	0.650000
0.892541	0.614383	0.840314	0.489589	-0.672414	-0.425288	-0.099432	-0.052667	-0.027691	0.650000
0.888336	0.614496	0.837725	0.492117	-0.671602	-0.427190	-0.098319	-0.052777	-0.012137	0.650000
0.889144	0.605800	0.843077	0.486493	-0.664169	-0.413244	-0.049649	-0.025952	0.007863	0.650000
0.870136	0.591124	0.843141	0.486363	-0.660119	-0.408602	-0.026273	-0.013731	0.027863	0.650000
0.867153	0.591348	0.841142	0.488359	-0.659443	-0.410173	-0.026232	-0.013852	0.037038	0.650000
0.856563	0.584017	0.838774	0.487558	-0.659830	-0.409574	-0.010445	-0.005526	0.056489	0.650000
0.854324	0.584204	0.837251	0.489081	-0.659294	-0.410803	-0.010432	-0.005562	0.063145	0.650000
0.851857	0.579904	0.834369	0.492038	-0.638371	-0.396468	0.030141	0.016301	0.083145	0.650000
0.824261	0.562659	0.809891	0.483551	-0.628275	-0.392115	0.050065	0.027579	0.103145	0.650000
0.795233	0.548979	0.785484	0.479212	-0.619487	-0.393165	0.053702	0.030544	0.123145	0.650000
0.781360	0.542840	0.774587	0.479337	-0.612982	-0.392686	0.066016	0.038315	0.143145	0.650000
0.776391	0.540906	0.771300	0.480443	-0.612561	-0.393661	0.079977	0.046829	0.162168	0.650000
0.776391	0.540906	0.771300	0.480443	-0.612561	-0.393661	0.079977	0.046829	0.162168	0.650000
0.773261	0.541359	0.769100	0.482637	-0.611605	-0.395662	0.079821	0.047229	0.170418	0.650000
0.762976	0.538286	0.763578	0.488221	-0.599472	-0.392734	0.096337	0.058465	0.190418	0.650000
0.762976	0.538286	0.763578	0.488221	-0.599472	-0.392734	0.096337	0.058465	0.190418	0.650000
0.770128	0.551334	0.771664	0.503363	-0.596505	-0.398662	0.086587	0.054002	0.204710	0.650000
0.764718	0.552310	0.767738	0.507273	-0.594707	-0.402177	0.086275	0.054726	0.218212	0.650000
0.757225	0.546127	0.764061	0.511145	-0.573923	-0.389016	0.130963	0.084300	0.238212	0.650000
0.757055	0.546163	0.763937	0.511268	-0.573865	-0.389127	0.130947	0.084334	0.238618	0.650000
0.764591	0.552298	0.778499	0.521931	-0.573611	-0.389616	0.130881	0.084483	0.240393	0.650000
0.771362	0.557608	0.785985	0.527501	-0.573461	-0.389905	0.130841	0.084571	0.241444	0.650000
0.777089	0.567897	0.794366	0.541204	-0.571259	-0.394083	0.130265	0.085830	0.256442	0.650000
0.765966	0.570284	0.785646	0.549860	-0.561994	-0.397713	0.129211	0.088037	0.276442	0.650000
0.765966	0.570284	0.785646	0.549860	-0.561994	-0.397713	0.129211	0.088037	0.276442	0.650000
0.773312	0.578507	0.794349	0.559526	-0.561005	-0.399488	0.128956	0.088554	0.282591	0.650000
0.767560	0.580012	0.789914	0.563931	-0.558898	-0.403208	0.128416	0.089627	0.295331	0.650000
0.758735	0.581722	0.782066	0.571729	-0.535835	-0.395008	0.127444	0.091487	0.295331	0.650000
0.758735	0.581722	0.782066	0.571729	-0.535835	-0.395008	0.127444	0.091487	0.295331	0.650000
0.789107	0.601026	0.811836	0.588451	-0.537179	-0.392712	0.127796	0.090824	0.287304	0.650000
0.789889	0.607858	0.807279	0.592982	-0.535076	-0.396292	0.127246	0.091856	0.299784	0.650000
0.781831	0.610352	0.800985	0.599242	-0.532109	-0.401217	0.126477	0.093254	0.316662	0.650000
0.779188	0.606666	0.799958	0.600345	-0.514082	-0.387399	0.151798	0.112257	0.316662	0.650000
0.779188	0.606666	0.799958	0.600345	-0.514082	-0.387399	0.151798	0.112257	0.316662	0.650000
0.785619	0.609760	0.801292	0.599020	-0.514705	-0.386371	0.151995	0.111905	0.313129	0.650000
0.777664	0.611950	0.794469	0.605797	-0.494617	-0.378336	0.150976	0.113692	0.313129	0.650000
0.775769	0.609094	0.793900	0.606427	-0.480487	-0.367191	0.170719	0.128751	0.313129	0.650000
0.775769	0.609094	0.793900	0.606427	-0.480487	-0.367191	0.170719	0.128751	0.313129	0.650000
0.775193	0.609002	0.793135	0.607185	-0.469995	-0.359785	0.170588	0.128975	0.304728	0.650000
0.772390	0.609561	0.790884	0.609425	-0.461867	-0.355732	0.172113	0.131081	0.304728	0.650000
0.772390	0.609561	0.790884	0.609425	-0.461867	-0.355732	0.172113	0.131081	0.304728	0.650000
0.784101	0.605350	0.800002	0.600380	-0.470405	-0.352709	0.173682	0.128370	0.284728	0.650000
0.785184	0.604966	0.800823	0.599566	-0.470761	-0.352113	0.173821	0.128122	0.282475	0.650000
0.785635	0.604806	0.801164	0.599228	-0.470909	-0.351865	0.173879	0.128018	0.281537	0.650000
0.786675	0.604442	0.801949	0.598450	-0.471248	-0.351293	0.174012	0.127780	0.279374	0.650000
0.790009	0.603168	0.804324	0.596094	-0.468597	-0.346765	0.174413	0.127056	0.268952	0.650000
0.792532	0.599819	0.807120	0.593396	-0.467660	-0.342521	0.189794	0.136908	0.268952	0.650000
0.778973	0.576626	0.814238	0.586573	-0.467982	-0.333695	0.225755	0.158745	0.268952	0.650000
0.778973	0.576626	0.814238	0.586573	-0.467982	-0.333695	0.225755	0.158745	0.268952	0.650000
0.787930	0.573705	0.820894	0.580023	-0.470697	-0.328673	0.227149	0.156009	0.249996	0.650000
0.795454	0.579184	0.820894	0.580023	-0.470697	-0.328673	0.227149	0.156009	0.249996	0.650000
0.800100	0.577741	0.824269	0.576706	-0.472046	-0.326114	0.227847	0.154599	0.240221	0.650000
0.801873	0.577246	0.825519	0.575477	-0.472541	-0.325163	0.228104	0.154072	0.236571	0.650000
0.807546	0.579415	0.826863	0.574156	-0.473071	-0.324140	0.228379	0.153503	0.232629	0.650000
0.817070	0.581079	0.830485	0.570598	-0.474483	-0.321376	0.229117	0.151958	0.221921	0.650000
0.815982	0.582137	0.829457	0.571569	-0.473987	-0.322356	0.224434	0.149443	0.221921	0.650000
0.839197	0.597057	0.830801	0.570216	-0.474427	-0.321493	0.221051	0.146477	0.215408	0.650000
0.841018	0.596545	0.832048	0.568990	-0.474905	-0.320545	0.221294	0.145960	0.211670	0.650000
0.833402	0.605509	0.824300	0.576326	-0.471100	-0.327941	0.179855	0.122200	0.206637	0.650000
0.833402	0.605509	0.824300	0.576326	-0.471100	-0.327941	0.179855	0.122200	0.206637	0.650000
0.835522	0.604910	0.825772	0.574870	-0.471667	-0.326862	0.180092	0.121711	0.202212	0.650000
0.837354	0.604399	0.827039	0.573616	-0.472153	-0.325931	0.180297	0.121288	0.198385	0.650000
0.837354	0.604399	0.827039	0.573616	-0.472153	-0.325931	0.180297	0.121288	0.198385	0.650000
0.846702	0.601897	0.833453	0.567274	-0.474717	-0.321314	0.181320	0.119121	0.178930	0.650000
0.846702	0.601897	0.833453	0.567274	-0.474717	-0.321314	0.181320	0.119121	0.178930	0.650000
0.851261	0.600732	0.836542	0.564221	-0.475858	-0.319035	0.181807	0.118060	0.169339	0.650000
0.853228	0.600240	0.837868	0.562910	-0.476342	-0.318056	0.182015	0.117602	0.165193	0.650000
0.853228	0.600240	0.837868	0.562910	-0.476342	-0.318056	0.182015	0.117602	0.165193	0.650000
0.857552	0.599184	0.840770	0.560043	-0.477393	-0.315912	0.182467	0.116591	0.156061	0.650000
0.856823	0.599359	0.840282	0.560525	-0.477217	-0.316272	0.182391	0.116761	0.157602	0.650000
0.856823	0.599359	0.840282	0.560525	-0.477217	-0.316272	0.182391	0.116761	0.157602	0.650000
0.858674	0.598915	0.841519	0.559302	-0.477662	-0.315357	0.182584	0.116328	0.153687	0.650000
0.853767	0.600107	0.838231	0.562551	-0.476474	-0.317788	0.182072	0.117476	0.164056	0.650000
0.848401	0.601458	0.834607	0.566134	-0.475145	-0.320464	0.181502	0.118726	0.175360	0.650000
0.838040	0.605361	0.827074	0.573537	-0.472179	-0.326263	0.173552	0.116758	0.193516	0.650000
0.826630	0.608551	0.818927	0.581599	-0.465200	-0.329418	0.171817	0.119025	0.213516	0.650000
0.811237	0.613201	0.807435	0.592979	-0.448606	-0.328671	0.168700	0.121627	0.233517	0.650000
0.765074	0.640416	0.766550	0.633505	-0.367264	-0.304095	0.096496	0.079419	0.233517	0.650000
0.736814	0.653686	0.743564	0.656456	-0.294624	-0.260287	0.088934	0.078414	0.230655	0.650000
0.713445	0.663930	0.725634	0.674374	-0.226184	-0.210206	0.098089	0.091122	0.230655	0.650000
0.683135	0.682259	0.700453	0.699547	-0.158584	-0.158379	0.094795	0.094672	0.244807	0.650000
0.662703	0.696095	0.682721	0.717283	-0.106070	-0.100966	0.097138	0.092445	0.244807	0.650000
0.659075	0.693307	0.682281	0.717727	-0.084312	-0.080142	0.139024	0.132119	0.264807	0.650000
0.639198	0.707880	0.664108	0.735932	-0.033222	-0.029998	0.155458	0.140183	0.284807	0.650000
0.627383	0.717020	0.652774	0.747311	-0.000033	-0.000029	0.172845	0.150799	0.304807	0.650000
0.623000	0.719172	0.649172	0.750957	0.017424	0.015094	0.198370	0.171191	0.324807	0.650000
0.615955	0.724178	0.642456	0.757768	0.054382	0.046252	0.229032	0.193672	0.344807	0.650000
0.609654	0.731291	0.634941	0.765347	0.059110	0.049274	0.231797	0.191727	0.364807	0.650000
0.607565	0.733107	0.632788	0.767561	0.059801	0.049556	0.247150	0.203041	0.384807	0.650000
0.605449	0.735197	0.630443	0.769969	0.063792	0.052529	0.259245	0.211422	0.400000	0.650000
0.602350	0.738732	0.626570	0.773896	0.082384	0.067165	0.260898	0.210324	0.400000	0.650000
0.600284	0.741136	0.623931	0.776575	0.095311	0.077182	0.262038	0.209582	0.400000	0.650000
0.594752	0.747794	0.616597	0.784031	0.132327	0.105205	0.265267	0.207537	0.400000	0.650000
0.597446	0.743925	0.620491	0.780140	0.133616	0.107266	0.277165	0.219247	0.400000	0.650000
0.596979	0.744501	0.619859	0.780783	0.136892	0.109723	0.277459	0.219062	0.400000	0.650000
0.597463	0.743724	0.620511	0.780124	0.145346	0.116708	0.277164	0.219247	0.392223	0.650000
0.598029	0.742970	0.621275	0.779347	0.145188	0.116810	0.276813	0.219470	0.389706	0.650000
0.598904	0.741808	0.622452	0.778151	0.144945	0.116968	0.276273	0.219814	0.385823	0.650000
0.600197	0.740104	0.624179	0.776396	0.144589	0.117201	0.275484	0.220322	0.380116	0.650000
0.588148	0.757382	0.606710	0.793806	0.148138	0.114965	0.216953	0.165175	0.370157	0.650000
0.592418	0.751882	0.612473	0.787976	0.146938	0.115699	0.214870	0.166413	0.351460	0.650000
0.599005	0.743854	0.621115	0.779243	0.134073	0.107905	0.211819	0.168304	0.331460	0.650000
0.605706	0.736051	0.629538	0.770743	0.122852	0.101049	0.208931	0.170186	0.311460	0.650000
0.604058	0.740046	0.626404	0.773803	0.115030	0.093849	0.173163	0.139905	0.291460	0.650000
0.618419	0.725336	0.643059	0.757060	0.071742	0.061158	0.168622	0.143028	0.271460	0.650000
0.634913	0.710359	0.660447	0.739608	0.006387	0.005709	0.164135	0.146432	0.270496	0.650000
0.652652	0.695727	0.677669	0.722348	-0.054432	-0.051059	0.159926	0.149959	0.270496	0.650000
0.653939	0.700361	0.675893	0.724117	-0.094804	-0.088506	0.116989	0.109168	0.270496	0.650000
0.662744	0.694552	0.683514	0.716491	-0.123821	-0.118128	0.110701	0.105588	0.270496	0.650000
0.678976	0.683014	0.697916	0.702084	-0.144259	-0.143401	0.108408	0.107762	0.250496	0.650000
0.688199	0.679407	0.704534	0.695466	-0.160004	-0.157944	0.091833	0.090648	0.230496	0.650000
0.699131	0.673430	0.713232	0.686769	-0.172726	-0.166314	0.087235	0.083989	0.210496	0.650000
0.712936	0.665901	0.724193	0.675813	-0.190916	-0.178154	0.085173	0.079457	0.190496	0.650000
0.724335	0.660784	0.732677	0.667332	-0.204426	-0.186192	0.079290	0.072176	0.170496	0.650000
0.736902	0.656360	0.741468	0.658542	-0.223634	-0.198670	0.068453	0.060736	0.150496	0.650000
0.744652	0.654961	0.746197	0.653811	-0.231391	-0.202859	0.055161	0.048269	0.130496	0.650000
0.754750	0.651151	0.753358	0.646652	-0.239174	-0.205456	0.051138	0.043810	0.110496	0.650000
0.765724	0.649012	0.760256	0.639751	-0.255235	-0.215099	0.037165	0.031190	0.090496	0.650000
0.776176	0.646144	0.767215	0.632791	-0.265442	-0.219385	0.030163	0.024786	0.070496	0.650000
0.782673	0.645214	0.771017	0.628987	-0.266583	-0.218021	0.021513	0.017474	0.050496	0.650000
0.782138	0.655544	0.766020	0.633986	-0.301190	-0.250456	-0.035184	-0.029018	0.050496	0.650000
0.769897	0.671161	0.751489	0.648542	-0.316840	-0.274608	-0.098737	-0.085040	0.056048	0.650000
0.772756	0.674133	0.751652	0.648395	-0.338694	-0.293569	-0.122113	-0.105102	0.056048	0.650000
0.781100	0.672071	0.757593	0.642470	-0.362692	-0.309499	-0.127606	-0.107891	0.056340	0.650000
0.780296	0.676621	0.754873	0.645210	-0.377780	-0.324887	-0.152579	-0.130028	0.057719	0.650000
0.785836	0.674815	0.759345	0.640751	-0.399250	-0.339431	-0.153358	-0.128948	0.066148	0.650000
0.783445	0.676708	0.757332	0.642765	-0.411083	-0.351489	-0.160058	-0.135393	0.081207	0.650000
0.775625	0.682065	0.750332	0.649759	-0.419808	-0.365799	-0.176306	-0.152268	0.101207	0.650000
0.761161	0.687009	0.739559	0.660497	-0.401796	-0.360273	-0.174047	-0.155188	0.121207	0.650000
0.749023	0.691496	0.730528	0.669505	-0.389658	-0.358015	-0.172102	-0.157565	0.141207	0.650000
0.738637	0.695580	0.722778	0.677240	-0.381851	-0.358354	-0.170393	-0.159554	0.161207	0.650000
0.714346	0.707364	0.703628	0.696373	-0.344518	-0.340994	-0.172560	-0.170765	0.181207	0.650000
0.688868	0.720143	0.684017	0.715994	-0.315086	-0.300916	-0.175716	-0.167798	0.201207	0.650000
0.671936	0.729499	0.670801	0.729234	-0.302673	-0.278066	-0.179213	-0.164725	0.221207	0.650000
0.648412	0.743766	0.652364	0.747732	-0.255728	-0.222322	-0.184337	-0.160612	0.221207	0.650000
0.624351	0.759736	0.633044	0.767151	-0.200525	-0.164430	-0.190035	-0.156510	0.221207	0.650000
0.604690	0.773910	0.616613	0.783694	-0.148368	-0.115767	-0.195166	-0.153178	0.221207	0.650000
0.588710	0.786283	0.602579	0.797843	-0.099857	-0.074714	-0.199774	-0.150440	0.221207	0.650000
0.575801	0.796939	0.590599	0.809935	-0.055503	-0.040093	-0.203882	-0.148177	0.221207	0.650000
0.562001	0.809132	0.576888	0.823788	-0.001444	-0.001003	-0.208794	-0.145670	0.221207	0.650000
0.558410	0.812468	0.573121	0.827597	0.014014	0.009632	-0.210185	-0.144996	0.221207	0.650000
0.548737	0.821350	0.561952	0.838823	0.068895	0.046011	-0.205879	-0.137398	0.221207	0.650000
0.548392	0.819903	0.559556	0.840997	0.108844	0.072735	-0.173982	-0.115450	0.221207	0.650000
0.547189	0.819877	0.555996	0.844392	0.151227	0.100759	-0.146038	-0.095986	0.221207	0.650000
0.543223	0.824382	0.550143	0.850255	0.179941	0.118286	-0.144849	-0.093557	0.221207	0.650000
0.544890	0.822042	0.551640	0.848687	0.183450	0.121299	-0.133442	-0.086610	0.221207	0.650000
0.543763	0.823002	0.548592	0.851665	0.211093	0.139019	-0.119340	-0.076788	0.221207	0.650000
0.544410	0.821862	0.548210	0.851980	0.226702	0.149617	-0.104781	-0.067369	0.221207	0.650000
0.542807	0.823820	0.544551	0.855604	0.252260	0.165457	-0.096138	-0.061151	0.221207	0.650000
0.543819	0.822348	0.545115	0.855000	0.260063	0.171159	-0.085245	-0.054325	0.221207	0.650000
0.544387	0.821473	0.544411	0.855657	0.277968	0.183217	-0.070236	-0.044677	0.221207	0.650000
0.542014	0.824876	0.539934	0.860134	0.298541	0.194943	-0.070818	-0.044445	0.221207	0.650000
0.542014	0.824876	0.539934	0.860134	0.298541	0.194943	-0.070818	-0.044445	0.221207	0.650000
0.543042	0.823472	0.540107	0.859929	0.311210	0.203855	-0.057016	-0.035808	0.221207	0.650000
0.541936	0.825157	0.537853	0.862182	0.321625	0.209718	-0.057255	-0.035714	0.221207	0.650000
0.545923	0.819671	0.540842	0.859158	0.345878	0.228517	-0.020754	-0.013065	0.219602	0.650000
0.531862	0.805168	0.535619	0.858833	0.347634	0.227745	-0.033346	-0.020797	0.219602	0.650000
0.527415	0.798436	0.530956	0.851356	0.347634	0.227745	-0.033346	-0.020797	0.219602	0.650000
0.523357	0.791122	0.528086	0.845090	0.347327	0.227877	-0.033305	-0.020813	0.217255	0.650000
0.516292	0.777954	0.521397	0.830860	0.346665	0.228163	-0.033219	-0.020847	0.212201	0.650000
0.516638	0.777486	0.521936	0.830321	0.346402	0.228278	-0.033185	-0.020860	0.210193	0.650000
0.517951	0.775717	0.523974	0.828283	0.345408	0.228713	-0.033056	-0.020911	0.202612	0.650000
0.521287	0.771225	0.528987	0.823269	0.342890	0.229838	-0.029576	-0.019004	0.186854	0.650000
0.526295	0.766223	0.535503	0.816752	0.339617	0.231344	-0.024443	-0.016027	0.167104	0.650000
0.539433	0.774445	0.548242	0.821226	0.335183	0.231563	-0.024180	-0.016142	0.147104	0.650000
0.557942	0.792106	0.565203	0.834801	0.332976	0.232638	-0.023977	-0.016234	0.130406	0.650000
0.568761	0.791137	0.574275	0.825729	0.316491	0.225875	-0.023598	-0.016412	0.110406	0.650000
0.576752	0.782153	0.585363	0.814641	0.292638	0.214481	-0.023151	-0.016635	0.090406	0.650000
0.583970	0.774604	0.594596	0.805408	0.277081	0.207789	-0.022792	-0.016826	0.070406	0.650000
0.593735	0.765000	0.606539	0.793465	0.251812	0.194637	-0.022343	-0.017079	0.050406	0.650000
0.604052	0.757600	0.618010	0.782003	0.209537	0.166627	-0.042896	-0.033896	0.030406	0.650000
0.618817	0.747537	0.632799	0.767220	0.158665	0.131170	-0.060353	-0.049769	0.010406	0.650000
0.631843	0.740537	0.644440	0.755584	0.090832	0.077471	-0.080980	-0.069047	0.015226	0.650000
0.648629	0.729914	0.658960	0.741056	0.025103	0.022307	-0.084821	-0.075405	0.024743	0.643640
0.668317	0.718766	0.674729	0.725277	-0.036321	-0.033770	-0.090206	-0.083904	0.026999	0.600731
0.681342	0.714620	0.683429	0.716576	-0.084755	-0.080799	-0.110365	-0.105240	0.026999	0.560682
0.696095	0.706674	0.694724	0.705276	-0.118631	-0.116847	-0.108563	-0.106933	0.026999	0.480682
0.703921	0.706779	0.698582	0.701418	-0.134466	-0.133919	-0.132110	-0.131572	0.006999	0.400682
0.702690	0.717445	0.692778	0.707225	-0.178603	-0.174891	-0.193866	-0.189857	0.007897	0.320683
0.653572	0.679538	0.686585	0.713432	-0.231678	-0.222671	-0.256870	-0.247000	0.019200	0.240689
0.594863	0.644457	0.648799	0.700535	-0.253792	-0.233875	-0.324691	-0.299939	0.019200	0.183320
0.552540	0.594481	0.595808	0.639230	-0.260277	-0.241527	-0.323585	-0.300894	0.019200	0.165370
0.514262	0.549878	0.548008	0.584578	-0.266062	-0.248445	-0.322594	-0.301760	0.019200	0.149396
0.493182	0.519318	0.519931	0.546581	-0.262812	-0.249297	-0.320102	-0.303982	-0.000800	0.136056
0.442075	0.468138	0.458189	0.484106	-0.239491	-0.225923	-0.320961	-0.303209	-0.020800	0.123927
0.413476	0.439402	0.423703	0.449045	-0.220002	-0.206833	-0.321487	-0.302739	-0.038232	0.112900
0.378516	0.405143	0.386592	0.412391	-0.204066	-0.190491	-0.322604	-0.301750	-0.047511	0.103513
0.344420	0.372811	0.350797	0.378081	-0.192598	-0.177774	-0.324385	-0.300201	-0.047511	0.095038
0.310581	0.340105	0.315858	0.344039	-0.180667	-0.164838	-0.326230	-0.298630	-0.047511	0.087258
0.299934	0.328446	0.304619	0.331797	-0.180667	-0.164838	-0.326230	-0.298630	-0.047511	0.080116
0.283064	0.296302	0.283483	0.296153	-0.208034	-0.198620	-0.319052	-0.304938	-0.067511	0.073583
0.246874	0.258419	0.245842	0.256829	-0.208034	-0.198620	-0.319052	-0.304938	-0.067511	0.067829
0.211547	0.217371	0.208505	0.214033	-0.216978	-0.211082	-0.316119	-0.307672	-0.078503	0.062692
0.170357	0.173945	0.166189	0.169567	-0.218500	-0.213928	-0.315121	-0.308625	-0.083966	0.057947
0.134586	0.134144	0.128513	0.128100	-0.235819	-0.235030	-0.312359	-0.311320	-0.093539	0.053562
0.099036	0.093958	0.092202	0.087460	-0.299926	-0.284141	-0.330992	-0.313281	-0.110288	0.049509
0.048478	0.044707	0.043537	0.040082	-0.366438	-0.336846	-0.370830	-0.339827	-0.130288	0.045762
0.048478	0.044707	0.044859	0.041299	-0.366438	-0.336846	-0.370830	-0.339827	-0.130288	0.042299
0.064354	0.059354	0.055340	0.050979	-0.429015	-0.394054	-0.433618	-0.396809	-0.150288	0.039098
0.066770	0.058751	0.055412	0.048365	-0.502315	-0.438061	-0.444685	-0.383067	-0.170288	0.036140
0.064644	0.054728	0.050153	0.041663	-0.576111	-0.480416	-0.454651	-0.369399	-0.190288	0.033405
0.029725	0.024713	0.022987	0.018687	-0.514410	-0.421514	-0.391565	-0.312177	-0.190288	0.030877
0.004457	0.003675	0.003610	0.002909	-0.450104	-0.366319	-0.325950	-0.258762	-0.170288	0.028540
-0.003595	-0.002954	-0.003037	-0.002444	-0.384762	-0.312663	-0.259594	-0.206610	-0.150288	0.026380
0.014013	0.011528	0.012304	0.009950	-0.318818	-0.259934	-0.193021	-0.154883	-0.130288	0.024384
0.042038	0.034771	0.038249	0.031246	-0.252651	-0.207564	-0.126642	-0.102903	-0.110288	0.022539
0.045994	0.038044	0.044127	0.036048	-0.252651	-0.207564	-0.126642	-0.102903	-0.110288	0.020833
0.049778	0.041173	0.045621	0.037269	-0.252651	-0.207564	-0.126642	-0.102903	-0.110288	0.019256
0.031557	0.026102	0.028712	0.023456	-0.252651	-0.207564	-0.126642	-0.102903	-0.110288	0.017799
0.007203	0.006117	0.006779	0.005720	-0.185348	-0.156808	-0.080975	-0.068124	-0.090288	0.016451
