0.000000	0.000000	0.000000
-11.250118	0.000105	0.028035
-11.238922	0.000419	0.028035
-11.220262	0.000942	0.028035
-11.194138	0.001674	0.028035
-11.160550	0.002616	0.028035
-11.119499	0.003768	0.028035
-11.071031	0.006257	0.055029
-11.005724	0.009854	0.055029
-10.945132	0.012817	0.039527
-10.884513	0.015215	0.039527
-10.823893	0.017612	0.039527
-10.763274	0.020010	0.039527
-10.693075	0.022786	0.039527
-10.632440	0.024696	0.029405
-10.571795	0.026290	0.026285
-10.511149	0.027885	0.026285
-10.430495	0.030005	0.026285
-10.369850	0.031600	0.026285
-10.309208	0.033335	0.029018
-10.248574	0.035324	0.032805
-10.187940	0.037314	0.032805
-10.127306	0.039304	0.032805
-10.044112	0.042034	0.032805
-9.983478	0.044024	0.032805
-9.922859	0.046414	0.039677
-9.862244	0.048927	0.041438
-9.801629	0.051441	0.041438
-9.741014	0.053954	0.041438
-9.656305	0.057466	0.041438
-9.595748	0.060827	0.057351
-9.535355	0.066583	0.095028
-9.474962	0.072340	0.095028
-9.414569	0.078096	0.095028
-9.354176	0.083853	0.095028
-9.270025	0.091873	0.095028
-9.210781	0.104908	0.218186
-9.151553	0.118040	0.218186
-9.092324	0.131172	0.218186
-9.033096	0.144304	0.218186
-8.973868	0.157436	0.218186
-8.895457	0.186030	0.373026
-8.838962	0.208139	0.373026
-8.782468	0.230248	0.373026
-8.725973	0.252357	0.373026
-8.672634	0.280711	0.450978
-8.603558	0.324296	0.562882
-8.552251	0.356669	0.562882
-8.500943	0.389043	0.562882
-8.460148	0.433370	0.756983
-8.421479	0.480116	0.879683
-8.371052	0.541076	0.879683
-8.341362	0.592780	1.023341
-8.322401	0.650408	1.252936
-8.303441	0.708035	1.252936
-8.286453	0.782261	1.365074
-8.292970	0.842576	1.678438
-8.299488	0.902892	1.678438
-8.306006	0.963208	1.678438
-8.336209	1.031438	2.016083
-8.365114	1.084776	2.067408
-8.400664	1.150376	2.067408
-8.436949	1.198064	2.206095
-8.480895	1.239887	2.380948
-8.535215	1.291582	2.380948
-8.579162	1.333405	2.380948
-8.628746	1.367529	2.511576
-8.695083	1.404071	2.638098
-8.748221	1.433342	2.638098
-8.801359	1.462613	2.638098
-8.855479	1.489800	2.667700
-8.911872	1.512166	2.753141
-8.983730	1.540666	2.764010
-9.040123	1.563032	2.764010
-9.096516	1.585398	2.764010
-9.153317	1.606701	2.776983
-9.227517	1.634135	2.787438
-9.284418	1.655175	2.787438
-9.341320	1.676214	2.787438
-9.398206	1.697297	2.786889
-9.455012	1.718592	2.784035
-9.529898	1.746666	2.782924
-9.586705	1.767962	2.782924
-9.643511	1.789258	2.782924
-9.698820	1.814006	2.741256
-9.771077	1.849769	2.682001
-9.825448	1.876680	2.682001
-9.879820	1.903590	2.682001
-9.933725	1.931357	2.670546
-9.985814	1.962457	2.620701
-10.054832	2.003664	2.603349
-10.106921	2.034763	2.603349
-10.159010	2.065863	2.603349
-10.205588	2.104674	2.496677
-10.266513	2.156265	2.438953
-10.312810	2.195470	2.438953
-10.358899	2.234884	2.435115
-10.398399	2.280930	2.322294
-10.449955	2.341029	2.279830
-10.489456	2.387075	2.279830
-10.527836	2.433941	2.261180
-10.559809	2.485498	2.150466
-10.591782	2.537055	2.125899
-10.632786	2.603174	2.125899
-10.658938	2.657471	2.039693
-10.678302	2.714965	1.895657
-10.703070	2.788507	1.895657
-10.722433	2.846000	1.895657
-10.729828	2.905840	1.733459
-10.733613	2.966389	1.633229
-10.738400	3.042961	1.633229
-10.742185	3.103509	1.633229
-10.731108	3.163093	1.441626
-10.719524	3.222644	1.378665
-10.704871	3.297965	1.378665
-10.689888	3.356422	1.329119
-10.664554	3.411546	1.154458
-10.632353	3.481612	1.140003
-10.607020	3.536735	1.140003
-10.579460	3.590615	1.105427
-10.536860	3.654496	0.982654
-10.503201	3.704969	0.982654
-10.469542	3.755442	0.982654
-10.433279	3.803924	0.939585
-10.382111	3.862608	0.853713
-10.342241	3.908334	0.853713
-10.302372	3.954060	0.853713
-10.258274	3.995695	0.776659
-10.201741	4.048419	0.750549
-10.157375	4.089795	0.750549
-10.111011	4.128790	0.705564
-10.062542	4.165278	0.645292
-10.001916	4.210917	0.645292
-9.951957	4.245182	0.603930
-9.899809	4.276182	0.536335
-9.834701	4.314886	0.536335
-9.782325	4.345471	0.528520
-9.728167	4.372809	0.469127
-9.674009	4.400146	0.467462
-9.607817	4.433558	0.467462
-9.552557	4.458395	0.427403
-9.495833	4.479908	0.362511
-9.425721	4.506500	0.362511
-9.368998	4.528013	0.362511
-9.311462	4.547099	0.328047
-9.238035	4.568436	0.282801
-9.179779	4.585365	0.282801
-9.121522	4.602294	0.282801
-9.046628	4.621595	0.228891
-8.987249	4.634025	0.206343
-8.927869	4.646454	0.206343
-8.868489	4.658884	0.206343
-8.790821	4.673496	0.167678
-8.730530	4.680234	0.111304
-8.670239	4.686973	0.111304
-8.609948	4.693711	0.111304
-8.549657	4.700450	0.111304
-8.470739	4.703706	0.034009
-8.410107	4.705769	0.034009
-8.349475	4.707831	0.034009
-8.288843	4.709894	0.034009
-8.210401	4.708473	-0.024094
-8.149753	4.707012	-0.024094
-8.089105	4.705550	-0.024094
-8.028483	4.703646	-0.030130
-7.968095	4.697825	-0.082708
-7.890342	4.690329	-0.096102
-7.829954	4.684508	-0.096102
-7.769715	4.677525	-0.112097
-7.709803	4.667991	-0.156128
-7.633680	4.655877	-0.157809
-7.573768	4.646343	-0.157809
-7.514445	4.633938	-0.196870
-7.439640	4.615040	-0.247453
-7.380820	4.600181	-0.247453
-7.322024	4.585239	-0.248710
-7.264527	4.565890	-0.309569
-7.191527	4.541325	-0.324611
-7.134030	4.521976	-0.324611
-7.077526	4.500006	-0.364644
-7.021660	4.476353	-0.400514
-6.951670	4.446719	-0.400514
-6.896779	4.421062	-0.434602
-6.843693	4.391693	-0.505328
-6.790608	4.362324	-0.505328
-6.725279	4.324491	-0.529373
-6.675147	4.290325	-0.598210
-6.625016	4.256160	-0.598210
-6.563828	4.213095	-0.617273
-6.517124	4.174376	-0.692193
-6.470420	4.135657	-0.692193
-6.423716	4.096938	-0.692193
-6.373017	4.042905	-0.827856
-6.331979	3.998226	-0.827856
-6.290942	3.953547	-0.827856
-6.246715	3.894229	-0.935443
-6.210710	3.845399	-0.935443
-6.167899	3.785100	-0.958787
-6.135805	3.733620	-1.013336
-6.103711	3.682140	-1.013336
-6.067067	3.618441	-1.058945
-6.039529	3.564383	-1.099644
-6.011991	3.510326	-1.099644
-5.979641	3.444673	-1.116452
-5.953490	3.389932	-1.125122
-5.927339	3.335191	-1.125122
-5.894934	3.270024	-1.105932
-5.867396	3.215967	-1.099637
-5.839858	3.161910	-1.099637
-5.799990	3.100834	-0.971205
-5.764806	3.051413	-0.952119
-5.729622	3.001991	-0.952119
-5.686304	2.959839	-0.826372
-5.631825	2.911013	-0.730737
-5.586648	2.870523	-0.730737
-5.535588	2.837986	-0.618105
-5.473009	2.800217	-0.543014
-5.421069	2.768870	-0.543014
-5.354130	2.740314	-0.384421
-5.297147	2.719498	-0.350239
-5.240163	2.698682	-0.350239
-5.170880	2.674523	-0.333583
-5.112485	2.658082	-0.274443
-5.054089	2.641641	-0.274443
-4.982432	2.621466	-0.274443
-4.923941	2.605375	-0.269403
-4.865239	2.590053	-0.255565
-4.791482	2.570801	-0.255319
-4.732781	2.555479	-0.255319
-4.674012	2.540426	-0.251656
-4.615094	2.525968	-0.241447
-4.539878	2.507512	-0.240623
-4.480960	2.493055	-0.240623
-4.422591	2.476799	-0.265151
-4.365643	2.455885	-0.341837
-4.292526	2.429035	-0.351942
-4.235578	2.408122	-0.351942
-4.179638	2.384940	-0.384213
-4.125967	2.356657	-0.475354
-4.056881	2.320250	-0.484996
-4.003210	2.291967	-0.484996
-3.950890	2.261513	-0.518308
-3.901794	2.225878	-0.616518
-3.852697	2.190243	-0.627847
-3.789674	2.144499	-0.627847
-3.744472	2.104351	-0.705392
-3.702050	2.060984	-0.796410
-3.659627	2.017617	-0.796410
-3.605044	1.961818	-0.796410
-3.569234	1.912870	-0.909171
-3.533615	1.863760	-0.943308
-3.497997	1.814649	-0.943308
-3.457570	1.749525	-1.021694
-3.428886	1.696066	-1.078324
-3.400201	1.642607	-1.078324
-3.364884	1.574826	-1.092584
-3.337346	1.520769	-1.099642
-3.309808	1.466712	-1.099642
-3.275024	1.400180	-1.086857
-3.246686	1.346539	-1.084780
-3.218349	1.292899	-1.084780
-3.177329	1.231736	-0.970170
-3.143042	1.181686	-0.970170
-3.108755	1.131636	-0.970170
-3.055751	1.081368	-0.753383
-3.011503	1.039866	-0.753383
-2.957013	0.992091	-0.710108
-2.903629	0.963272	-0.495002
-2.850244	0.934454	-0.495002
-2.785681	0.899601	-0.495002
-2.728482	0.880187	-0.340103
-2.670105	0.863679	-0.275574
-2.611728	0.847172	-0.275574
-2.540780	0.827450	-0.270591
-2.480223	0.823802	-0.095266
-2.419666	0.820153	-0.060176
-2.344566	0.815629	-0.060176
-2.284058	0.814024	-0.031518
-2.223746	0.820564	0.093215
-2.163433	0.827105	0.108026
-2.087226	0.835370	0.108026
-2.027606	0.845554	0.158195
-1.969102	0.861613	0.267892
-1.894743	0.882023	0.267892
-1.836239	0.898082	0.267892
-1.780358	0.921335	0.369190
-1.725239	0.946675	0.430929
-1.655123	0.978911	0.430929
-1.601058	1.006296	0.464421
-1.548457	1.036522	0.521541
-1.482254	1.074562	0.521541
-1.429652	1.104788	0.521541
-1.378648	1.137629	0.564119
-1.315413	1.178591	0.574823
-1.264496	1.211575	0.574823
-1.213457	1.244369	0.571538
-1.162246	1.276893	0.565826
-1.098304	1.317503	0.565826
-1.047092	1.350027	0.565826
-0.994126	1.379569	0.518496
-0.940804	1.408506	0.497211
-0.874055	1.444729	0.497211
-0.820092	1.472265	0.474760
-0.763361	1.493756	0.371135
-0.706630	1.515248	0.362124
-0.635413	1.542227	0.362124
-0.577100	1.558237	0.283104
-0.518220	1.570147	0.199587
-0.463266	1.581264	0.199587
-0.396535	1.594762	0.199587
-0.352113	1.600224	0.150977
-0.314784	1.602473	0.086215
-0.269307	1.605213	0.060174
-0.246883	1.606564	0.060174
-0.229804	1.607592	0.060174
-0.214397	1.608521	0.060174
-0.184550	1.610319	0.060174
-0.171874	1.611083	0.060174
-0.160329	1.611778	0.060174
-0.149810	1.612412	0.060174
-0.140167	1.612993	0.060174
-0.131313	1.613526	0.060174
-0.106728	1.613559	0.000000
-0.099250	1.613559	0.000000
-0.092382	1.613559	0.000000
-0.086050	1.613559	0.000000
-0.080199	1.613559	0.000000
-0.074790	1.613559	0.000000
-0.069791	1.613559	0.000000
-0.065169	1.613559	0.000000
-0.052180	1.613559	3.141593
-0.048232	1.613559	3.141593
-0.044582	1.613559	3.141593
-0.041209	1.613559	3.141593
-0.038091	1.613559	3.141593
-0.035209	1.613559	3.141593
-0.032545	1.613559	3.141593
-0.030083	1.613559	3.141593
-0.027807	1.613559	3.141593
-0.025703	1.613559	3.141593
-0.023759	1.613559	3.141593
-0.021961	1.613559	3.141593
-0.020300	1.613559	3.141593
-0.018764	1.613559	3.141593
