0.000000
0.477407
0.208272
0.068730
0.078316
0.118712
0.104264
0.148642
0.092543
0.104766
0.127111
0.158981
0.171697
0.160359
0.149068
0.095612
0.080315
0.114642
0.131839
0.113033
0.096308
0.092419
0.099113
0.100723
0.097093
0.098414
0.104552
0.091397
0.109158
0.090325
0.095430
0.100474
0.100434
0.105756
0.081084
0.082616
0.083766
0.094749
0.096303
0.107976
0.093379
0.091559
0.096336
0.094141
0.077178
0.086406
0.107194
0.101340
0.101821
0.104057
0.100571
0.090578
0.098465
0.102051
0.104362
0.114282
0.096707
0.109740
0.099133
0.087884
0.085385
0.088486
0.106464
0.100277
0.096387
0.083909
0.100606
0.118144
0.105728
0.130377
0.127311
0.113636
0.125789
0.110307
0.104416
0.156037
0.102957
0.103943
0.108434
0.109763
0.119936
0.086878
0.094157
0.092566
0.088204
0.104318
0.085556
0.108362
0.082309
0.088585
0.104019
0.096542
0.077422
0.094142
0.089874
0.089744
0.092158
0.091728
0.092317
0.089812
0.095413
0.100442
0.092910
0.099192
0.089767
0.087217
0.105337
0.103549
0.101997
0.113471
0.112337
0.100525
0.099293
0.114325
0.098915
0.103385
0.098643
0.122675
0.096386
0.094561
0.106932
0.089714
0.117187
0.084867
0.090817
0.102242
0.097492
0.094410
0.115772
0.100652
0.098377
0.098645
0.110305
0.095895
0.103878
0.124052
0.118426
0.101684
0.086550
0.101444
0.124642
0.121818
0.145027
0.096767
0.103443
0.095454
0.090025
0.087802
0.108084
0.093426
0.101209
0.086745
0.100171
0.085788
0.095545
0.083044
0.097273
0.112052
0.090735
0.086813
0.093307
0.098660
0.094603
0.091349
0.084759
0.099144
0.101237
0.100589
0.080924
0.085526
0.103248
0.085760
0.090896
0.097618
0.105351
0.092062
0.092146
0.093970
0.094476
0.086415
0.083858
0.083006
0.095648
0.094338
0.102216
0.087754
0.090999
0.096793
0.113509
0.118886
0.104779
0.113796
0.081630
0.111480
0.090601
0.095784
0.090827
0.109852
0.087518
0.112007
0.110023
0.083930
0.084294
0.093720
0.102304
0.107438
0.109795
0.109402
0.108845
0.102346
0.077961
0.112393
0.112005
0.115172
0.104558
0.084418
0.082417
0.100726
0.091181
0.086658
0.098676
0.083284
0.098445
0.097472
0.091140
0.125863
0.108759
0.101604
0.089683
0.102800
0.100096
0.088416
0.105345
0.089904
0.087240
0.084960
0.074355
0.096400
0.090639
0.081001
0.103547
0.101996
0.104774
0.107780
0.094490
0.098938
0.088356
0.086183
0.082317
0.085622
0.105603
0.093955
0.100933
0.105177
0.183669
0.099202
0.098212
0.095565
0.083528
0.089159
0.079622
0.124699
0.083459
0.082426
0.123264
0.090401
0.083755
0.094619
0.104013
0.114298
0.124087
0.102598
0.111280
0.103371
0.089826
0.104841
0.106816
0.095097
0.098248
0.101734
0.111946
0.102777
0.101392
0.116203
0.086713
0.087700
0.089803
0.116761
0.089204
0.093279
0.082386
0.105890
0.095096
0.098652
0.105138
0.096816
0.099037
0.097424
0.097456
0.120824
0.106338
0.109805
0.105371
0.086272
0.087904
0.115187
0.107492
0.110830
0.086453
0.104840
0.120510
0.099019
0.097047
0.102456
0.120028
0.109658
0.113805
0.135242
0.092028
0.117097
0.107731
0.092850
0.088874
0.095131
0.082802
0.093438
0.083687
0.078455
0.088898
0.068192
0.089996
0.088508
0.069238
0.088242
0.067278
0.085230
0.066854
0.073017
0.090389
0.063959
0.067672
0.082757
0.073109
0.065443
0.000195
0.000134
0.000177
0.000125
0.000120
0.000232
0.000151
0.000126
0.000129
0.000177
