0.000000	0.000000	0.000000	0.000000
-11.235964	-0.001637	-0.002258	0.000000
-11.239963	-0.001546	-0.002143	0.004000
-11.247958	-0.001202	-0.001683	0.012000
-11.253142	-0.000876	-0.001236	0.024000
-11.254331	-0.000777	-0.001099	0.040000
-11.253965	-0.000800	-0.001130	0.060000
-11.253933	-0.000801	-0.001132	0.084000
-11.253900	-0.000802	-0.001133	0.112000
-11.253867	-0.000802	-0.001133	0.144000
-11.253835	-0.000801	-0.001132	0.180000
-11.253834	-0.000801	-0.001132	0.216000
-11.235887	-0.001651	-0.002278	0.004000
-11.246030	-0.001006	-0.001402	0.016000
-11.252171	-0.000495	-0.000695	0.032000
-11.254327	-0.000362	-0.000509	0.052000
-11.252488	-0.000438	-0.000614	0.076000
-11.251506	-0.000458	-0.000643	0.104000
-11.251084	-0.000458	-0.000643	0.136000
-11.250662	-0.000450	-0.000630	0.172000
-11.250219	-0.000432	-0.000605	0.212000
-11.250241	-0.000433	-0.000605	0.256000
-11.250241	-0.000433	-0.000605	0.299999
-11.235761	-0.001675	-0.002310	0.016000
-11.244351	-0.000775	-0.001071	0.036000
-11.248964	-0.000393	-0.000540	0.060000
-11.249589	-0.000354	-0.000486	0.088000
-11.246217	-0.000493	-0.000680	0.120000
-11.244340	-0.000533	-0.000734	0.156000
-11.242707	-0.000534	-0.000734	0.196000
-11.241072	-0.000502	-0.000687	0.240000
-11.239404	-0.000435	-0.000591	0.288000
-11.239438	-0.000436	-0.000592	0.340000
-11.239439	-0.000436	-0.000592	0.391996
-11.236179	-0.001687	-0.002329	0.036000
-11.241876	-0.001324	-0.001838	0.064000
-11.243579	-0.001251	-0.001740	0.096000
-11.241282	-0.001302	-0.001806	0.132000
-11.236032	-0.001312	-0.001806	0.172000
-11.232357	-0.001243	-0.001700	0.216000
-11.228684	-0.001100	-0.001489	0.264000
-11.225021	-0.000881	-0.001173	0.316000
-11.221372	-0.000586	-0.000752	0.372000
-11.221310	-0.000580	-0.000743	0.432000
-11.221309	-0.000580	-0.000743	0.491986
-11.237684	-0.001584	-0.002194	0.064000
-11.238689	-0.001561	-0.002165	0.100000
-11.235695	-0.001568	-0.002165	0.140000
-11.228702	-0.001440	-0.001964	0.184000
-11.221892	-0.001176	-0.001573	0.232000
-11.215424	-0.000789	-0.001014	0.284000
-11.208983	-0.000269	-0.000272	0.340000
-11.202186	0.000425	0.000708	0.400000
-11.197008	0.001066	0.001606	0.464000
-11.195816	0.001239	0.001847	0.529000
-11.195384	0.001293	0.001922	0.593647
-11.238796	-0.001447	-0.002007	0.100000
-11.233439	-0.001349	-0.001853	0.144000
-11.224086	-0.000984	-0.001315	0.192000
-11.213801	-0.000367	-0.000427	0.244000
-11.203790	0.000447	0.000726	0.300000
-11.193839	0.001268	0.001871	0.360000
-11.183874	0.001896	0.002730	0.424000
-11.172885	0.002374	0.003360	0.489000
-11.165884	0.002539	0.003561	0.554000
-11.162882	0.002550	0.003560	0.619000
-11.162849	0.002550	0.003560	0.683739
-11.239113	-0.001436	-0.001991	0.144000
-11.225772	-0.000645	-0.000840	0.196000
-11.210613	0.000582	0.000907	0.252000
-11.196263	0.001474	0.002145	0.312000
-11.181879	0.002093	0.002973	0.376000
-11.167481	0.002429	0.003386	0.441000
-11.152207	0.002847	0.003902	0.506000
-11.138132	0.003248	0.004390	0.571000
-11.128056	0.003580	0.004795	0.636000
-11.121977	0.003659	0.004865	0.701000
-11.118870	0.003688	0.004885	0.765595
-11.239075	-0.001459	-0.002022	0.196000
-11.219923	0.000058	0.000170	0.256000
-11.196759	0.001470	0.002152	0.320000
-11.175487	0.002373	0.003360	0.385000
-11.155887	0.002829	0.003909	0.450000
-11.136291	0.003286	0.004445	0.515000
-11.114784	0.003940	0.005231	0.580000
-11.097086	0.004853	0.006387	0.645000
-11.083387	0.005660	0.007400	0.710000
-11.073678	0.006043	0.007838	0.775000
-11.065470	0.006253	0.008043	0.839577
-11.238277	-0.001492	-0.002063	0.256000
-11.211130	0.000415	0.000702	0.321000
-11.179967	0.002051	0.002976	0.386000
-11.151493	0.003030	0.004235	0.451000
-11.125896	0.003591	0.004873	0.516000
-11.099204	0.004682	0.006226	0.581000
-11.072760	0.006125	0.008027	0.646000
-11.050316	0.007486	0.009690	0.711000
-11.031866	0.008538	0.010919	0.776000
-11.017404	0.009085	0.011467	0.841000
-11.002939	0.009465	0.011769	0.905562
-11.236365	-0.001475	-0.002026	0.321000
-11.201222	0.000779	0.001248	0.386000
-11.162059	0.002617	0.003768	0.451000
-11.125688	0.003673	0.005062	0.516000
-11.093327	0.005030	0.006742	0.581000
-11.058968	0.006886	0.009031	0.646000
-11.027331	0.008644	0.011105	0.711000
-10.999695	0.010271	0.012964	0.776000
-10.976050	0.011600	0.014403	0.841000
-10.956389	0.012331	0.015035	0.906000
-10.939412	0.012800	0.015334	0.970553
-11.233542	-0.001400	-0.001906	0.386000
-11.190402	0.001184	0.001849	0.451000
-11.143240	0.003221	0.004596	0.516000
-11.099728	0.004683	0.006374	0.581000
-11.060243	0.006845	0.009063	0.646000
-11.019227	0.009071	0.011676	0.711000
-10.982209	0.011105	0.013931	0.776000
-10.949177	0.012684	0.015507	0.841000
-10.920139	0.013982	0.016701	0.906000
-10.895083	0.014620	0.017010	0.971000
-10.874024	0.015080	0.017153	1.035551
-11.229600	-0.001357	-0.001824	0.451000
-11.178464	0.001551	0.002403	0.516000
-11.123632	0.003779	0.005356	0.581000
-11.072809	0.006141	0.008299	0.646000
-11.025999	0.008708	0.011367	0.711000
-10.979569	0.011211	0.014150	0.776000
-10.937121	0.013117	0.015988	0.841000
-10.898665	0.014711	0.017367	0.906000
-10.864211	0.016236	0.018671	0.971000
-10.833736	0.017001	0.018948	1.036000
-10.807258	0.017596	0.019079	1.100548
-11.224537	-0.001347	-0.001784	0.516000
-11.165739	0.001999	0.003076	0.581000
-11.102946	0.005474	0.007698	0.646000
-11.037700	0.008892	0.011804	0.711000
-10.976437	0.011721	0.014770	0.776000
-10.919164	0.014144	0.016991	0.841000
-10.865870	0.015791	0.018035	0.906000
-10.816611	0.018371	0.020418	0.971000
-10.771318	0.019926	0.021305	1.036000
-10.730004	0.020538	0.020927	1.101000
-10.692691	0.021186	0.020739	1.165504
-11.218362	-0.001375	-0.001795	0.581000
-11.151580	0.002579	0.003941	0.646000
-11.081663	0.006421	0.008964	0.711000
-11.011735	0.009904	0.012987	0.776000
-10.945771	0.012864	0.015949	0.841000
-10.883797	0.015432	0.018173	0.906000
-10.825806	0.017375	0.019426	0.971000
-10.771853	0.020233	0.021974	1.036000
-10.721860	0.021986	0.022895	1.101000
-10.675844	0.022703	0.022421	1.166000
-10.633829	0.023474	0.022180	1.230503
-11.210446	-0.001445	-0.001856	0.646000
-11.140538	0.002745	0.004227	0.711000
-11.070622	0.006620	0.009269	0.776000
-11.000695	0.010121	0.013287	0.841000
-10.930759	0.013319	0.016481	0.906000
-10.860816	0.016281	0.019030	0.971000
-10.794865	0.018927	0.020987	1.036000
-10.732912	0.021390	0.022625	1.101000
-10.674958	0.023760	0.024116	1.166000
-10.620971	0.024946	0.023952	1.231000
-10.570984	0.026084	0.023868	1.295503
-11.202124	-0.001473	-0.001851	0.711000
-11.132215	0.002699	0.004207	0.776000
-11.062299	0.006551	0.009219	0.841000
-10.992373	0.010086	0.013289	0.906000
-10.922440	0.013365	0.016598	0.971000
-10.852501	0.016438	0.019291	1.036000
-10.782557	0.019341	0.021479	1.101000
-10.712607	0.022047	0.023173	1.166000
-10.643669	0.024303	0.024099	1.231000
-10.578720	0.026126	0.024462	1.296000
-10.517768	0.027749	0.024648	1.360495
-11.192858	-0.001297	-0.001565	0.776000
-11.122946	0.002790	0.004345	0.841000
-11.053027	0.006575	0.009249	0.906000
-10.983100	0.010089	0.013287	0.971000
-10.913168	0.013375	0.016607	1.036000
-10.843229	0.016462	0.019317	1.101000
-10.773284	0.019342	0.021470	1.166000
-10.703329	0.021910	0.022971	1.231000
-10.633367	0.024239	0.023987	1.296000
-10.563401	0.026440	0.024723	1.361000
-10.497429	0.028345	0.025109	1.425504
-11.183529	-0.000791	-0.000815	0.841000
-11.113612	0.003145	0.004810	0.906000
-11.043688	0.006808	0.009495	0.971000
-10.973758	0.010236	0.013388	1.036000
-10.903823	0.013456	0.016604	1.101000
-10.833882	0.016475	0.019220	1.166000
-10.763933	0.019254	0.021241	1.231000
-10.693978	0.021804	0.022738	1.296000
-10.624017	0.024176	0.023838	1.361000
-10.554054	0.026462	0.024708	1.426000
-10.488082	0.028416	0.025163	1.490505
-11.174199	-0.000274	-0.000057	0.906000
-11.104276	0.003523	0.005296	0.971000
-11.034348	0.007077	0.009780	1.036000
-10.964415	0.010420	0.013526	1.101000
-10.894478	0.013568	0.016627	1.166000
-10.824534	0.016513	0.019136	1.231000
-10.754583	0.019228	0.021074	1.296000
-10.684627	0.021758	0.022560	1.361000
-10.614667	0.024145	0.023698	1.426000
-10.544704	0.026464	0.024628	1.491000
-10.478733	0.028435	0.025116	1.555494
-11.164696	0.000197	0.000626	0.971000
-11.094769	0.003877	0.005748	1.036000
-11.024838	0.007339	0.010057	1.101000
-10.954902	0.010604	0.013665	1.166000
-10.884962	0.013681	0.016652	1.231000
-10.815015	0.016549	0.019051	1.296000
-10.745063	0.019223	0.020939	1.361000
-10.675107	0.021738	0.022418	1.426000
-10.605146	0.024131	0.023579	1.491000
-10.535184	0.026468	0.024545	1.556000
-10.469214	0.028447	0.025052	1.620487
-11.155031	0.000652	0.001280	1.036000
-11.085101	0.004235	0.006201	1.101000
-11.015167	0.007618	0.010355	1.166000
-10.945229	0.010817	0.013841	1.231000
-10.875287	0.013833	0.016724	1.296000
-10.805338	0.016643	0.019034	1.361000
-10.735385	0.019286	0.020880	1.426000
-10.665428	0.021795	0.022357	1.491000
-10.595469	0.024211	0.023556	1.556000
-10.525508	0.026577	0.024566	1.621000
-10.459538	0.028573	0.025095	1.685483
-11.145152	0.001058	0.001852	1.101000
-11.075220	0.004561	0.006604	1.166000
-11.005284	0.007877	0.010624	1.231000
-10.935344	0.011017	0.014000	1.296000
-10.865400	0.013976	0.016787	1.361000
-10.795450	0.016754	0.019045	1.426000
-10.725497	0.019387	0.020877	1.491000
-10.655540	0.021913	0.022377	1.556000
-10.585582	0.024384	0.023652	1.621000
-10.515623	0.026807	0.024733	1.686000
-10.449654	0.028841	0.025299	1.750479
-11.135011	0.001372	0.002282	1.166000
-11.065077	0.004824	0.006919	1.231000
-10.995139	0.008098	0.010848	1.296000
-10.925198	0.011200	0.014148	1.361000
-10.855253	0.014122	0.016870	1.426000
-10.785303	0.016884	0.019097	1.491000
-10.715349	0.019521	0.020929	1.556000
-10.645394	0.022074	0.022463	1.621000
-10.575437	0.024581	0.023780	1.686000
-10.505479	0.027043	0.024903	1.751000
-10.439511	0.029104	0.025492	1.815476
-11.123492	0.001778	0.002854	1.231000
-11.053556	0.005179	0.007363	1.296000
-10.983617	0.008410	0.011187	1.361000
-10.913675	0.011474	0.014401	1.426000
-10.843728	0.014362	0.017049	1.491000
-10.773778	0.017106	0.019234	1.556000
-10.703825	0.019743	0.021052	1.621000
-10.633870	0.022318	0.022604	1.686000
-10.563914	0.024847	0.023938	1.751000
-10.493957	0.027333	0.025081	1.816000
-10.427989	0.029413	0.025679	1.880363
-11.112827	0.002223	0.003458	1.296000
-11.042889	0.005564	0.007824	1.361000
-10.972949	0.008744	0.011531	1.426000
-10.903006	0.011763	0.014648	1.491000
-10.833058	0.014619	0.017226	1.556000
-10.763107	0.017348	0.019372	1.621000
-10.693154	0.019986	0.021179	1.686000
-10.623199	0.022572	0.022733	1.751000
-10.553244	0.025113	0.024072	1.816000
-10.483287	0.027614	0.025222	1.881000
-10.417320	0.029706	0.025824	1.945316
-11.102031	0.002374	0.003636	1.361000
-11.032093	0.005704	0.007969	1.426000
-10.962153	0.008874	0.011647	1.491000
-10.892209	0.011883	0.014738	1.556000
-10.822262	0.014738	0.017308	1.621000
-10.752311	0.017478	0.019460	1.686000
-10.682359	0.020139	0.021291	1.751000
-10.612405	0.022747	0.022866	1.816000
-10.542450	0.025310	0.024222	1.881000
-10.472495	0.027835	0.025390	1.946000
-10.406528	0.029945	0.026002	2.010613
-11.091054	0.001907	0.002946	1.426000
-11.021117	0.005263	0.007383	1.491000
-10.951176	0.008450	0.011144	1.556000
-10.881233	0.011480	0.014313	1.621000
-10.811287	0.014384	0.016993	1.686000
-10.741339	0.017194	0.019277	1.751000
-10.671389	0.019938	0.021242	1.816000
-10.601438	0.022629	0.022937	1.881000
-10.531486	0.025280	0.024411	1.946000
-10.461534	0.027892	0.025684	2.011000
-10.395569	0.030060	0.026350	2.075589
-11.079783	0.000622	0.001170	1.491000
-11.009851	0.004156	0.006034	1.556000
-10.939916	0.007500	0.010149	1.621000
-10.869977	0.010672	0.013617	1.686000
-10.800035	0.013710	0.016554	1.751000
-10.730091	0.016650	0.019063	1.816000
-10.660146	0.019517	0.021222	1.881000
-10.590199	0.022328	0.023090	1.946000
-10.520252	0.025114	0.024738	2.011000
-10.450304	0.027857	0.026164	2.076000
-10.384342	0.030114	0.026912	2.140572
-11.068144	-0.001628	-0.001960	1.556000
-10.998220	0.002196	0.003621	1.621000
-10.928293	0.005793	0.008329	1.686000
-10.858361	0.009192	0.012297	1.751000
-10.788426	0.012437	0.015656	1.816000
-10.718489	0.015571	0.018527	1.881000
-10.648550	0.018617	0.020991	1.946000
-10.578609	0.021601	0.023125	2.011000
-10.508669	0.024558	0.025012	2.076000
-10.438727	0.027469	0.026647	2.141000
-10.372769	0.029835	0.027503	2.205556
-11.055788	-0.005233	-0.006970	1.621000
-10.985877	-0.000963	-0.000270	1.686000
-10.915962	0.003021	0.005369	1.751000
-10.846042	0.006766	0.010115	1.816000
-10.776118	0.010324	0.014129	1.881000
-10.706191	0.013740	0.017548	1.946000
-10.636261	0.017045	0.020474	2.011000
-10.566330	0.020275	0.023007	2.076000
-10.496398	0.023457	0.025221	2.141000
-10.426465	0.026586	0.027142	2.206000
-10.360511	0.029091	0.028149	2.270542
-11.041337	-0.011381	-0.015362	1.686000
-10.971419	-0.007024	-0.007713	1.751000
-10.901528	-0.002330	-0.000342	1.816000
-10.831630	0.002040	0.005846	1.881000
-10.761726	0.006152	0.011063	1.946000
-10.691818	0.010063	0.015481	2.011000
-10.621906	0.013815	0.019240	2.076000
-10.551991	0.017458	0.022475	2.141000
-10.482075	0.021014	0.025270	2.206000
-10.412157	0.024504	0.027696	2.271000
-10.346211	0.027234	0.028968	2.335528
-11.029627	-0.015921	-0.021408	1.751000
-10.959738	-0.010755	-0.012027	1.816000
-10.889860	-0.005661	-0.003669	1.881000
-10.819975	-0.000935	0.003349	1.946000
-10.750084	0.003499	0.009265	2.011000
-10.680188	0.007701	0.014270	2.076000
-10.610287	0.011721	0.018526	2.141000
-10.540383	0.015610	0.022180	2.206000
-10.470477	0.019392	0.025321	2.271000
-10.400568	0.023102	0.028051	2.336000
-10.334629	0.025968	0.029481	2.400520
-11.019712	-0.017306	-0.023035	1.816000
-10.949844	-0.011672	-0.012836	1.881000
-10.879970	-0.006495	-0.004281	1.946000
-10.810089	-0.001685	0.002915	2.011000
-10.740201	0.002839	0.008999	2.076000
-10.670309	0.007135	0.014163	2.141000
-10.600413	0.011260	0.018578	2.206000
-10.530515	0.015263	0.022387	2.271000
-10.460615	0.019188	0.025710	2.336000
-10.390714	0.023038	0.028601	2.401000
-10.324778	0.026000	0.030115	2.465515
-11.009878	-0.018616	-0.024535	1.881000
-10.940016	-0.012839	-0.013986	1.946000
-10.870147	-0.007522	-0.005122	2.011000
-10.800272	-0.002573	0.002353	2.076000
-10.730391	0.002096	0.008697	2.141000
-10.660506	0.006547	0.014109	2.206000
-10.590619	0.010849	0.018779	2.271000
-10.520731	0.015063	0.022865	2.336000
-10.450846	0.019287	0.026563	2.401000
-10.380960	0.023431	0.029782	2.466000
-10.315033	0.026592	0.031468	2.530509
-10.999635	-0.019418	-0.025288	1.946000
-10.929776	-0.013552	-0.014540	2.011000
-10.859911	-0.008145	-0.005495	2.076000
-10.790040	-0.003099	0.002153	2.141000
-10.720165	0.001673	0.008662	2.206000
-10.650286	0.006240	0.014241	2.271000
-10.580405	0.010682	0.019095	2.336000
-10.510526	0.015069	0.023394	2.401000
-10.440655	0.019547	0.027397	2.466000
-10.370782	0.023940	0.030886	2.531000
-10.304864	0.027274	0.032713	2.595505
-10.989853	-0.020663	-0.026661	2.011000
-10.919999	-0.014673	-0.015605	2.076000
-10.850140	-0.009125	-0.006257	2.141000
-10.780275	-0.003938	0.001664	2.206000
-10.710407	0.000979	0.008426	2.271000
-10.640536	0.005702	0.014249	2.336000
-10.570665	0.010317	0.019346	2.401000
-10.500797	0.014914	0.023916	2.466000
-10.430940	0.019634	0.028210	2.531000
-10.361081	0.024265	0.031953	2.596000
-10.295170	0.027766	0.033916	2.660502
-10.979896	-0.021513	-0.027459	2.076000
-10.910047	-0.015395	-0.016144	2.141000
-10.840194	-0.009738	-0.006589	2.206000
-10.770335	-0.004434	0.001529	2.271000
-10.700473	0.000608	0.008481	2.336000
-10.630610	0.005475	0.014500	2.401000
-10.560748	0.010256	0.019806	2.466000
-10.490892	0.015065	0.024630	2.531000
-10.421047	0.019980	0.029127	2.596000
-10.351199	0.024801	0.033050	2.661000
-10.285296	0.028443	0.035109	2.725499
-10.970154	-0.022500	-0.028443	2.141000
-10.900310	-0.016272	-0.016877	2.206000
-10.830461	-0.010496	-0.007083	2.271000
-10.760609	-0.005069	0.001258	2.336000
-10.690754	0.000104	0.008420	2.401000
-10.620899	0.005116	0.014650	2.466000
-10.551046	0.010061	0.020173	2.531000
-10.481203	0.015077	0.025251	2.596000
-10.411369	0.020180	0.029953	2.661000
-10.341533	0.025187	0.034057	2.726000
-10.275637	0.028960	0.036208	2.790705
-10.961521	-0.023620	-0.029650	2.206000
-10.891679	-0.017306	-0.017845	2.271000
-10.821839	-0.011358	-0.007714	2.336000
-10.751996	-0.005754	0.000937	2.401000
-10.682151	-0.000393	0.008396	2.466000
-10.612308	0.004829	0.014925	2.531000
-10.542470	0.010020	0.020768	2.596000
-10.472646	0.015353	0.026235	2.661000
-10.402837	0.020835	0.031375	2.726000
-10.333026	0.026214	0.035862	2.791000
-10.267145	0.030266	0.038238	2.855705
-10.951484	-0.024235	-0.030086	2.271000
-10.881654	-0.017712	-0.017945	2.336000
-10.811825	-0.011581	-0.007546	2.401000
-10.741994	-0.005779	0.001369	2.466000
-10.672163	-0.000194	0.009100	2.531000
-10.602336	0.005292	0.015932	2.596000
-10.532519	0.010811	0.022136	2.661000
-10.462723	0.016543	0.028032	2.726000
-10.392953	0.022575	0.033770	2.791000
-10.323181	0.028492	0.038782	2.856000
-10.257332	0.033058	0.041612	2.920704
-10.941641	-0.024964	-0.030673	2.336000
-10.871819	-0.018292	-0.018264	2.401000
-10.802002	-0.011961	-0.007553	2.466000
-10.732184	-0.005946	0.001662	2.531000
-10.662368	-0.000126	0.009695	2.596000
-10.592558	0.005630	0.016848	2.661000
-10.522764	0.011477	0.023427	2.726000
-10.452995	0.017590	0.029732	2.791000
-10.383267	0.024140	0.036035	2.856000
-10.313535	0.030567	0.041541	2.921000
-10.247720	0.035645	0.044839	2.985491
-10.930992	-0.025943	-0.031561	2.401000
-10.861178	-0.019111	-0.018840	2.466000
-10.791374	-0.012562	-0.007767	2.531000
-10.721570	-0.006320	0.001789	2.596000
-10.651769	-0.000256	0.010153	2.661000
-10.581979	0.005772	0.017646	2.726000
-10.512208	0.011947	0.024607	2.791000
-10.442468	0.018432	0.031322	2.856000
-10.372782	0.025484	0.038175	2.921000
-10.303092	0.032401	0.044164	2.986000
-10.237314	0.037974	0.047915	3.050490
-10.921487	-0.026981	-0.032562	2.466000
-10.851684	-0.019960	-0.019478	2.531000
-10.781894	-0.013164	-0.007994	2.596000
-10.712107	-0.006665	0.001946	2.661000
-10.642325	-0.000323	0.010687	2.726000
-10.572557	0.006020	0.018570	2.791000
-10.502815	0.012574	0.025975	2.856000
-10.433112	0.019508	0.033189	2.921000
-10.363466	0.026998	0.040478	2.986000
-10.293816	0.034347	0.046850	3.051000
-10.228073	0.040352	0.050961	3.115490
-10.911716	-0.027848	-0.033333	2.531000
-10.841927	-0.020589	-0.019838	2.596000
-10.772153	-0.013556	-0.007985	2.661000
-10.702382	-0.006808	0.002304	2.726000
-10.632621	-0.000193	0.011394	2.791000
-10.562876	0.006460	0.019644	2.856000
-10.493164	0.013392	0.027477	2.921000
-10.423501	0.020782	0.035187	2.986000
-10.353897	0.028704	0.042888	3.051000
-10.284289	0.036476	0.049622	3.116000
-10.218584	0.042905	0.054074	3.180489
-10.901991	-0.028641	-0.033975	2.596000
-10.832215	-0.021163	-0.020111	2.661000
-10.762465	-0.013786	-0.007747	2.726000
-10.692721	-0.006677	0.003027	2.791000
-10.622990	0.000335	0.012605	2.856000
-10.553282	0.007444	0.021380	2.921000
-10.483617	0.014911	0.029797	2.986000
-10.414019	0.022981	0.038237	3.051000
-10.344500	0.031719	0.046792	3.116000
-10.274976	0.040292	0.054274	3.181000
-10.209348	0.047525	0.059432	3.245489
-10.892176	-0.029142	-0.034196	2.661000
-10.822425	-0.021317	-0.019822	2.726000
-10.752698	-0.013639	-0.007064	2.791000
-10.682980	-0.006208	0.004096	2.856000
-10.613279	0.001164	0.014077	2.921000
-10.543608	0.008693	0.023299	2.986000
-10.473989	0.016647	0.032214	3.051000
-10.404456	0.025342	0.041299	3.116000
-10.335023	0.034836	0.050623	3.181000
-10.265585	0.044151	0.058777	3.246000
-10.200037	0.052128	0.064569	3.310489
-10.882567	-0.029835	-0.034689	2.726000
-10.812833	-0.021762	-0.019920	2.791000
-10.743132	-0.013765	-0.006703	2.856000
-10.673441	-0.005998	0.004894	2.921000
-10.603772	0.001744	0.015318	2.986000
-10.534139	0.009698	0.025018	3.051000
-10.464569	0.018141	0.034453	3.116000
-10.395103	0.027439	0.044172	3.181000
-10.325761	0.037660	0.054241	3.246000
-10.256412	0.047688	0.063048	3.311000
-10.190947	0.056379	0.069456	3.375489
-10.872949	-0.030436	-0.035048	2.791000
-10.803238	-0.022063	-0.019821	2.856000
-10.733569	-0.013670	-0.006058	2.921000
-10.663925	-0.005362	0.006238	2.986000
-10.594319	0.003067	0.017497	3.051000
-10.524770	0.011866	0.028175	3.116000
-10.455307	0.021301	0.038702	3.181000
-10.385959	0.031556	0.049356	3.246000
-10.316742	0.042690	0.060209	3.311000
-10.247517	0.053616	0.069702	3.376000
-10.182168	0.063199	0.076757	3.440488
-10.862482	-0.031167	-0.035540	2.856000
-10.792798	-0.022439	-0.019767	2.921000
-10.723170	-0.013576	-0.005348	2.986000
-10.653573	-0.004768	0.007582	3.051000
-10.584022	0.004213	0.019487	3.116000
-10.514541	0.013632	0.030845	3.181000
-10.445168	0.023814	0.042164	3.246000
-10.375937	0.034953	0.053729	3.311000
-10.306867	0.047083	0.065565	3.376000
-10.237787	0.058984	0.075917	3.441000
-10.172578	0.069544	0.083782	3.505489
-10.852872	-0.031670	-0.035753	2.921000
-10.783227	-0.022489	-0.019324	2.986000
-10.713641	-0.013182	-0.004323	3.051000
-10.644091	-0.003898	0.009176	3.116000
-10.574597	0.005612	0.021672	3.181000
-10.505186	0.015632	0.033663	3.246000
-10.435907	0.026541	0.045734	3.311000
-10.366802	0.038551	0.058183	3.376000
-10.297894	0.051687	0.071009	3.441000
-10.228974	0.064573	0.082226	3.506000
-10.163918	0.076118	0.090906	3.570489
-10.843239	-0.031980	-0.035683	2.986000
-10.773632	-0.022380	-0.018673	3.051000
-10.704092	-0.012619	-0.003099	3.116000
-10.634595	-0.002851	0.010962	3.181000
-10.565163	0.007201	0.024047	3.246000
-10.495829	0.017838	0.036676	3.311000
-10.426645	0.029425	0.049413	3.376000
-10.357668	0.042254	0.062660	3.441000
-10.288924	0.056337	0.076394	3.506000
-10.220167	0.070151	0.088402	3.571000
-10.155269	0.082622	0.097829	3.635490
-10.833564	-0.032598	-0.036051	3.051000
-10.763992	-0.022615	-0.018467	3.116000
-10.694501	-0.012380	-0.002246	3.181000
-10.625059	-0.002110	0.012437	3.246000
-10.555693	0.008495	0.026158	3.311000
-10.486442	0.019756	0.039462	3.376000
-10.417359	0.032028	0.052894	3.441000
-10.348514	0.045652	0.066929	3.506000
-10.279941	0.060653	0.081551	3.571000
-10.211352	0.075364	0.094333	3.636000
-10.146619	0.088732	0.104489	3.700490
-10.823612	-0.032951	-0.036024	3.116000
-10.754086	-0.022505	-0.017794	3.181000
-10.684661	-0.011673	-0.000801	3.246000
-10.615294	-0.000769	0.014636	3.311000
-10.546020	0.010543	0.029138	3.376000
-10.476883	0.022615	0.043297	3.441000
-10.407947	0.035816	0.057671	3.506000
-10.339289	0.050485	0.072722	3.571000
-10.270958	0.066695	0.088500	3.636000
-10.202608	0.082587	0.102287	3.701000
-10.138109	0.097133	0.113391	3.765491
-10.813284	-0.033120	-0.035725	3.181000
-10.743819	-0.022102	-0.016722	3.246000
-10.674471	-0.010620	0.001081	3.311000
-10.605194	0.000980	0.017313	3.376000
-10.536027	0.013069	0.032651	3.441000
-10.467027	0.026038	0.047736	3.506000
-10.398270	0.040287	0.063160	3.571000
-10.329849	0.056179	0.079416	3.636000
-10.261818	0.073770	0.096513	3.701000
-10.193787	0.091118	0.111600	3.766000
-10.129605	0.107120	0.123929	3.830492
-10.803076	-0.033811	-0.036166	3.246000
-10.733670	-0.022245	-0.016352	3.311000
-10.664405	-0.010087	0.002365	3.376000
-10.595223	0.002225	0.019475	3.441000
-10.526171	0.015097	0.035707	3.506000
-10.457317	0.028962	0.051762	3.571000
-10.388750	0.044248	0.068266	3.636000
-10.320580	0.061346	0.085742	3.701000
-10.252867	0.080289	0.104157	3.766000
-10.185179	0.099077	0.120563	3.831000
-10.121340	0.116518	0.134135	3.895494
-10.793041	-0.033612	-0.035366	3.311000
-10.723720	-0.021339	-0.014639	3.376000
-10.654537	-0.008592	0.004739	3.441000
-10.585448	0.004353	0.022510	3.506000
-10.516508	0.017923	0.039433	3.571000
-10.447798	0.032601	0.056275	3.636000
-10.379421	0.048841	0.073696	3.701000
-10.311505	0.067062	0.092245	3.766000
-10.244115	0.087275	0.111851	3.831000
-10.176775	0.107410	0.129446	3.896000
-10.113287	0.126196	0.144142	3.960495
-10.782867	-0.033525	-0.034714	3.376000
-10.713611	-0.020736	-0.013326	3.441000
-10.644527	-0.007292	0.006904	3.506000
-10.575553	0.006395	0.025510	3.571000
-10.506749	0.020780	0.043292	3.636000
-10.438216	0.036406	0.061103	3.701000
-10.370076	0.053771	0.079654	3.766000
-10.302489	0.073358	0.099580	3.831000
-10.235553	0.095243	0.120879	3.896000
-10.168710	0.117160	0.140169	3.961000
-10.105724	0.137729	0.156462	4.025498
-10.772367	-0.033795	-0.034577	3.441000
-10.703192	-0.020388	-0.012337	3.506000
-10.634230	-0.006123	0.008951	3.571000
-10.565395	0.008432	0.028582	3.636000
-10.496760	0.023769	0.047413	3.701000
-10.428440	0.040466	0.066342	3.766000
-10.360589	0.059113	0.086213	3.831000
-10.293412	0.080281	0.107769	3.896000
-10.226994	0.103912	0.130797	3.961000
-10.160717	0.127683	0.151816	4.026000
-10.098307	0.150105	0.169740	4.090501
-10.762174	-0.033610	-0.033798	3.506000
-10.693113	-0.019394	-0.010500	3.571000
-10.624289	-0.004275	0.011811	3.636000
-10.555613	0.011192	0.032451	3.701000
-10.487171	0.027540	0.052337	3.766000
-10.419096	0.045378	0.072410	3.831000
-10.351568	0.065342	0.093574	3.896000
-10.284824	0.088040	0.116619	3.961000
-10.218939	0.113321	0.141187	4.026000
-10.153244	0.138836	0.163746	4.091000
-10.091426	0.162992	0.183121	4.155503
-10.751998	-0.033317	-0.032896	3.571000
-10.683055	-0.018309	-0.008575	3.636000
-10.614377	-0.002344	0.014739	3.701000
-10.545869	0.014025	0.036369	3.766000
-10.477632	0.031372	0.057291	3.831000
-10.409817	0.050344	0.078499	3.896000
-10.342640	0.071644	0.100987	3.961000
-10.276353	0.095843	0.125484	4.026000
-10.211052	0.122810	0.151656	4.091000
-10.145997	0.150106	0.175817	4.156000
-10.084833	0.176033	0.196704	4.220506
-10.740844	-0.032929	-0.031832	3.636000
-10.672028	-0.017131	-0.006508	3.701000
-10.603510	-0.000284	0.017847	3.766000
-10.535188	0.017025	0.040505	3.831000
-10.467179	0.035419	0.062512	3.896000
-10.399657	0.055588	0.084922	3.961000
-10.332910	0.078425	0.108998	4.026000
-10.267155	0.104252	0.135084	4.091000
-10.202574	0.133161	0.163179	4.156000
-10.138314	0.162511	0.189265	4.221000
-10.077967	0.190481	0.211965	4.285510
-10.731671	-0.032544	-0.030882	3.701000
-10.662990	-0.015938	-0.004516	3.766000
-10.594641	0.001789	0.020886	3.831000
-10.526515	0.020037	0.044577	3.896000
-10.458748	0.039477	0.067677	3.961000
-10.391560	0.060929	0.091422	4.026000
-10.325293	0.085367	0.117177	4.091000
-10.260129	0.112886	0.144941	4.156000
-10.196264	0.143573	0.174717	4.221000
-10.132790	0.174795	0.202481	4.286000
-10.073249	0.204619	0.226764	4.350513
-10.720567	-0.031889	-0.029475	3.766000
-10.652036	-0.014439	-0.002063	3.831000
-10.583870	0.004178	0.024356	3.896000
-10.515955	0.023376	0.049057	3.961000
-10.448450	0.043879	0.073238	4.026000
-10.381673	0.066822	0.098583	4.091000
-10.315921	0.092842	0.125938	4.156000
-10.251384	0.122029	0.155304	4.221000
-10.188271	0.154460	0.186682	4.286000
-10.125625	0.187511	0.216048	4.351000
-10.066932	0.219141	0.241840	4.415515
-10.710835	-0.031568	-0.028597	3.831000
-10.642450	-0.013331	-0.000167	3.896000
-10.574479	0.006212	0.027375	3.961000
-10.506793	0.026393	0.053179	4.026000
-10.439571	0.047996	0.078530	4.091000
-10.373244	0.072466	0.105560	4.156000
-10.308052	0.100108	0.134601	4.221000
-10.244197	0.131003	0.165652	4.286000
-10.181903	0.165219	0.198716	4.351000
-10.120159	0.200142	0.229768	4.416000
-10.062393	0.233619	0.257149	4.480518
-10.700780	-0.030280	-0.026405	3.896000
-10.632586	-0.011092	0.003148	3.961000
-10.564812	0.009294	0.031559	4.026000
-10.497355	0.030388	0.058256	4.091000
-10.430462	0.053187	0.084828	4.156000
-10.364613	0.079152	0.113409	4.221000
-10.300007	0.108372	0.144002	4.286000
-10.236861	0.140920	0.176606	4.351000
-10.175411	0.176853	0.211224	4.416000
-10.114594	0.213569	0.243828	4.481000
-10.057780	0.248807	0.272673	4.545520
-10.690772	-0.029369	-0.024752	3.961000
-10.622733	-0.009447	0.005671	4.026000
-10.555178	0.011864	0.035147	4.091000
-10.487977	0.033949	0.062907	4.156000
-10.421495	0.058180	0.091081	4.221000
-10.356161	0.085667	0.121265	4.286000
-10.292187	0.116491	0.153461	4.351000
-10.229805	0.150718	0.187670	4.416000
-10.169260	0.188394	0.223893	4.481000
-10.109441	0.226925	0.258102	4.546000
-10.053651	0.263944	0.288458	4.610523
-10.680579	-0.028329	-0.022933	4.026000
-10.612733	-0.007523	0.008555	4.091000
-10.545410	0.014717	0.039066	4.156000
-10.478481	0.037798	0.067869	4.221000
-10.412445	0.063487	0.097660	4.286000
-10.347669	0.092521	0.129462	4.351000
-10.284377	0.124972	0.163277	4.416000
-10.222813	0.160896	0.199106	4.481000
-10.163238	0.200329	0.236952	4.546000
-10.104550	0.240806	0.272965	4.611000
-10.049926	0.279732	0.305020	4.675527
-10.670518	-0.027273	-0.021124	4.091000
-10.602868	-0.005606	0.011399	4.156000
-10.535781	0.017535	0.042912	4.221000
-10.469130	0.041586	0.072730	4.286000
-10.403556	0.068696	0.104100	4.351000
-10.339354	0.099235	0.137483	4.416000
-10.276762	0.133266	0.172879	4.481000
-10.216037	0.170835	0.210292	4.546000
-10.157452	0.211966	0.249724	4.611000
-10.099976	0.254411	0.287644	4.676000
-10.046607	0.295265	0.321496	4.740532
-10.660483	-0.025786	-0.018742	4.156000
-10.593046	-0.003243	0.014784	4.221000
-10.526246	0.020947	0.047460	4.286000
-10.459937	0.046143	0.078477	4.351000
-10.394794	0.074479	0.111071	4.416000
-10.331119	0.106304	0.145678	4.481000
-10.269163	0.141674	0.182300	4.546000
-10.209191	0.180627	0.220940	4.611000
-10.151333	0.222899	0.261173	4.676000
-10.095206	0.267439	0.301366	4.741000
-10.043248	0.310350	0.337358	4.805506
-10.650537	-0.024415	-0.016539	4.221000
-10.583344	-0.000894	0.018151	4.286000
-10.516838	0.024322	0.051960	4.351000
-10.450880	0.050631	0.084140	4.416000
-10.386270	0.080435	0.118321	4.481000
-10.323253	0.113806	0.154517	4.546000
-10.262091	0.150791	0.192730	4.611000
-10.203064	0.191414	0.232962	4.676000
-10.145718	0.234379	0.273195	4.741000
-10.090147	0.279615	0.313428	4.806000
-10.038725	0.323173	0.349457	4.870505
-10.640484	-0.022686	-0.013892	4.286000
-10.573551	0.001822	0.021932	4.351000
-10.507401	0.028225	0.057068	4.416000
-10.441876	0.055845	0.090642	4.481000
-10.377767	0.086930	0.126070	4.546000
-10.315360	0.121638	0.163515	4.611000
-10.254926	0.160006	0.202978	4.676000
-10.196318	0.201233	0.243211	4.741000
-10.139416	0.244783	0.283443	4.806000
-10.084311	0.290587	0.323676	4.871000
-10.033338	0.334669	0.359706	4.935505
-10.630664	-0.021222	-0.011641	4.351000
-10.564028	0.004381	0.025511	4.416000
-10.498278	0.032068	0.062131	4.481000
-10.433243	0.061109	0.097268	4.546000
-10.369601	0.093317	0.133712	4.611000
-10.307756	0.129190	0.172173	4.676000
-10.247906	0.168591	0.212406	4.741000
-10.189689	0.210368	0.252639	4.806000
-10.133200	0.254453	0.292872	4.871000
-10.078530	0.300774	0.333105	4.936000
-10.027975	0.345335	0.369134	5.000504
-10.620912	-0.019200	-0.008641	4.416000
-10.554637	0.007661	0.029997	4.481000
-10.489246	0.036410	0.067708	4.546000
-10.424653	0.066644	0.104039	4.611000
-10.361692	0.100468	0.142211	4.676000
-10.300676	0.138031	0.182403	4.741000
-10.241233	0.178043	0.222636	4.806000
-10.183447	0.220414	0.262869	4.871000
-10.127411	0.265074	0.303102	4.936000
-10.073218	0.311952	0.343334	5.001000
-10.023121	0.357027	0.379364	5.065504
-10.610085	-0.016990	-0.005419	4.481000
-10.544114	0.010861	0.034310	4.546000
-10.479206	0.041021	0.073627	4.611000
-10.415221	0.072843	0.111697	4.676000
-10.352887	0.108047	0.151184	4.741000
-10.292224	0.146183	0.191417	4.806000
-10.233143	0.186729	0.231650	4.871000
-10.175741	0.229619	0.271883	4.936000
-10.120111	0.274782	0.312115	5.001000
-10.066342	0.322147	0.352348	5.066000
-10.016653	0.367672	0.388378	5.130505
-10.600325	-0.015051	-0.002617	4.546000
-10.534535	0.013342	0.037616	4.611000
-10.469940	0.044359	0.077849	4.676000
-10.406646	0.077948	0.118082	4.741000
-10.344753	0.114056	0.158315	4.806000
-10.284363	0.152625	0.198547	4.871000
-10.225573	0.193591	0.238780	4.936000
-10.168478	0.236888	0.279013	5.001000
-10.113171	0.282447	0.319246	5.066000
-10.059742	0.330194	0.359479	5.131000
-10.010379	0.376073	0.395508	5.195505
-10.590638	-0.012609	0.000842	4.611000
-10.524947	0.016012	0.041074	4.676000
-10.460460	0.047252	0.081307	4.741000
-10.397282	0.081060	0.121540	4.806000
-10.335514	0.117382	0.161773	4.871000
-10.275258	0.156159	0.202006	4.936000
-10.216610	0.197328	0.242238	5.001000
-10.159665	0.240823	0.282471	5.066000
-10.104516	0.286573	0.322704	5.131000
-10.051252	0.334504	0.362937	5.196000
-10.002049	0.380553	0.398966	5.260505
-10.580949	-0.010323	0.004037	4.676000
-10.515350	0.018508	0.044270	4.741000
-10.450963	0.049953	0.084502	4.806000
-10.387893	0.083963	0.124735	4.871000
-10.326242	0.120482	0.164968	4.936000
-10.266110	0.159451	0.205201	5.001000
-10.207593	0.200808	0.245433	5.066000
-10.150788	0.244484	0.285666	5.131000
-10.095786	0.290410	0.325899	5.196000
-10.042675	0.338511	0.366132	5.261000
-9.993618	0.384717	0.402161	5.325506
-10.572274	-0.008049	0.007182	4.741000
-10.506765	0.020987	0.047415	4.806000
-10.442478	0.052635	0.087648	4.871000
-10.379515	0.086843	0.127881	4.936000
-10.317979	0.123556	0.168113	5.001000
-10.257970	0.162714	0.208346	5.066000
-10.199584	0.204255	0.248579	5.131000
-10.142916	0.248110	0.288812	5.196000
-10.088059	0.294209	0.329044	5.261000
-10.035099	0.342477	0.369277	5.326000
-9.986189	0.388836	0.405307	5.390505
-10.562700	-0.005471	0.010709	4.806000
-10.497294	0.023796	0.050942	4.871000
-10.433119	0.055671	0.091174	4.936000
-10.370277	0.090101	0.131407	5.001000
-10.308871	0.127030	0.171640	5.066000
-10.249000	0.166400	0.211873	5.131000
-10.190762	0.208146	0.252106	5.196000
-10.134249	0.252200	0.292338	5.261000
-10.079554	0.298492	0.332571	5.326000
-10.026765	0.346947	0.372804	5.391000
-9.978018	0.393479	0.408833	5.455505
-3.565186	1.766439	-0.024001	4.871000
-3.502597	1.791877	0.013933	4.936000
-3.444750	1.817986	0.049568	5.001000
-3.391540	1.844323	0.082903	5.066000
-3.342844	1.870481	0.113940	5.131000
-3.298528	1.896090	0.142678	5.196000
-3.258452	1.920811	0.169116	5.261000
-3.222470	1.944342	0.193256	5.326000
-3.190438	1.966412	0.215097	5.391000
-3.162216	1.986779	0.234638	5.456000
-3.137357	2.004677	0.251015	5.520501
-3.555471	1.768716	-0.020482	4.936000
-3.500548	1.791264	0.012854	5.001000
-3.450141	1.813950	0.043890	5.066000
-3.404141	1.836394	0.072628	5.131000
-3.362433	1.858250	0.099067	5.196000
-3.324892	1.879204	0.123206	5.261000
-3.291394	1.898978	0.145047	5.326000
-3.261816	1.917320	0.164589	5.391000
-3.236039	1.934012	0.181831	5.456000
-3.213951	1.948861	0.196775	5.521000
-3.195237	1.961286	0.208785	5.585456
-3.545788	1.771407	-0.016439	5.001000
-3.498519	1.791036	0.012299	5.066000
-3.455569	1.810337	0.038738	5.131000
-3.416833	1.828990	0.062878	5.196000
-3.382204	1.846708	0.084718	5.261000
-3.351573	1.863234	0.104260	5.326000
-3.324837	1.878341	0.121502	5.391000
-3.301894	1.891831	0.136446	5.456000
-3.282654	1.903535	0.149091	5.521000
-3.267034	1.913308	0.159436	5.586000
-3.254838	1.920765	0.167079	5.650456
-3.536539	1.773871	-0.012770	5.066000
-3.496894	1.790505	0.011369	5.131000
-3.461399	1.806416	0.033210	5.196000
-3.429958	1.821343	0.052752	5.261000
-3.402479	1.835053	0.069994	5.326000
-3.378872	1.847344	0.084938	5.391000
-3.359055	1.858042	0.097583	5.456000
-3.342953	1.866999	0.107928	5.521000
-3.330502	1.874094	0.115975	5.586000
-3.321649	1.879234	0.121722	5.651000
-3.316305	1.882230	0.124998	5.715534
-3.527442	1.775708	-0.010030	5.131000
-3.495386	1.789262	0.009512	5.196000
-3.467340	1.801771	0.026755	5.261000
-3.443224	1.813030	0.041698	5.326000
-3.422962	1.822861	0.054343	5.391000
-3.406488	1.831114	0.064688	5.456000
-3.393742	1.837664	0.072735	5.521000
-3.384675	1.842416	0.078483	5.586000
-3.379252	1.845299	0.081931	5.651000
-3.377447	1.846266	0.083081	5.716000
-3.377427	1.846276	0.083093	5.780511
-3.520549	1.777689	-0.007140	5.196000
-3.496065	1.788125	0.007804	5.261000
-3.475483	1.797263	0.020448	5.326000
-3.458738	1.804953	0.030794	5.391000
-3.445777	1.811068	0.038840	5.456000
-3.436555	1.815510	0.044588	5.521000
-3.431037	1.818207	0.048036	5.586000
-3.429187	1.819072	0.049128	5.651000
-3.431049	1.818245	0.048094	5.716000
-3.436675	1.815892	0.045164	5.781000
-3.438565	1.815153	0.044245	5.845496
-3.514720	1.779351	-0.004758	5.261000
-3.497787	1.786616	0.005588	5.326000
-3.484676	1.792402	0.013635	5.391000
-3.475345	1.796610	0.019382	5.456000
-3.469761	1.799167	0.022831	5.521000
-3.467890	1.799986	0.023922	5.586000
-3.469772	1.799206	0.022888	5.651000
-3.475456	1.796995	0.019958	5.716000
-3.484994	1.793541	0.015363	5.781000
-3.498440	1.789052	0.009332	5.846000
-3.508110	1.786107	0.005311	5.910304
-3.509944	1.780752	-0.002747	5.326000
-3.500545	1.784807	0.003000	5.391000
-3.494884	1.787149	0.006276	5.456000
-3.492989	1.787896	0.007310	5.521000
-3.494895	1.787188	0.006333	5.586000
-3.500645	1.785194	0.003576	5.651000
-3.510287	1.782101	-0.000732	5.716000
-3.523865	1.778114	-0.006361	5.781000
-3.541424	1.773454	-0.013082	5.846000
-3.563001	1.768352	-0.020664	5.911000
-3.580743	1.764680	-0.026351	5.975456
-3.506189	1.781867	-0.001166	5.391000
-3.504287	1.782599	-0.000132	5.456000
-3.506199	1.781906	-0.001108	5.521000
-3.511964	1.779955	-0.003866	5.586000
-3.521628	1.776934	-0.008174	5.651000
-3.535236	1.773048	-0.013803	5.716000
-3.552829	1.768519	-0.020523	5.781000
-3.574444	1.763578	-0.028106	5.846000
-3.600109	1.758465	-0.036320	5.911000
-3.629846	1.753423	-0.044938	5.976000
-3.655706	1.749808	-0.051659	6.040456
-3.503498	1.782627	-0.000087	5.456000
-3.509261	1.780670	-0.002844	5.521000
-3.518922	1.777638	-0.007152	5.586000
-3.532526	1.773739	-0.012781	5.651000
-3.550115	1.769192	-0.019502	5.716000
-3.571724	1.764229	-0.027084	5.781000
-3.597384	1.759089	-0.035299	5.846000
-3.627116	1.754017	-0.043916	5.911000
-3.660929	1.749256	-0.052706	5.976000
-3.698824	1.745046	-0.061439	6.041000
-3.732799	1.742272	-0.068277	6.105455
-3.501808	1.783071	0.000532	5.521000
-3.515381	1.779067	-0.005097	5.586000
-3.532934	1.774385	-0.011817	5.651000
-3.554505	1.769256	-0.019400	5.716000
-3.580125	1.763919	-0.027614	5.781000
-3.609816	1.758619	-0.036232	5.846000
-3.643592	1.753598	-0.045022	5.911000
-3.681454	1.749097	-0.053755	5.976000
-3.723395	1.745348	-0.062201	6.041000
-3.769398	1.742572	-0.070131	6.106000
-3.811432	1.741231	-0.076164	6.170454
-3.501055	1.783183	0.000688	5.586000
-3.522560	1.777785	-0.006895	5.651000
-3.548111	1.772129	-0.015109	5.716000
-3.577734	1.766458	-0.023727	5.781000
-3.611444	1.761015	-0.032517	5.846000
-3.649247	1.756041	-0.041250	5.911000
-3.691138	1.751768	-0.049696	5.976000
-3.737103	1.748417	-0.057626	6.041000
-3.787119	1.746194	-0.064809	6.106000
-3.837154	1.745352	-0.070555	6.171000
-3.883173	1.745782	-0.074521	6.235454
-3.501638	1.782878	0.000277	5.651000
-3.531170	1.776751	-0.008341	5.716000
-3.564792	1.770791	-0.017131	5.781000
-3.602514	1.765236	-0.025864	5.846000
-3.644334	1.760319	-0.034310	5.911000
-3.690242	1.756261	-0.042240	5.976000
-3.740218	1.753269	-0.049423	6.041000
-3.790234	1.751658	-0.055169	6.106000
-3.840256	1.751355	-0.059479	6.171000
-3.890258	1.752289	-0.062353	6.236000
-3.936225	1.754114	-0.063822	6.300742
-3.503469	1.782293	-0.000555	5.716000
-3.541094	1.776113	-0.009288	5.781000
-3.582827	1.770503	-0.017734	5.846000
-3.628662	1.765685	-0.025664	5.911000
-3.678581	1.761865	-0.032847	5.976000
-3.728563	1.759425	-0.038593	6.041000
-3.778574	1.758294	-0.042903	6.106000
-3.828584	1.758399	-0.045777	6.171000
-3.878571	1.759667	-0.047214	6.236000
-3.928515	1.762027	-0.047214	6.301000
-3.974464	1.764198	-0.047214	6.365489
-3.506404	1.781563	-0.001585	5.781000
-3.552154	1.776005	-0.009515	5.846000
-3.602005	1.771379	-0.016698	5.911000
-3.651942	1.768132	-0.022444	5.976000
-3.701928	1.766194	-0.026754	6.041000
-3.751933	1.765491	-0.029628	6.106000
-3.801933	1.765952	-0.031065	6.171000
-3.851909	1.767505	-0.031065	6.236000
-3.901846	1.770077	-0.029628	6.301000
-3.951732	1.773597	-0.026754	6.366000
-3.997679	1.775870	-0.025285	6.430742
-3.510498	1.780792	-0.002697	5.846000
-3.560384	1.776847	-0.008443	5.911000
-3.610338	1.774208	-0.012753	5.976000
-3.660329	1.772805	-0.015627	6.041000
-3.710331	1.772567	-0.017064	6.106000
-3.760323	1.773420	-0.017064	6.171000
-3.810291	1.775293	-0.015627	6.236000
-3.860222	1.778114	-0.012753	6.301000
-3.910108	1.781810	-0.008443	6.366000
-3.959947	1.786311	-0.002697	6.431000
-4.005875	1.789251	0.001269	6.495454
-3.515732	1.780089	-0.003737	5.911000
-3.565708	1.778235	-0.006610	5.976000
-3.615706	1.777546	-0.008047	6.041000
-3.665704	1.777948	-0.008047	6.106000
-3.715686	1.779370	-0.006610	6.171000
-3.765640	1.781741	-0.003737	6.236000
-3.815558	1.784988	0.000573	6.301000
-3.865436	1.789039	0.006320	6.366000
-3.915272	1.793824	0.013503	6.431000
-3.965069	1.799272	0.022122	6.496000
-4.010983	1.802949	0.028731	6.560455
-3.522056	1.779609	-0.004476	5.976000
-3.572056	1.779833	-0.004476	6.041000
-3.622043	1.781076	-0.003039	6.106000
-3.672005	1.783268	-0.000166	6.171000
-3.721934	1.786337	0.004144	6.236000
-3.771826	1.790210	0.009891	6.301000
-3.821679	1.794817	0.017074	6.366000
-3.871496	1.800087	0.025693	6.431000
-3.921281	1.805949	0.035748	6.496000
-3.971042	1.812333	0.047239	6.561000
-4.016950	1.816739	0.056490	6.625455
-3.528972	1.779445	-0.004779	6.041000
-3.578930	1.781724	-0.001906	6.106000
-3.628854	1.784879	0.002404	6.171000
-3.678739	1.788840	0.008151	6.236000
-3.728584	1.793533	0.015334	6.301000
-3.778391	1.798890	0.023953	6.366000
-3.828166	1.804839	0.034008	6.431000
-3.877917	1.811309	0.045499	6.496000
-3.927653	1.818232	0.058426	6.561000
-3.977387	1.825537	0.072788	6.626000
-4.023301	1.830656	0.084680	6.690456
-3.535896	1.779612	-0.004604	6.106000
-3.585752	1.783922	0.001143	6.171000
-3.635562	1.788965	0.008326	6.236000
-3.685331	1.794671	0.016945	6.301000
-3.735063	1.800968	0.027000	6.366000
-3.784767	1.807787	0.038491	6.431000
-3.834453	1.815058	0.051418	6.496000
-3.884135	1.822712	0.065780	6.561000
-3.933827	1.830679	0.081577	6.626000
-3.983545	1.838890	0.098810	6.691000
-4.029478	1.844706	0.113344	6.755457
-3.542789	1.780104	-0.003965	6.171000
-3.592483	1.786421	0.004654	6.236000
-3.642134	1.793329	0.014709	6.301000
-3.691751	1.800758	0.026200	6.366000
-3.741344	1.808640	0.039126	6.431000
-3.790928	1.816904	0.053488	6.496000
-3.840518	1.825481	0.069286	6.561000
-3.890131	1.834302	0.086519	6.626000
-3.939786	1.843300	0.105187	6.691000
-3.989501	1.852404	0.125291	6.756000
-4.035469	1.858905	0.142466	6.820457
-3.549631	1.780927	-0.002854	6.236000
-3.599109	1.789227	0.008637	6.301000
-3.648557	1.797978	0.021563	6.366000
-3.697988	1.807111	0.035925	6.431000
-3.747420	1.816558	0.051723	6.496000
-3.796870	1.826250	0.068955	6.561000
-3.846359	1.836118	0.087624	6.626000
-3.895907	1.846094	0.107728	6.691000
-3.945534	1.856110	0.129268	6.756000
-3.995263	1.866097	0.152245	6.821000
-4.041285	1.873270	0.172063	6.885458
-3.556409	1.782071	-0.001277	6.301000
-3.605618	1.792331	0.013085	6.366000
-3.654822	1.802905	0.028882	6.431000
-3.704038	1.813723	0.046115	6.496000
-3.753288	1.824719	0.064783	6.561000
-3.802595	1.835824	0.084887	6.626000
-3.851981	1.846971	0.106428	6.691000
-3.901468	1.858090	0.129405	6.756000
-3.951082	1.869115	0.153820	6.821000
-4.000845	1.879975	0.179674	6.886000
-4.046941	1.887812	0.202136	6.950458
-3.563090	1.783531	0.000759	6.366000
-3.611983	1.795729	0.017992	6.431000
-3.660904	1.808105	0.036660	6.496000
-3.709879	1.820593	0.056764	6.561000
-3.758932	1.833124	0.078305	6.626000
-3.808087	1.845631	0.101282	6.691000
-3.857371	1.858046	0.125697	6.756000
-3.906809	1.870301	0.151551	6.821000
-3.956426	1.882328	0.178846	6.886000
-4.006246	1.894056	0.207584	6.951000
-4.052442	1.902547	0.232695	7.015457
-3.569661	1.785294	0.003245	6.431000
-3.618192	1.799410	0.023349	6.496000
-3.666798	1.813573	0.044889	6.561000
-3.715508	1.827715	0.067866	6.626000
-3.764350	1.841770	0.092282	6.691000
-3.813350	1.855670	0.118136	6.756000
-3.862538	1.869348	0.145431	6.821000
-3.911939	1.882734	0.174168	6.886000
-3.961704	1.894695	0.202906	6.951000
-4.011792	1.905221	0.231644	7.016000
-4.058178	1.912598	0.256755	7.080457
-3.576107	1.787348	0.006167	6.496000
-3.624233	1.803366	0.029144	6.561000
-3.672494	1.819301	0.053560	6.626000
-3.720919	1.835088	0.079414	6.691000
-3.769540	1.850659	0.106709	6.756000
-3.818386	1.865947	0.135446	6.821000
-3.867651	1.879826	0.164184	6.886000
-3.917294	1.892283	0.192922	6.951000
-3.967275	1.903309	0.221660	7.016000
-4.017552	1.912894	0.250397	7.081000
-4.064068	1.919399	0.275509	7.145457
-3.583042	1.789915	0.009840	6.561000
-3.630732	1.807803	0.035695	6.626000
-3.678625	1.825485	0.062990	6.691000
-3.726756	1.842894	0.091727	6.756000
-3.775367	1.858912	0.120465	6.821000
-3.824419	1.873527	0.149203	6.886000
-3.873870	1.886726	0.177940	6.951000
-3.923680	1.898500	0.206678	7.016000
-3.973807	1.908837	0.235416	7.081000
-4.024211	1.917729	0.264153	7.146000
-4.070813	1.923594	0.289265	7.210457
