0.000000	0.000000	0.000000
-11.253450	0.000011	0.028035
-11.253050	0.000022	0.028035
-11.252650	0.000034	0.028035
-11.252251	0.000045	0.028035
-11.251851	0.000056	0.028035
-11.251451	0.000067	0.028035
-11.251051	0.000078	0.028035
-11.250651	0.000090	0.028035
-11.250251	0.000101	0.028035
-11.252251	0.000045	0.028035
-11.250651	0.000090	0.028035
-11.249052	0.000135	0.028035
-11.247452	0.000179	0.028035
-11.245853	0.000224	0.028035
-11.244253	0.000269	0.028035
-11.242654	0.000314	0.028035
-11.241055	0.000359	0.028035
-11.239455	0.000404	0.028035
-11.250251	0.000101	0.028035
-11.246653	0.000202	0.028035
-11.243054	0.000303	0.028035
-11.239455	0.000404	0.028035
-11.235857	0.000505	0.028035
-11.232258	0.000605	0.028035
-11.228659	0.000706	0.028035
-11.225060	0.000807	0.028035
-11.221462	0.000908	0.028035
-11.247452	0.000179	0.028035
-11.241055	0.000359	0.028035
-11.234657	0.000538	0.028035
-11.228259	0.000718	0.028035
-11.221862	0.000897	0.028035
-11.215464	0.001076	0.028035
-11.209066	0.001256	0.028035
-11.202669	0.001435	0.028035
-11.196271	0.001615	0.028035
-11.243854	0.000280	0.028035
-11.233857	0.000561	0.028035
-11.223861	0.000841	0.028035
-11.213864	0.001121	0.028035
-11.203868	0.001402	0.028035
-11.193872	0.001682	0.028035
-11.183875	0.001962	0.028035
-11.173879	0.002243	0.028035
-11.163883	0.002523	0.028035
-11.239455	0.000404	0.028035
-11.225060	0.000807	0.028035
-11.210666	0.001211	0.028035
-11.196271	0.001615	0.028035
-11.181876	0.002018	0.028035
-11.167481	0.002422	0.028035
-11.153086	0.002826	0.028035
-11.138692	0.003229	0.028035
-11.124297	0.003633	0.028035
-11.234257	0.000549	0.028035
-11.214664	0.001099	0.028035
-11.195071	0.001648	0.028035
-11.175478	0.002198	0.028035
-11.155885	0.002747	0.028035
-11.136293	0.003297	0.028035
-11.116700	0.003846	0.028035
-11.097125	0.004819	0.038859
-11.077554	0.005897	0.052357
-11.228259	0.000718	0.028035
-11.202669	0.001435	0.028035
-11.177078	0.002153	0.028035
-11.151487	0.002870	0.028035
-11.125896	0.003588	0.028035
-11.100320	0.004643	0.034635
-11.074759	0.006051	0.048132
-11.049197	0.007459	0.055029
-11.023636	0.008867	0.055029
-11.221762	0.000900	0.028035
-11.189673	0.001800	0.028035
-11.157585	0.002699	0.028035
-11.125496	0.003599	0.028035
-11.093430	0.005023	0.036200
-11.061379	0.006788	0.049697
-11.029327	0.008554	0.055029
-10.997276	0.010320	0.055029
-10.965222	0.012023	0.054060
-11.215264	0.001082	0.028035
-11.176678	0.002164	0.028035
-11.138092	0.003246	0.028035
-11.099521	0.004687	0.032692
-11.060980	0.006810	0.046189
-11.022438	0.008933	0.055029
-10.983896	0.011057	0.055029
-10.945337	0.012809	0.050228
-10.906767	0.014335	0.042477
-11.208766	0.001264	0.028035
-11.163683	0.002528	0.028035
-11.118599	0.003793	0.028035
-11.073561	0.006117	0.039802
-11.028529	0.008598	0.053299
-10.983497	0.011079	0.055029
-10.938443	0.013082	0.049734
-10.893378	0.014864	0.041983
-10.848313	0.016646	0.039527
-11.075385	0.006017	0.055029
-11.037950	0.008079	0.055029
-11.000514	0.010141	0.055029
-10.963075	0.012108	0.053756
-10.925612	0.013589	0.046005
-10.888149	0.015071	0.039527
-10.850687	0.016553	0.039527
-10.813224	0.018034	0.039527
-10.775762	0.019516	0.039527
-11.068895	0.006374	0.055029
-11.024969	0.008794	0.055029
-10.981044	0.011214	0.055029
-10.937095	0.013135	0.049363
-10.893137	0.014874	0.041612
-10.849180	0.016612	0.039527
-10.805222	0.018351	0.039527
-10.761265	0.020089	0.039527
-10.717307	0.021827	0.039527
-11.062404	0.006732	0.055029
-11.011989	0.009509	0.055029
-10.961568	0.012167	0.053852
-10.911115	0.014163	0.046101
-10.860663	0.016158	0.039527
-10.810210	0.018153	0.039527
-10.759758	0.020149	0.039527
-10.709305	0.022144	0.039527
-10.658848	0.024002	0.038166
-11.055914	0.007089	0.055029
-10.999009	0.010224	0.055029
-10.942083	0.012938	0.051334
-10.885136	0.015190	0.043583
-10.828188	0.017442	0.039527
-10.771241	0.019694	0.039527
-10.714293	0.021947	0.039527
-10.657341	0.024041	0.038146
-10.600369	0.025539	0.031524
-11.049424	0.007447	0.055029
-10.986028	0.010939	0.055029
-10.922598	0.013709	0.049332
-10.859156	0.016218	0.041581
-10.795714	0.018727	0.039527
-10.732271	0.021236	0.039527
-10.668829	0.023739	0.039486
-10.605359	0.025408	0.032864
-10.541889	0.027077	0.026285
-11.042934	0.007804	0.055029
-10.973048	0.011654	0.055029
-10.903113	0.014479	0.047702
-10.833176	0.017245	0.039951
-10.763239	0.020011	0.039527
-10.693302	0.022777	0.039527
-10.623345	0.024935	0.035185
-10.553377	0.026775	0.028564
-10.483410	0.028614	0.026285
-11.036444	0.008162	0.055029
-10.960061	0.012227	0.054099
-10.883629	0.015250	0.046348
-10.807196	0.018273	0.039527
-10.730764	0.021295	0.039527
-10.654326	0.024121	0.038237
-10.577861	0.026131	0.031615
-10.501396	0.028141	0.026285
-10.424930	0.030152	0.026285
-11.029954	0.008519	0.055029
-10.947071	0.012741	0.052958
-10.864144	0.016020	0.045207
-10.781217	0.019300	0.039527
-10.698290	0.022580	0.039527
-10.615339	0.025146	0.035226
-10.532377	0.027327	0.028605
-10.449414	0.029508	0.026285
-10.366451	0.031689	0.026285
-11.023463	0.008877	0.055029
-10.934081	0.013254	0.051983
-10.844659	0.016791	0.044232
-10.755237	0.020327	0.039527
-10.665814	0.023819	0.039275
-10.576353	0.026171	0.032653
-10.486892	0.028523	0.026285
-10.397432	0.030875	0.026285
-10.307976	0.033375	0.027115
-11.016973	0.009234	0.055029
-10.921091	0.013768	0.051139
-10.825174	0.017562	0.043388
-10.729257	0.021355	0.039527
-10.633325	0.024673	0.037050
-10.537367	0.027196	0.030428
-10.441408	0.029718	0.026285
-10.345450	0.032241	0.026285
-10.249507	0.035294	0.029046
-11.010483	0.009592	0.055029
-10.908101	0.014282	0.050403
-10.805690	0.018332	0.042652
-10.703278	0.022382	0.039527
-10.600836	0.025527	0.035107
-10.498380	0.028221	0.028486
-10.395924	0.030914	0.026285
-10.293475	0.033851	0.027471
-10.191039	0.037213	0.030731
-11.003993	0.009950	0.055029
-10.895112	0.014796	0.049754
-10.786205	0.019103	0.042003
-10.677298	0.023410	0.039527
-10.568348	0.026381	0.033397
-10.459394	0.029246	0.026775
-10.350440	0.032110	0.026285
-10.241503	0.035557	0.028956
-10.132570	0.039131	0.032216
-10.997503	0.010307	0.055029
-10.882122	0.015309	0.049179
-10.766720	0.019873	0.041428
-10.651311	0.024200	0.038500
-10.535859	0.027235	0.031878
-10.420408	0.030270	0.026285
-10.304961	0.033474	0.027013
-10.189531	0.037262	0.030274
-10.074101	0.041050	0.032805
-10.991013	0.010665	0.055029
-10.869132	0.015823	0.048664
-10.747235	0.020644	0.040913
-10.625320	0.024883	0.037143
-10.503371	0.028089	0.030522
-10.381421	0.031295	0.026285
-10.259486	0.034966	0.028191
-10.137559	0.038968	0.031451
-10.015633	0.042969	0.032805
-10.855208	0.016374	0.039527
-10.741186	0.020883	0.039527
-10.627146	0.024835	0.037085
-10.513075	0.027834	0.030463
-10.399003	0.030833	0.026285
-10.284941	0.034131	0.027595
-10.170891	0.037874	0.030855
-10.056841	0.041616	0.032805
-9.942800	0.045587	0.033805
-10.848713	0.016631	0.039527
-10.728196	0.021397	0.039527
-10.607653	0.025348	0.036146
-10.487084	0.028518	0.029524
-10.366515	0.031687	0.026285
-10.245962	0.035410	0.028578
-10.125415	0.039366	0.031838
-10.004869	0.043322	0.032805
-9.884350	0.048011	0.035845
-10.842218	0.016887	0.039527
-10.715206	0.021911	0.039527
-10.588159	0.025860	0.035303
-10.461093	0.029201	0.028681
-10.334026	0.032542	0.026285
-10.206983	0.036689	0.029461
-10.079940	0.040858	0.032721
-9.952902	0.045169	0.033360
-9.825900	0.050434	0.037676
-10.835723	0.017144	0.039527
-10.702216	0.022424	0.039527
-10.568666	0.026373	0.034542
-10.435102	0.029884	0.027921
-10.301543	0.033586	0.026998
-10.168004	0.037969	0.030258
-10.034464	0.042351	0.032805
-9.900947	0.047323	0.035013
-9.767450	0.052858	0.039329
-10.829228	0.017401	0.039527
-10.689227	0.022938	0.039527
-10.549173	0.026885	0.033852
-10.409111	0.030567	0.027230
-10.269060	0.034652	0.027721
-10.129025	0.039248	0.030981
-9.988989	0.043843	0.032805
-9.848991	0.049477	0.036512
-9.709000	0.055281	0.040829
-10.822733	0.017658	0.039527
-10.676237	0.023452	0.039527
-10.529680	0.027398	0.033223
-10.383120	0.031251	0.026601
-10.236578	0.035718	0.028380
-10.090046	0.040527	0.031640
-9.943521	0.045557	0.033562
-9.797036	0.051631	0.037879
-9.650550	0.057705	0.041438
-10.816238	0.017915	0.039527
-10.663244	0.023886	0.039268
-10.510187	0.027910	0.032647
-10.357129	0.031934	0.026285
-10.204095	0.036784	0.028983
-10.051067	0.041806	0.032243
-9.898060	0.047442	0.034813
-9.745080	0.053785	0.039129
-9.592171	0.061168	0.044841
-10.809744	0.018172	0.039527
-10.650249	0.024228	0.038740
-10.490694	0.028423	0.032118
-10.331138	0.032617	0.026285
-10.171613	0.037850	0.029537
-10.012088	0.043085	0.032797
-9.852599	0.049327	0.035962
-9.693124	0.055939	0.040278
-9.533935	0.066719	0.054522
-10.803249	0.018429	0.039527
-10.637253	0.024569	0.038252
-10.471200	0.028935	0.031631
-10.305152	0.033468	0.026788
-10.139130	0.038916	0.030048
-9.973108	0.044364	0.032805
-9.807138	0.051212	0.037020
-9.641169	0.058093	0.041337
-9.475699	0.072270	0.063448
-10.796754	0.018686	0.039527
-10.624258	0.024911	0.037802
-10.451707	0.029448	0.031180
-10.279166	0.034321	0.027260
-10.106648	0.039982	0.030520
-9.934141	0.045946	0.033683
-9.761677	0.053097	0.038000
-9.589295	0.061442	0.044905
-9.417463	0.077820	0.071702
-10.790259	0.018942	0.039527
-10.611262	0.025253	0.037384
-10.432214	0.029960	0.030762
-10.253180	0.035173	0.027698
-10.074165	0.041048	0.030958
-9.895174	0.047562	0.034591
-9.716216	0.054982	0.038908
-9.537530	0.066376	0.052557
-9.359227	0.083371	0.079357
-10.783764	0.019199	0.039527
-10.598267	0.025594	0.036995
-10.412721	0.030473	0.030374
-10.227194	0.036026	0.028105
-10.041683	0.042114	0.031365
-9.856207	0.049178	0.035435
-9.670755	0.056867	0.039752
-9.485765	0.071310	0.059675
-9.300991	0.088922	0.086475
-10.777269	0.019456	0.039527
-10.585272	0.025936	0.036633
-10.393228	0.030985	0.030011
-10.201208	0.036879	0.028484
-10.009200	0.043180	0.031744
-9.817241	0.050793	0.036223
-9.625294	0.058752	0.040539
-9.433999	0.076244	0.066312
-9.243266	0.097706	0.101616
-10.770774	0.019713	0.039527
-10.572276	0.026278	0.036294
-10.373734	0.031498	0.029672
-10.175222	0.037732	0.028839
-9.976718	0.044246	0.032099
-9.778274	0.052409	0.036958
-9.579949	0.062333	0.045555
-9.382234	0.081178	0.072515
-9.186153	0.110369	0.121382
-10.764279	0.019970	0.039527
-10.559281	0.026619	0.035977
-10.354241	0.032010	0.029355
-10.149236	0.038584	0.029171
-9.944243	0.045528	0.032958
-9.739307	0.054025	0.037648
-9.534654	0.066650	0.051525
-9.330469	0.086112	0.078325
-9.129040	0.123032	0.138118
-10.757784	0.020227	0.039527
-10.546285	0.026961	0.035679
-10.334748	0.032523	0.029058
-10.123250	0.039437	0.029483
-9.911771	0.046874	0.033916
-9.700341	0.055640	0.038294
-9.489359	0.070968	0.056977
-9.278703	0.091046	0.083776
-9.071926	0.135695	0.153835
-10.751289	0.020484	0.039527
-10.533290	0.027303	0.035399
-10.315258	0.033136	0.029010
-10.097264	0.040290	0.029777
-9.879299	0.048220	0.034586
-9.661374	0.057256	0.038903
-9.444065	0.075285	0.062104
-9.227754	0.101145	0.100873
-9.014813	0.148358	0.168617
-10.744794	0.020740	0.039527
-10.520294	0.027644	0.035135
-10.295768	0.033776	0.029022
-10.071278	0.041143	0.030053
-9.846826	0.049567	0.035159
-9.622407	0.058871	0.039476
-9.398770	0.079602	0.066935
-9.176986	0.112401	0.119605
-8.957877	0.161602	0.183885
-10.738299	0.020997	0.039527
-10.507299	0.027986	0.034886
-10.276279	0.034415	0.029034
-10.045292	0.041995	0.030314
-9.814354	0.050913	0.035700
-9.583544	0.061990	0.043275
-9.353475	0.083919	0.071494
-9.126219	0.123657	0.134034
-8.903401	0.182921	0.216520
-10.731804	0.021254	0.039527
-10.494303	0.028328	0.034651
-10.256789	0.035055	0.029045
-10.019306	0.042848	0.030560
-9.781882	0.052259	0.036211
-9.544720	0.065691	0.048094
-9.308181	0.088237	0.075804
-9.075452	0.134913	0.146455
-8.848924	0.204241	0.247416
-10.725310	0.021511	0.039527
-10.481308	0.028669	0.034428
-10.237300	0.035694	0.029056
-9.993320	0.043701	0.030794
-9.749410	0.053606	0.036695
-9.505896	0.069391	0.052658
-9.263009	0.093329	0.081487
-9.024685	0.146169	0.158217
-8.794447	0.225560	0.275054
-10.448720	0.029526	0.026285
-10.228228	0.035992	0.027801
-10.007759	0.043227	0.031061
-9.787348	0.052033	0.036367
-9.567112	0.063557	0.046103
-9.347520	0.084487	0.073655
-9.130652	0.122674	0.134629
-8.917429	0.177432	0.212831
-8.712012	0.257821	0.312262
-10.442222	0.029697	0.026285
-10.215235	0.036419	0.027944
-9.988270	0.043867	0.031204
-9.761370	0.053110	0.036759
-9.534759	0.066640	0.050174
-9.308696	0.088188	0.077336
-9.086231	0.132523	0.145844
-8.869005	0.196382	0.241276
-8.661787	0.287555	0.350203
-10.435724	0.029868	0.026285
-10.202242	0.036845	0.028079
-9.968780	0.044510	0.031348
-9.735392	0.054187	0.037130
-9.502405	0.069724	0.054011
-9.269872	0.091888	0.080811
-9.041810	0.142372	0.156437
-8.820581	0.215333	0.268138
-8.612312	0.318772	0.389707
-10.429226	0.030039	0.026285
-10.189249	0.037271	0.028207
-9.949297	0.045318	0.031826
-9.709414	0.055264	0.037480
-9.470052	0.072808	0.057298
-9.231784	0.100252	0.093912
-8.997388	0.152221	0.166457
-8.772157	0.234283	0.283742
-8.562838	0.349989	0.427095
-10.422729	0.030209	0.026285
-10.176256	0.037698	0.028328
-9.929814	0.046126	0.032279
-9.683437	0.056341	0.037812
-9.437699	0.075892	0.060412
-9.193709	0.108694	0.106497
-8.953363	0.163369	0.178686
-8.723734	0.253234	0.298368
-8.513363	0.381206	0.459708
-10.416231	0.030380	0.026285
-10.163263	0.038124	0.028443
-9.910330	0.046934	0.032709
-9.657459	0.057418	0.038127
-9.405345	0.078975	0.063366
-9.155633	0.117136	0.118443
-8.910992	0.179951	0.201486
-8.677930	0.277369	0.323632
-8.470889	0.420385	0.500008
-10.409733	0.030551	0.026285
-10.150270	0.038550	0.028553
-9.890847	0.047741	0.033117
-9.631481	0.058495	0.038426
-9.372992	0.082059	0.066172
-9.117558	0.125577	0.129796
-8.868621	0.196532	0.223182
-8.633952	0.305118	0.355482
-8.433601	0.465461	0.553694
-10.403235	0.030722	0.026285
-10.137277	0.038977	0.028656
-9.871364	0.048549	0.033505
-9.605525	0.059895	0.039318
-9.340639	0.085143	0.068841
-9.079483	0.134019	0.139987
-8.826250	0.213114	0.243833
-8.589975	0.332866	0.385856
-8.396314	0.510538	0.605191
-10.396738	0.030893	0.026285
-10.124284	0.039403	0.028755
-9.851880	0.049357	0.033875
-9.579643	0.062362	0.042129
-9.308285	0.088227	0.071383
-9.041407	0.142461	0.147734
-8.783879	0.229696	0.263498
-8.545997	0.360615	0.414800
-8.359026	0.555614	0.654375
-10.390240	0.031064	0.026285
-10.111291	0.039830	0.028850
-9.832397	0.050165	0.034228
-9.553760	0.064829	0.044810
-9.275932	0.091310	0.073807
-9.003332	0.150903	0.155120
-8.741509	0.246278	0.282231
-8.502020	0.388364	0.442369
-8.336142	0.608644	0.729447
-10.383742	0.031234	0.026285
-10.098298	0.040256	0.028940
-9.812914	0.050973	0.034564
-9.527877	0.067296	0.047368
-9.244073	0.097527	0.081659
-8.965256	0.159345	0.162171
-8.699570	0.263715	0.296230
-8.466483	0.425711	0.490509
-8.317859	0.664213	0.809412
-10.377245	0.031405	0.026285
-10.085305	0.040682	0.029026
-9.793430	0.051780	0.034886
-9.501995	0.069763	0.049813
-9.212344	0.104562	0.090584
-8.928767	0.172994	0.178178
-8.661090	0.287995	0.321231
-8.433338	0.465779	0.533755
-8.299576	0.719783	0.873752
-10.370747	0.031576	0.026285
-10.072312	0.041109	0.029108
-9.773947	0.052588	0.035194
-9.476112	0.072230	0.052152
-9.180614	0.111597	0.099127
-8.892449	0.187207	0.194502
-8.622609	0.312275	0.345232
-8.400194	0.505847	0.574479
-8.285757	0.775823	0.942386
-10.364249	0.031747	0.026285
-10.059319	0.041535	0.029187
-9.754464	0.053396	0.035488
-9.450230	0.074697	0.054392
-9.148885	0.118632	0.107311
-8.856131	0.201420	0.210154
-8.584129	0.336555	0.368268
-8.367049	0.545915	0.613653
-8.292042	0.833985	1.039847
-10.357751	0.031918	0.026285
-10.046326	0.041962	0.029262
-9.734980	0.054204	0.035770
-9.424347	0.077164	0.056538
-9.117155	0.125667	0.115157
-8.819813	0.215633	0.225167
-8.545649	0.360835	0.390371
-8.342108	0.590512	0.665372
-8.298327	0.892146	1.135133
-10.351254	0.032089	0.026285
-10.033333	0.042388	0.029335
-9.715497	0.055012	0.036041
-9.398464	0.079631	0.058596
-9.085426	0.132702	0.122684
-8.783496	0.229846	0.239573
-8.507168	0.385115	0.411577
-8.325856	0.639907	0.730620
-8.304612	0.950308	1.226671
-10.344756	0.032259	0.026285
-10.020340	0.042814	0.029404
-9.696014	0.055820	0.036301
-9.372582	0.082098	0.060572
-9.053697	0.139737	0.129911
-8.747178	0.244059	0.253403
-8.474506	0.416012	0.445081
-8.309604	0.689302	0.794086
-8.321904	1.005039	1.317294
-10.338258	0.032430	0.026285
-10.007347	0.043241	0.029471
-9.676530	0.056627	0.036550
-9.346699	0.084565	0.062470
-9.021967	0.146771	0.136856
-8.710860	0.258272	0.266685
-8.445505	0.451071	0.485698
-8.293353	0.738697	0.855354
-8.349776	1.056472	1.413970
-10.331760	0.032601	0.026285
-9.994354	0.043667	0.029535
-9.657047	0.057435	0.036790
-9.320816	0.087032	0.064295
-8.990238	0.153806	0.143532
-8.677233	0.277809	0.288178
-8.416503	0.486131	0.525008
-8.287198	0.789158	0.919181
-8.377648	1.107905	1.508387
-10.325264	0.032808	0.026389
-9.981361	0.044093	0.029597
-9.637564	0.058243	0.036969
-9.294934	0.089499	0.066052
-8.958648	0.161301	0.150647
-8.644249	0.298621	0.310961
-8.387502	0.521190	0.562271
-8.292785	0.840857	0.995704
-8.405520	1.159338	1.599024
-10.318767	0.033021	0.026508
-9.968368	0.044527	0.029667
-9.618080	0.059051	0.037132
-9.269054	0.091988	0.067764
-8.928383	0.173145	0.163941
-8.611266	0.319432	0.332902
-8.358500	0.556249	0.591859
-8.298371	0.892556	1.071070
-8.442764	1.203598	1.700235
-10.312271	0.033234	0.026622
-9.955379	0.045066	0.029881
-9.598644	0.060551	0.038260
-9.243671	0.097616	0.073703
-8.898118	0.184989	0.175801
-8.578283	0.340244	0.349658
-8.339948	0.597078	0.635962
-8.303958	0.944255	1.144478
-8.485141	1.243927	1.791598
-10.305774	0.033447	0.026733
-9.942391	0.045604	0.030088
-9.579232	0.062401	0.039831
-9.218287	0.103244	0.079434
-8.867853	0.196833	0.186771
-8.545300	0.361055	0.365839
-8.325727	0.640299	0.685628
-8.315906	0.993972	1.223083
-8.527517	1.284256	1.874464
-10.299278	0.033661	0.026840
-9.929402	0.046143	0.030287
-9.559820	0.064252	0.041346
-9.192904	0.108872	0.084967
-8.837588	0.208677	0.197368
-8.512317	0.381867	0.381468
-8.311507	0.683520	0.734251
-8.340682	1.039690	1.315573
-8.569894	1.324585	1.953937
-10.292781	0.033874	0.026943
-9.916413	0.046681	0.030480
-9.540408	0.066102	0.042809
-9.167520	0.114500	0.090312
-8.807323	0.220521	0.207608
-8.482530	0.406312	0.402725
-8.297287	0.726740	0.781642
-8.365457	1.085408	1.400079
-8.615642	1.360311	2.036425
-10.286285	0.034087	0.027042
-9.903424	0.047220	0.030665
-9.520996	0.067952	0.044223
-9.142137	0.120128	0.095478
-8.777059	0.232365	0.217508
-8.457671	0.436363	0.432803
-8.285147	0.770180	0.829947
-8.390232	1.131127	1.474032
-8.666883	1.388537	2.123867
-10.279788	0.034300	0.027138
-9.890435	0.047759	0.030845
-9.501584	0.069802	0.045589
-9.116753	0.125756	0.100474
-8.746794	0.244209	0.227081
-8.432813	0.466414	0.462112
-8.290036	0.815417	0.896278
-8.415007	1.176845	1.545739
-8.718123	1.416762	2.189453
-10.273292	0.034513	0.027231
-9.877446	0.048297	0.031019
-9.482172	0.071653	0.046911
-9.091369	0.131384	0.105307
-8.716529	0.256053	0.236343
-8.407954	0.496465	0.490633
-8.294924	0.860654	0.961866
-8.452479	1.212844	1.632869
-8.769363	1.444988	2.252771
-10.266795	0.034727	0.027321
-9.864457	0.048836	0.031187
-9.462760	0.073503	0.048190
-9.065986	0.137012	0.109986
-8.687878	0.271092	0.249672
-8.383096	0.526516	0.518353
-8.299812	0.905891	1.022094
-8.490148	1.248692	1.717960
-8.820604	1.473214	2.313457
-10.260299	0.034940	0.027408
-9.851468	0.049374	0.031350
-9.443348	0.075353	0.049428
-9.040602	0.142640	0.114516
-8.660392	0.288435	0.265715
-8.358238	0.556567	0.545264
-8.304700	0.951128	1.078192
-8.527816	1.284540	1.799661
-8.873889	1.497102	2.377008
-10.253802	0.035153	0.027493
-9.838479	0.049913	0.031508
-9.423936	0.077203	0.050628
-9.015219	0.148268	0.118906
-8.632906	0.305778	0.281296
-8.341850	0.591295	0.581928
-8.316103	0.994334	1.139576
-8.565484	1.320388	1.868415
-8.928268	1.518669	2.433322
-10.247306	0.035366	0.027575
-9.825491	0.050451	0.031661
-9.404524	0.079054	0.051791
-8.989835	0.153896	0.123162
-8.605420	0.323121	0.296427
-8.329661	0.628342	0.623146
-8.337781	1.034338	1.210876
-8.604617	1.354238	1.932877
-8.982647	1.540236	2.476373
-9.936263	0.045858	0.033526
-9.542126	0.065938	0.042213
-9.151492	0.118054	0.091737
-8.775141	0.233116	0.214611
-8.448938	0.446921	0.437805
-8.287870	0.795378	0.856729
-8.407854	1.163645	1.513537
-8.709476	1.411999	2.170523
-9.068498	1.574286	2.585459
-4.341147	2.446890	2.488440
-5.405414	2.759422	2.673978
-6.066508	3.617345	2.545523
-6.839934	4.389614	2.292434
-7.900450	4.691304	2.611828
-9.004076	4.630503	3.030740
-10.018566	4.198383	-2.912946
-10.696777	3.339571	-2.490048
-10.429681	2.317395	-1.785976
-4.335046	2.444649	2.486657
-5.393356	2.754643	2.673433
-6.057657	3.599969	2.550817
-6.817183	4.377027	2.291105
-7.868099	4.688185	2.600381
-8.965903	4.638493	3.020503
-9.982214	4.225748	-2.926247
-10.675807	3.387060	-2.509794
-10.467771	2.361797	-1.825631
-4.328944	2.442409	2.484855
-5.381145	2.750182	2.672716
-6.048805	3.582593	2.556166
-6.794433	4.364440	2.289911
-7.835749	4.685066	2.588796
-8.927730	4.646483	3.010145
-9.943797	4.250033	-2.938082
-10.654093	3.434309	-2.529422
-10.505861	2.406199	-1.866682
-4.322843	2.440168	2.483031
-5.368934	2.745722	2.671991
-6.039954	3.565218	2.561571
-6.771682	4.351854	2.288702
-7.803398	4.681948	2.577071
-8.889558	4.654474	2.999665
-9.904685	4.273283	-2.949507
-10.632378	3.481558	-2.549219
-10.539973	2.453512	-1.906672
-4.316741	2.437927	2.481186
-5.356724	2.741261	2.671257
-6.031103	3.547842	2.567032
-6.748931	4.339267	2.287479
-7.771185	4.677759	2.565677
-8.851385	4.662464	2.989063
-9.865574	4.296533	-2.961542
-10.610663	3.528807	-2.569173
-10.570804	2.503227	-1.945476
-4.310639	2.435687	2.479319
-5.344513	2.736801	2.670514
-6.022251	3.530467	2.572550
-6.726863	4.325570	2.286831
-7.739089	4.672651	2.554548
-8.813212	4.670454	2.977769
-9.826463	4.319783	-2.974127
-10.588949	3.576056	-2.589269
-10.601635	2.552943	-1.984242
-4.304538	2.433446	2.477431
-5.332302	2.732340	2.669762
-6.013400	3.513091	2.578124
-6.705378	4.310928	2.286681
-7.706993	4.667544	2.543283
-8.774538	4.675315	2.967276
-9.787309	4.342955	-2.986812
-10.560259	3.619408	-2.607590
-10.632466	2.602659	-2.022890
-4.298436	2.431205	2.475520
-5.320091	2.727879	2.669000
-6.004548	3.495715	2.583757
-6.683893	4.296286	2.286529
-7.674897	4.662436	2.531881
-8.735780	4.679647	2.956888
-9.746690	4.363459	-2.998273
-10.531408	3.662670	-2.626274
-10.658053	2.654843	-2.060800
-4.292335	2.428965	2.473586
-5.307880	2.723419	2.668229
-5.995720	3.478328	2.589458
-6.662408	4.281643	2.286375
-7.642802	4.657329	2.520333
-8.697021	4.683979	2.946366
-9.706071	4.383962	-3.009868
-10.502558	3.705933	-2.645150
-10.676725	2.710283	-2.096344
-4.286233	2.426724	2.471629
-5.295669	2.718958	2.667448
-5.987314	3.460733	2.595418
-6.640923	4.267001	2.286220
-7.610706	4.652221	2.508443
-8.658263	4.688311	2.935708
-9.665453	4.404465	-3.021595
-10.473708	3.749195	-2.664207
-10.695397	2.765723	-2.131906
-4.280132	2.424483	2.469649
-5.283459	2.714498	2.666657
-5.978908	3.443138	2.601438
-6.619438	4.252359	2.286062
-7.578610	4.647114	2.496414
-8.619504	4.692643	2.924914
-9.624834	4.424969	-3.033453
-10.443908	3.791732	-2.682909
-10.714068	2.821163	-2.167396
-4.274030	2.422242	2.467645
-5.271248	2.710037	2.665856
-5.970502	3.425543	2.607518
-6.597953	4.237717	2.285902
-7.546514	4.642006	2.484246
-8.580746	4.696975	2.913984
-9.584216	4.445472	-3.045441
-10.409735	3.830926	-2.699359
-10.728058	2.877521	-2.201057
-4.267928	2.420002	2.465616
-5.259037	2.705576	2.665044
-5.962097	3.407947	2.613659
-6.576468	4.223074	2.285739
-7.514997	4.634078	2.473241
-8.541985	4.701282	2.902931
-9.542018	4.462391	-3.057095
-10.375561	3.870120	-2.715997
-10.731708	2.935907	-2.232828
-4.261827	2.417761	2.463563
-5.246826	2.701116	2.664223
-5.953691	3.390352	2.619861
-6.556220	4.206788	2.286583
-7.483486	4.626117	2.462115
-8.503008	4.702608	2.892208
-9.499475	4.478527	-3.068513
-10.341387	3.909313	-2.734214
-10.735358	2.994293	-2.265145
-4.255725	2.415520	2.461484
-5.234615	2.696655	2.663390
-5.945285	3.372757	2.626125
-6.536204	4.190195	2.287629
-7.451975	4.618157	2.450853
-8.464030	4.703934	2.881158
-9.456932	4.494662	-3.080076
-10.307213	3.948507	-2.752625
-10.739007	3.052679	-2.297560
-4.249624	2.413280	2.459379
-5.222405	2.692195	2.662547
-5.936879	3.355161	2.632451
-6.516188	4.173601	2.288690
-7.420465	4.610196	2.439456
-8.425052	4.705260	2.869956
-9.414390	4.510797	-3.091783
-10.269999	3.984760	-2.769280
-10.741247	3.110974	-2.329441
-4.243522	2.411039	2.457249
-5.210194	2.687734	2.661692
-5.928473	3.337566	2.638839
-6.496172	4.157007	2.289767
-7.388954	4.602236	2.427925
-8.386075	4.706586	2.858599
-9.371847	4.526933	-3.103635
-10.231971	4.020225	-2.785603
-10.730076	3.168398	-2.356082
-4.237420	2.408798	2.455092
-5.197983	2.683273	2.660826
-5.920068	3.319971	2.645290
-6.476156	4.140413	2.290860
-7.357443	4.594275	2.416259
-8.347097	4.707912	2.847090
-9.328952	4.542017	-3.115092
-10.193943	4.055691	-2.802111
-10.718905	3.225822	-2.383443
-4.231319	2.406558	2.452907
-5.185772	2.678813	2.659948
-5.911464	3.302473	2.651711
-6.456140	4.123819	2.291968
-7.325932	4.586314	2.404567
-8.308119	4.709238	2.835427
-9.285260	4.554714	-3.125466
-10.155916	4.091156	-2.818795
-10.707735	3.283246	-2.412190
-4.225217	2.404317	2.450695
-5.173287	2.675201	2.658600
-5.902613	3.285097	2.658077
-6.436124	4.107225	2.293495
-7.295066	4.576167	2.393957
-8.269139	4.709889	2.823943
-9.241567	4.567410	-3.137094
-10.116340	4.124778	-2.834836
-10.696564	3.340670	-2.441105
-4.219116	2.402076	2.448455
-5.160774	2.671678	2.657186
-5.893761	3.267722	2.664507
-6.416487	4.090233	2.295377
-7.264264	4.565802	2.383327
-8.230151	4.708949	2.812831
-9.197875	4.580107	3.134195
-10.074796	4.156053	-2.850383
-10.672626	3.393983	-2.464243
-4.213014	2.399836	2.446187
-5.148261	2.668155	2.655752
-5.884910	3.250346	2.671001
-6.398900	4.071085	2.298866
-7.233462	4.555436	2.372571
-8.191163	4.708010	2.800138
-9.154182	4.592803	3.122140
-10.033251	4.187328	-2.866120
-10.648197	3.447138	-2.487403
-4.206912	2.397595	2.443889
-5.135747	2.664631	2.654299
-5.876058	3.232971	2.677560
-6.381313	4.051937	2.302412
-7.202660	4.545071	2.361690
-8.152175	4.707070	2.787255
-9.110489	4.605500	3.109929
-9.991707	4.218603	-2.882043
-10.623768	3.500293	-2.510794
-4.200811	2.395354	2.441561
-5.123234	2.661108	2.652826
-5.867207	3.215595	2.684185
-6.363725	4.032789	2.306014
-7.171858	4.534706	2.350684
-8.113187	4.706130	2.774184
-9.066602	4.617414	3.097969
-9.948422	4.247283	-2.896594
-10.599339	3.553448	-2.534796
-4.194792	2.392927	2.439412
-5.110721	2.657585	2.651334
-5.858355	3.198220	2.690764
-6.346138	4.013641	2.309676
-7.141056	4.524340	2.339553
-8.074199	4.705191	2.760924
-9.022067	4.626737	3.087209
-9.903724	4.273855	-2.910057
-10.570457	3.604116	-2.557912
-4.189042	2.389896	2.437913
-5.098207	2.654062	2.649820
-5.849504	3.180844	2.697050
-6.328550	3.994493	2.313398
-7.110290	4.513879	2.328348
-8.035211	4.704251	2.747476
-8.977532	4.636059	3.076252
-9.859025	4.300426	-2.923690
-10.538000	3.652786	-2.579324
-4.365143	2.455702	2.564972
-5.250531	2.702469	2.718301
-5.909343	3.298308	2.642089
-6.398702	4.070870	2.268905
-7.181895	4.538083	2.369240
-8.082668	4.705395	2.781241
-8.996475	4.632093	3.089831
-9.851491	4.304905	-2.918931
-10.517538	3.683470	-2.583959
