0.000000
0.149183
0.037308
0.040298
0.042999
0.055079
0.042917
0.040776
0.044972
0.052940
0.045197
0.048510
0.043830
0.060548
0.047437
0.046006
0.045229
0.050142
0.050780
0.077002
0.061877
0.051380
0.060607
0.045316
0.046578
0.053216
0.051971
0.051168
0.050982
0.064514
0.052729
0.054594
0.050076
0.054472
0.073379
0.051250
0.051882
0.055366
0.064719
0.062207
0.052637
0.051901
0.051068
0.050283
0.060804
0.053167
0.051297
0.050431
0.051997
0.064723
0.051198
0.064700
0.053255
0.052207
0.064009
0.057039
0.060228
0.054718
0.062806
0.076736
0.055295
0.066918
0.065805
0.060634
0.057982
0.060250
0.051872
0.055323
0.054615
0.058939
0.053152
0.076753
0.056195
0.054130
0.050688
0.057132
0.055268
0.059132
0.048836
0.053692
0.060415
0.073544
0.071590
0.068443
0.062963
0.063670
0.074597
0.060487
0.056997
0.071774
0.051994
0.073952
0.081317
0.063083
0.068240
0.068869
0.083902
0.065889
0.063006
0.060872
0.079647
0.064508
0.057923
0.060034
0.053753
0.051923
0.050892
0.000119
