0.000000	0.000000	0.000000	0.000000	0.000000
0.001059	0.001059	0.000000	0.000000	0.000063
0.005902	0.005902	0.000000	0.000000	0.000637
0.020651	0.020651	0.000000	0.000000	0.002306
0.045286	0.045285	0.000000	0.000000	0.005329
0.078103	0.078102	0.000000	0.000000	0.009979
0.107412	0.107410	0.000000	0.000000	0.016251
0.145361	0.145353	0.000000	0.000000	0.024909
0.190917	0.190888	0.000000	0.000000	0.036840
0.237093	0.237012	0.000000	0.000000	0.043164
0.277861	0.277728	0.000000	0.000000	0.051713
0.307782	0.307616	0.000000	0.000000	0.057387
0.322245	0.322053	0.000000	0.000000	0.059309
0.336377	0.336183	0.000000	0.000000	0.065749
0.360212	0.360001	0.000000	0.000000	0.072753
0.361363	0.361104	0.000000	0.000000	0.078107
0.361393	0.361133	0.000000	0.000000	0.079586
0.363967	0.363663	0.000000	0.000000	0.080065
0.367137	0.366848	0.000000	0.000000	0.080687
0.370960	0.370663	0.000000	0.000000	0.086376
0.404046	0.403648	0.000000	0.000000	0.089876
0.408655	0.408218	0.000000	0.000000	0.091498
0.413792	0.413328	0.000000	0.000000	0.093612
0.421760	0.421257	0.000000	0.000000	0.090680
0.426336	0.425855	0.000000	0.000000	0.084746
0.428667	0.428245	0.000000	0.000000	0.079667
0.429239	0.428864	0.000000	0.000000	0.075354
0.431201	0.430864	0.000000	0.000000	0.071601
0.434129	0.433821	0.000000	0.000000	0.067631
0.458876	0.458574	0.000000	0.000000	0.066025
0.458884	0.458583	0.000000	0.000000	0.061745
0.458894	0.458601	0.000000	0.000000	0.056409
0.458899	0.458612	0.000000	0.000000	0.051375
0.460932	0.460756	0.000000	0.000000	0.046308
0.461470	0.461326	0.000000	0.000000	0.039947
0.461509	0.461381	0.000000	0.000000	0.059935
0.477746	0.477489	0.000000	0.000000	0.069698
0.477748	0.477490	0.000000	0.000000	0.072031
0.477748	0.477490	0.000000	0.000000	0.075066
0.477749	0.477491	0.000000	0.000000	0.077132
0.477747	0.477477	0.000000	0.000000	0.077944
0.477747	0.477477	0.000000	0.000000	0.105539
0.478686	0.477902	0.000000	0.000000	0.137611
0.479267	0.477959	0.000000	0.000000	0.155716
0.479267	0.477957	0.000000	0.000000	0.169348
0.479206	0.476668	0.000000	0.000000	0.181884
0.472704	0.469846	0.000000	0.000000	0.191889
0.472704	0.469846	0.000000	0.000000	0.209605
0.477823	0.474695	0.000000	0.000000	0.251667
0.482165	0.477602	0.000000	0.000000	0.288804
0.483443	0.477645	0.000000	0.000000	0.308552
0.483449	0.477645	0.000000	0.000000	0.326834
0.483450	0.477644	0.000000	0.000000	0.346264
0.483566	0.477644	0.000000	0.000000	0.360145
0.484012	0.477644	0.000000	0.000000	0.384964
0.500000	0.491588	0.000000	0.000000	0.406800
0.500000	0.491590	0.000000	0.000000	0.452642
0.500000	0.496008	0.000000	0.000000	0.489416
0.500000	0.496062	0.000000	0.000000	0.505379
0.500000	0.496062	0.000000	0.000000	0.522749
0.500000	0.492669	0.000000	0.000000	0.537002
0.500000	0.492669	0.000000	0.000000	0.567383
0.500000	0.500000	0.000000	0.000000	0.575859
0.500000	0.499999	0.000000	0.000000	0.581833
0.500000	0.499999	0.000000	0.000000	0.602648
0.500000	0.500000	0.000000	0.000000	0.620809
0.500000	0.500000	0.000000	0.000000	0.624951
0.500000	0.500000	0.000000	0.000000	0.630355
0.500000	0.500000	0.000000	0.000000	0.630678
0.500000	0.500000	0.000000	0.000000	0.624256
0.500000	0.500000	0.000000	0.000000	0.630265
0.500000	0.500000	0.000000	0.000000	0.615419
0.500000	0.500000	0.000000	0.000000	0.601759
0.500000	0.500000	0.000000	0.000000	0.608794
0.500000	0.500000	0.000000	0.000000	0.605751
0.500000	0.500000	0.000000	0.000000	0.600612
0.500000	0.500000	0.000000	0.000000	0.582391
0.500000	0.500000	0.000000	0.000000	0.567280
0.500000	0.500000	0.000000	0.000000	0.551308
0.500000	0.500000	0.000000	0.000000	0.545851
0.500000	0.500000	0.000000	0.000000	0.522304
0.500000	0.500000	0.000000	0.000000	0.494355
0.500000	0.500000	0.000000	0.000000	0.469850
0.500000	0.500000	0.000000	0.000000	0.464150
0.500000	0.500000	0.000000	0.000000	0.440733
0.500000	0.500000	0.000000	0.000000	0.423904
0.500000	0.500000	0.000000	0.000000	0.394503
0.500000	0.500000	0.000000	0.000000	0.364050
0.500000	0.500000	0.000000	0.000000	0.336871
0.500000	0.500000	0.000000	0.000000	0.298775
0.500000	0.500000	0.000000	0.000000	0.261869
0.500000	0.500000	0.000000	0.000000	0.226814
0.500000	0.500000	0.000000	0.000000	0.197355
0.500000	0.500000	0.000000	0.000000	0.188740
0.500000	0.499999	0.000000	0.000000	0.175058
0.499999	0.499490	0.000000	0.000000	0.164545
0.494671	0.492849	0.000000	0.000000	0.147395
0.494671	0.492850	0.000000	0.000000	0.145740
0.500000	0.500000	0.000000	0.000000	0.129200
0.499999	0.499998	0.000000	0.000000	0.117133
0.499998	0.499966	0.000000	0.000000	0.105395
0.494430	0.493732	0.000000	0.000000	0.090950
0.488150	0.487642	0.000000	0.000000	0.078258
0.484524	0.483898	0.000000	0.000000	0.087299
0.478825	0.478085	0.000000	0.000000	0.095688
0.473132	0.472260	0.000000	0.000000	0.104872
0.471394	0.470432	0.000000	0.000000	0.110516
0.471394	0.470432	0.000000	0.000000	0.130649
0.490039	0.488747	0.000000	0.000000	0.134692
0.490083	0.488766	0.000000	0.000000	0.138451
0.490097	0.488777	0.000000	0.000000	0.142732
0.490099	0.488778	0.000000	0.000000	0.145990
0.488473	0.486667	0.000000	0.000000	0.148255
0.487224	0.484959	0.000000	0.000000	0.166595
0.481612	0.478896	0.000000	0.000000	0.184004
0.481609	0.478786	0.000000	0.000000	0.200664
0.466941	0.463746	0.000000	0.000000	0.204668
0.466941	0.463746	0.000000	0.000000	0.232111
0.485919	0.481969	0.000000	0.000000	0.240132
0.485920	0.481970	0.000000	0.000000	0.246436
0.485923	0.481959	0.000000	0.000000	0.251359
0.485923	0.481958	0.000000	0.000000	0.257525
0.485922	0.481120	0.000000	0.000000	0.261270
0.485922	0.481110	0.000000	0.000000	0.275075
0.477863	0.471710	0.000000	0.000000	0.280925
0.476296	0.469755	0.000000	0.000000	0.290585
0.473621	0.466957	0.000000	0.000000	0.294659
0.473621	0.466957	0.000000	0.000000	0.311975
0.490446	0.483310	0.000000	0.000000	0.314609
0.490450	0.483314	0.000000	0.000000	0.312776
0.489790	0.482061	0.000000	0.000000	0.310112
0.479762	0.472714	0.000000	0.000000	0.300553
0.472395	0.465891	0.000000	0.000000	0.292007
0.470806	0.464565	0.000000	0.000000	0.286658
0.465496	0.459790	0.000000	0.000000	0.276370
0.462759	0.457473	0.000000	0.000000	0.267079
0.462759	0.457474	0.000000	0.000000	0.266424
0.478035	0.473030	0.000000	0.000000	0.258540
0.478036	0.473083	0.000000	0.000000	0.245469
0.478031	0.473083	0.000000	0.000000	0.232604
0.477933	0.473083	0.000000	0.000000	0.219049
0.474517	0.471373	0.000000	0.000000	0.201499
0.473405	0.470895	0.000000	0.000000	0.179862
0.463971	0.462229	0.000000	0.000000	0.152457
0.461513	0.460227	0.000000	0.000000	0.131486
0.456295	0.455453	0.000000	0.000000	0.107305
0.456295	0.455454	0.000000	0.000000	0.085063
0.470702	0.470201	0.000000	0.000000	0.065374
0.470703	0.470203	0.000000	0.000000	0.046614
0.470704	0.470208	0.000000	0.000000	0.026153
0.470703	0.470209	0.000000	0.000000	0.011540
0.470459	0.470206	0.000000	0.000000	-0.005203
0.465376	0.465319	0.000000	0.000000	-0.027243
0.460944	0.460752	0.000000	0.000000	-0.050547
0.456330	0.455936	0.000000	0.000000	-0.072968
0.456327	0.455907	0.000000	0.000000	-0.091699
0.456327	0.455907	0.000000	0.000000	-0.116223
0.480144	0.479169	0.000000	0.000000	-0.131268
0.480209	0.479173	0.000000	0.000000	-0.146361
0.480212	0.479174	0.000000	0.000000	-0.158782
0.480312	0.479175	0.000000	0.000000	-0.169160
0.480314	0.479176	0.000000	0.000000	-0.177770
0.480316	0.479176	0.000000	0.000000	-0.193257
0.480325	0.479176	0.000000	0.000000	-0.213557
0.480332	0.479176	0.000000	0.000000	-0.230530
0.474782	0.470257	0.000000	0.000000	-0.241856
0.474782	0.470257	0.000000	0.000000	-0.261204
0.492529	0.487473	0.000000	0.000000	-0.271455
0.494044	0.488579	0.000000	0.000000	-0.277446
0.494049	0.488580	0.000000	0.000000	-0.280321
0.494048	0.488284	0.000000	0.000000	-0.282336
0.485077	0.478928	0.000000	0.000000	-0.278343
0.477540	0.471801	0.000000	0.000000	-0.272026
0.465779	0.460701	0.000000	0.000000	-0.260646
0.463457	0.458634	0.000000	0.000000	-0.254897
0.463456	0.458628	0.000000	0.000000	-0.259806
0.463453	0.458609	0.000000	0.000000	-0.261782
0.463453	0.458609	0.000000	0.000000	-0.282036
0.494478	0.488557	0.000000	0.000000	-0.281004
0.494478	0.488556	0.000000	0.000000	-0.275617
0.482801	0.477233	0.000000	0.000000	-0.265582
0.466536	0.461971	0.000000	0.000000	-0.246536
0.459797	0.455757	0.000000	0.000000	-0.234399
0.455940	0.452365	0.000000	0.000000	-0.221823
0.454381	0.451144	0.000000	0.000000	-0.211526
0.451749	0.448742	0.000000	0.000000	-0.204715
0.444516	0.441718	0.000000	0.000000	-0.199888
0.441517	0.438848	0.000000	0.000000	-0.196191
0.441517	0.438848	0.000000	0.000000	-0.203837
0.463822	0.461013	0.000000	0.000000	-0.195894
0.463821	0.461014	0.000000	0.000000	-0.187983
0.463821	0.461014	0.000000	0.000000	-0.179990
0.463820	0.461014	0.000000	0.000000	-0.171311
0.463120	0.460999	0.000000	0.000000	-0.160617
0.461993	0.460304	0.000000	0.000000	-0.150256
0.461015	0.459522	0.000000	0.000000	-0.141538
0.458359	0.456996	0.000000	0.000000	-0.135801
0.457558	0.456130	0.000000	0.000000	-0.139177
0.456159	0.454692	0.000000	0.000000	-0.141258
0.456158	0.454693	0.000000	0.000000	-0.145710
0.456159	0.454697	0.000000	0.000000	-0.154996
0.484429	0.482672	0.000000	0.000000	-0.150723
0.484429	0.482672	0.000000	0.000000	-0.145940
0.484425	0.482672	0.000000	0.000000	-0.139196
0.478004	0.476652	0.000000	0.000000	-0.130854
0.466436	0.465359	0.000000	0.000000	-0.118935
0.453105	0.452213	0.000000	0.000000	-0.110639
0.445241	0.444357	0.000000	0.000000	-0.111589
0.442474	0.441554	0.000000	0.000000	-0.114388
0.441071	0.440129	0.000000	0.000000	-0.116037
0.441072	0.440129	0.000000	0.000000	-0.121357
0.455699	0.454723	0.000000	0.000000	-0.120615
0.457792	0.456823	0.000000	0.000000	-0.117090
0.457792	0.456824	0.000000	0.000000	-0.113257
0.455419	0.454569	0.000000	0.000000	-0.107460
0.445824	0.445104	0.000000	0.000000	-0.100624
0.445814	0.445097	0.000000	0.000000	-0.099006
0.441343	0.440509	0.000000	0.000000	-0.109068
0.441343	0.440502	0.000000	0.000000	-0.119338
0.441343	0.440502	0.000000	0.000000	-0.129693
0.441352	0.440504	0.000000	0.000000	-0.147548
0.474254	0.472710	0.000000	0.000000	-0.151556
0.474256	0.472712	0.000000	0.000000	-0.153463
0.474258	0.472715	0.000000	0.000000	-0.155579
0.474260	0.472718	0.000000	0.000000	-0.155779
0.474261	0.472698	0.000000	0.000000	-0.155292
0.474261	0.472666	0.000000	0.000000	-0.162251
0.473965	0.471604	0.000000	0.000000	-0.175196
0.473425	0.470679	0.000000	0.000000	-0.188216
0.465957	0.463037	0.000000	0.000000	-0.196257
0.465957	0.463037	0.000000	0.000000	-0.215222
0.487819	0.484407	0.000000	0.000000	-0.222277
0.487820	0.484410	0.000000	0.000000	-0.226202
0.487820	0.484397	0.000000	0.000000	-0.228788
0.487819	0.484348	0.000000	0.000000	-0.230801
0.487819	0.484335	0.000000	0.000000	-0.248585
0.487822	0.484022	0.000000	0.000000	-0.264841
0.487175	0.480989	0.000000	0.000000	-0.277557
0.474055	0.468170	0.000000	0.000000	-0.276371
0.468199	0.462371	0.000000	0.000000	-0.277748
0.468199	0.462371	0.000000	0.000000	-0.290931
0.480525	0.474510	0.000000	0.000000	-0.291128
0.480525	0.474516	0.000000	0.000000	-0.290543
0.480524	0.474516	0.000000	0.000000	-0.297672
0.480524	0.474515	0.000000	0.000000	-0.305388
0.480524	0.474396	0.000000	0.000000	-0.309434
0.475192	0.468015	0.000000	0.000000	-0.305497
0.465780	0.459162	0.000000	0.000000	-0.297768
0.465780	0.459162	0.000000	0.000000	-0.305644
0.480483	0.473864	0.000000	0.000000	-0.299791
0.480482	0.473865	0.000000	0.000000	-0.293473
0.480448	0.473585	0.000000	0.000000	-0.297799
0.477213	0.470181	0.000000	0.000000	-0.301323
0.471564	0.464691	0.000000	0.000000	-0.300534
0.463700	0.457385	0.000000	0.000000	-0.291680
0.458846	0.452941	0.000000	0.000000	-0.284261
0.458846	0.452941	0.000000	0.000000	-0.288798
0.471239	0.465504	0.000000	0.000000	-0.282563
0.471238	0.465510	0.000000	0.000000	-0.275730
0.471238	0.465510	0.000000	0.000000	-0.286543
0.471239	0.465511	0.000000	0.000000	-0.294317
0.471239	0.465513	0.000000	0.000000	-0.298161
0.469928	0.463404	0.000000	0.000000	-0.293446
0.462902	0.456820	0.000000	0.000000	-0.286493
0.462901	0.456821	0.000000	0.000000	-0.292700
0.475064	0.469096	0.000000	0.000000	-0.286792
0.475063	0.469097	0.000000	0.000000	-0.280755
0.475062	0.469097	0.000000	0.000000	-0.293404
0.475062	0.469098	0.000000	0.000000	-0.307518
0.474383	0.466887	0.000000	0.000000	-0.312774
0.463330	0.456381	0.000000	0.000000	-0.306303
0.455121	0.448611	0.000000	0.000000	-0.300559
0.455121	0.448611	0.000000	0.000000	-0.307776
0.464022	0.457687	0.000000	0.000000	-0.304622
0.464021	0.457648	0.000000	0.000000	-0.299319
0.464020	0.457647	0.000000	0.000000	-0.316902
0.464020	0.457647	0.000000	0.000000	-0.331120
0.464023	0.457645	0.000000	0.000000	-0.338055
0.464024	0.456716	0.000000	0.000000	-0.340516
0.464024	0.456716	0.000000	0.000000	-0.357704
0.480108	0.471118	0.000000	0.000000	-0.359147
0.480109	0.471124	0.000000	0.000000	-0.357134
0.480108	0.471115	0.000000	0.000000	-0.352259
0.480108	0.471114	0.000000	0.000000	-0.372964
0.480108	0.470530	0.000000	0.000000	-0.389560
0.480096	0.468064	0.000000	0.000000	-0.401821
0.476040	0.463703	0.000000	0.000000	-0.403109
0.476040	0.463703	0.000000	0.000000	-0.418770
0.483664	0.471337	0.000000	0.000000	-0.419827
0.483664	0.471335	0.000000	0.000000	-0.417251
0.483553	0.470274	0.000000	0.000000	-0.415173
0.481243	0.467410	0.000000	0.000000	-0.424577
0.471611	0.458193	0.000000	0.000000	-0.424549
0.458001	0.445729	0.000000	0.000000	-0.414900
0.448041	0.436750	0.000000	0.000000	-0.404540
0.448041	0.436750	0.000000	0.000000	-0.410517
0.455660	0.444930	0.000000	0.000000	-0.405122
0.455659	0.444930	0.000000	0.000000	-0.399393
0.455657	0.444914	0.000000	0.000000	-0.395371
0.455657	0.444913	0.000000	0.000000	-0.410498
0.455657	0.444913	0.000000	0.000000	-0.421386
0.455641	0.443229	0.000000	0.000000	-0.421998
0.448788	0.437004	0.000000	0.000000	-0.413115
0.448788	0.437004	0.000000	0.000000	-0.425311
0.463376	0.451545	0.000000	0.000000	-0.418439
0.463376	0.451490	0.000000	0.000000	-0.412076
0.463375	0.451353	0.000000	0.000000	-0.419175
0.461004	0.448352	0.000000	0.000000	-0.419492
0.459117	0.446726	0.000000	0.000000	-0.416365
0.454938	0.443202	0.000000	0.000000	-0.407816
0.454938	0.443202	0.000000	0.000000	-0.409047
0.462132	0.451228	0.000000	0.000000	-0.399539
0.462131	0.451229	0.000000	0.000000	-0.406584
0.462131	0.451233	0.000000	0.000000	-0.422455
0.463346	0.451694	0.000000	0.000000	-0.425785
0.463347	0.451696	0.000000	0.000000	-0.423369
0.463347	0.451697	0.000000	0.000000	-0.418785
0.463347	0.451698	0.000000	0.000000	-0.421944
0.473133	0.461088	0.000000	0.000000	-0.426552
0.473134	0.461089	0.000000	0.000000	-0.438119
0.473137	0.461089	0.000000	0.000000	-0.439363
0.473142	0.460405	0.000000	0.000000	-0.434575
0.466692	0.453577	0.000000	0.000000	-0.423144
0.455014	0.443363	0.000000	0.000000	-0.406098
0.455015	0.443363	0.000000	0.000000	-0.422534
0.464165	0.452455	0.000000	0.000000	-0.435725
0.465449	0.452990	0.000000	0.000000	-0.438055
0.465452	0.453000	0.000000	0.000000	-0.437125
0.465453	0.453000	0.000000	0.000000	-0.433297
0.465452	0.452987	0.000000	0.000000	-0.427962
0.465453	0.452987	0.000000	0.000000	-0.429999
0.471356	0.458950	0.000000	0.000000	-0.440273
0.471713	0.458961	0.000000	0.000000	-0.450669
0.472369	0.458975	0.000000	0.000000	-0.452495
0.472370	0.458976	0.000000	0.000000	-0.450522
0.470648	0.456131	0.000000	0.000000	-0.443446
0.470648	0.456131	0.000000	0.000000	-0.444610
0.473951	0.460613	0.000000	0.000000	-0.435622
0.473951	0.460613	0.000000	0.000000	-0.436490
0.473951	0.460613	0.000000	0.000000	-0.436650
0.472531	0.458741	0.000000	0.000000	-0.430348
0.464675	0.452027	0.000000	0.000000	-0.416944
0.458908	0.447230	0.000000	0.000000	-0.404041
0.458908	0.447230	0.000000	0.000000	-0.405329
0.469972	0.458956	0.000000	0.000000	-0.393343
0.469971	0.458955	0.000000	0.000000	-0.385774
0.469970	0.458955	0.000000	0.000000	-0.386854
0.469968	0.458955	0.000000	0.000000	-0.383999
0.466176	0.455960	0.000000	0.000000	-0.372229
0.455428	0.446510	0.000000	0.000000	-0.353577
0.455429	0.446510	0.000000	0.000000	-0.351150
0.465275	0.457069	0.000000	0.000000	-0.341725
0.465274	0.457151	0.000000	0.000000	-0.327011
0.465273	0.457151	0.000000	0.000000	-0.316010
0.465271	0.457152	0.000000	0.000000	-0.306445
0.461987	0.455721	0.000000	0.000000	-0.291813
0.455132	0.449736	0.000000	0.000000	-0.273618
0.448070	0.443501	0.000000	0.000000	-0.254608
0.448070	0.443501	0.000000	0.000000	-0.243870
0.457871	0.453964	0.000000	0.000000	-0.227709
0.457871	0.453971	0.000000	0.000000	-0.212661
0.457871	0.453984	0.000000	0.000000	-0.202874
0.457871	0.453995	0.000000	0.000000	-0.190907
0.457869	0.453999	0.000000	0.000000	-0.175905
0.457044	0.454000	0.000000	0.000000	-0.161508
0.446216	0.444792	0.000000	0.000000	-0.141858
0.446216	0.444793	0.000000	0.000000	-0.128938
0.456200	0.455105	0.000000	0.000000	-0.114339
0.456201	0.455108	0.000000	0.000000	-0.099362
0.456202	0.455109	0.000000	0.000000	-0.089343
0.456201	0.455126	0.000000	0.000000	-0.076074
0.456141	0.455125	0.000000	0.000000	-0.064061
0.453722	0.453526	0.000000	0.000000	-0.051484
0.447212	0.447097	0.000000	0.000000	-0.040190
0.447212	0.447097	0.000000	0.000000	-0.031214
0.459904	0.459838	0.000000	0.000000	-0.019400
0.459904	0.459839	0.000000	0.000000	-0.007412
0.459904	0.459839	0.000000	0.000000	-0.000634
0.459899	0.459838	0.000000	0.000000	0.003339
0.458569	0.458561	0.000000	0.000000	0.010662
0.454322	0.454302	0.000000	0.000000	0.016385
0.450512	0.450481	0.000000	0.000000	0.020944
0.450512	0.450481	0.000000	0.000000	0.025121
0.464640	0.464597	0.000000	0.000000	0.028606
0.465020	0.464966	0.000000	0.000000	0.030613
0.465026	0.464971	0.000000	0.000000	0.032062
0.465027	0.464972	0.000000	0.000000	0.032852
0.465027	0.464972	0.000000	0.000000	0.034383
0.465026	0.464972	0.000000	0.000000	0.036143
0.462959	0.462845	0.000000	0.000000	0.039027
0.462959	0.462845	0.000000	0.000000	0.041232
0.474210	0.474091	0.000000	0.000000	0.041716
0.474211	0.474092	0.000000	0.000000	0.039843
0.474200	0.474081	0.000000	0.000000	0.039271
0.474192	0.474073	0.000000	0.000000	0.038918
0.472161	0.472028	0.000000	0.000000	0.041568
0.470759	0.470635	0.000000	0.000000	0.039998
0.463563	0.463461	0.000000	0.000000	0.036887
0.457047	0.456964	0.000000	0.000000	0.033664
0.457047	0.456964	0.000000	0.000000	0.027437
0.470739	0.470686	0.000000	0.000000	0.021878
0.470741	0.470689	0.000000	0.000000	0.017814
0.470746	0.470695	0.000000	0.000000	0.014632
0.470746	0.470695	0.000000	0.000000	0.021746
0.470084	0.470039	0.000000	0.000000	0.024063
0.462942	0.462892	0.000000	0.000000	0.025585
0.460115	0.460066	0.000000	0.000000	0.025597
0.456560	0.456515	0.000000	0.000000	0.024737
0.456561	0.456515	0.000000	0.000000	0.025095
0.470957	0.470912	0.000000	0.000000	0.023356
0.470960	0.470916	0.000000	0.000000	0.023503
0.470962	0.470918	0.000000	0.000000	0.028514
0.470962	0.470918	0.000000	0.000000	0.043336
0.470961	0.470915	0.000000	0.000000	0.051019
0.470109	0.469879	0.000000	0.000000	0.054438
0.465704	0.465462	0.000000	0.000000	0.056222
0.465704	0.465463	0.000000	0.000000	0.064111
0.476395	0.476100	0.000000	0.000000	0.067465
0.476406	0.476110	0.000000	0.000000	0.066735
0.476405	0.476109	0.000000	0.000000	0.068199
0.473458	0.473024	0.000000	0.000000	0.074443
0.469340	0.468860	0.000000	0.000000	0.078760
0.462871	0.462357	0.000000	0.000000	0.082446
0.458362	0.457814	0.000000	0.000000	0.085814
0.454822	0.454296	0.000000	0.000000	0.084619
0.454822	0.454296	0.000000	0.000000	0.090646
0.469952	0.469378	0.000000	0.000000	0.092174
0.469955	0.469382	0.000000	0.000000	0.089309
0.469954	0.469383	0.000000	0.000000	0.090443
0.469592	0.468902	0.000000	0.000000	0.095067
0.467523	0.466732	0.000000	0.000000	0.101523
0.459492	0.458718	0.000000	0.000000	0.101802
0.455164	0.454418	0.000000	0.000000	0.100687
0.455164	0.454418	0.000000	0.000000	0.105678
0.468222	0.467448	0.000000	0.000000	0.104080
0.468223	0.467449	0.000000	0.000000	0.101836
0.468223	0.467451	0.000000	0.000000	0.104169
0.468223	0.467452	0.000000	0.000000	0.109660
0.468112	0.467187	0.000000	0.000000	0.112231
0.452172	0.451351	0.000000	0.000000	0.106153
0.447598	0.446818	0.000000	0.000000	0.104404
0.447599	0.446818	0.000000	0.000000	0.109540
0.462734	0.461918	0.000000	0.000000	0.108326
0.462737	0.461925	0.000000	0.000000	0.108012
0.462744	0.461937	0.000000	0.000000	0.120212
0.460078	0.458854	0.000000	0.000000	0.127979
0.457690	0.456366	0.000000	0.000000	0.133641
0.450696	0.449369	0.000000	0.000000	0.135437
0.440626	0.439367	0.000000	0.000000	0.134284
0.440625	0.439367	0.000000	0.000000	0.141811
0.448798	0.447503	0.000000	0.000000	0.143006
0.448801	0.447507	0.000000	0.000000	0.157316
0.448802	0.447508	0.000000	0.000000	0.170225
0.448802	0.447508	0.000000	0.000000	0.178109
0.448803	0.447507	0.000000	0.000000	0.182600
0.448804	0.446763	0.000000	0.000000	0.186194
0.448804	0.446763	0.000000	0.000000	0.199074
0.463790	0.461105	0.000000	0.000000	0.202019
0.463809	0.461126	0.000000	0.000000	0.216248
0.463825	0.461132	0.000000	0.000000	0.230401
0.464420	0.461159	0.000000	0.000000	0.238040
0.466250	0.462397	0.000000	0.000000	0.241765
0.466250	0.462397	0.000000	0.000000	0.244365
0.461390	0.457028	0.000000	0.000000	0.242573
0.461390	0.457028	0.000000	0.000000	0.250007
0.471042	0.466723	0.000000	0.000000	0.257166
0.471044	0.466724	0.000000	0.000000	0.265036
0.471044	0.466724	0.000000	0.000000	0.269394
0.469013	0.463603	0.000000	0.000000	0.267213
0.461944	0.456821	0.000000	0.000000	0.263035
0.461944	0.456821	0.000000	0.000000	0.267891
0.468779	0.463878	0.000000	0.000000	0.265432
0.468778	0.463879	0.000000	0.000000	0.274553
0.468777	0.463790	0.000000	0.000000	0.280796
0.468387	0.462460	0.000000	0.000000	0.280322
0.465782	0.459949	0.000000	0.000000	0.279193
0.463558	0.457931	0.000000	0.000000	0.275210
0.463558	0.457931	0.000000	0.000000	0.272712
0.463815	0.458822	0.000000	0.000000	0.273797
0.463814	0.458823	0.000000	0.000000	0.279920
0.463812	0.458392	0.000000	0.000000	0.281346
0.463812	0.458370	0.000000	0.000000	0.280439
0.463810	0.458323	0.000000	0.000000	0.278367
0.459449	0.454068	0.000000	0.000000	0.270948
0.459449	0.454068	0.000000	0.000000	0.281832
0.468896	0.463476	0.000000	0.000000	0.291192
0.468902	0.463478	0.000000	0.000000	0.295388
0.468904	0.463478	0.000000	0.000000	0.293813
0.468903	0.462888	0.000000	0.000000	0.291073
0.465624	0.459543	0.000000	0.000000	0.285253
0.465624	0.459543	0.000000	0.000000	0.284157
0.467284	0.461813	0.000000	0.000000	0.295203
0.467283	0.461337	0.000000	0.000000	0.303141
0.461308	0.454649	0.000000	0.000000	0.300780
0.457132	0.450750	0.000000	0.000000	0.296532
0.454118	0.448023	0.000000	0.000000	0.291210
0.454118	0.448023	0.000000	0.000000	0.291497
0.457222	0.451673	0.000000	0.000000	0.293403
0.457222	0.451674	0.000000	0.000000	0.299614
0.457223	0.451675	0.000000	0.000000	0.300535
0.454463	0.448227	0.000000	0.000000	0.294497
0.450031	0.444175	0.000000	0.000000	0.287466
0.450031	0.444175	0.000000	0.000000	0.290871
0.458699	0.453143	0.000000	0.000000	0.284585
0.458699	0.453143	0.000000	0.000000	0.285356
0.458699	0.453123	0.000000	0.000000	0.283623
0.452530	0.447136	0.000000	0.000000	0.274544
0.443125	0.438342	0.000000	0.000000	0.262690
0.440230	0.435774	0.000000	0.000000	0.254753
0.440230	0.435774	0.000000	0.000000	0.250591
0.442875	0.438978	0.000000	0.000000	0.243663
0.442099	0.438310	0.000000	0.000000	0.233873
0.425132	0.422133	0.000000	0.000000	0.214499
0.411241	0.408828	0.000000	0.000000	0.197564
0.377915	0.376437	0.000000	0.000000	0.165804
0.367176	0.366005	0.000000	0.000000	0.148660
0.333040	0.332146	0.000000	0.000000	0.121743
0.292459	0.291827	0.000000	0.000000	0.095550
0.246740	0.246331	0.000000	0.000000	0.073095
0.192862	0.192699	0.000000	0.000000	0.051964
0.184896	0.184772	0.000000	0.000000	0.046298
0.145615	0.145563	0.000000	0.000000	0.033616
0.118654	0.118629	0.000000	0.000000	0.025806
0.098072	0.098059	0.000000	0.000000	0.020240
0.079439	0.079433	0.000000	0.000000	0.015632
0.063608	0.063605	0.000000	0.000000	0.011975
0.048142	0.048141	0.000000	0.000000	0.008604
0.036826	0.036825	0.000000	0.000000	0.006428
0.028282	0.028282	0.000000	0.000000	0.004799
0.024136	0.024136	0.000000	0.000000	0.003938
0.023126	0.023126	0.000000	0.000000	0.003754
0.023224	0.023224	0.000000	0.000000	0.003767
0.021953	0.021953	0.000000	0.000000	0.003532
0.018658	0.018658	0.000000	0.000000	0.002900
0.012514	0.012514	0.000000	0.000000	0.001772
0.007707	0.007707	0.000000	0.000000	0.001050
0.007420	0.007420	0.000000	0.000000	0.001021
0.008829	0.008829	0.000000	0.000000	0.001220
0.008765	0.008765	0.000000	0.000000	0.001198
0.007499	0.007499	0.000000	0.000000	0.000998
0.004711	0.004711	0.000000	0.000000	0.000604
0.000255	0.000255	0.000000	0.000000	0.000032
-0.002478	-0.002478	0.000000	0.000000	-0.000312
-0.002749	-0.002749	0.000000	0.000000	-0.000349
-0.001574	-0.001574	0.000000	0.000000	-0.000196
0.000555	0.000555	0.000000	0.000000	0.000066
0.000259	0.000259	0.000000	0.000000	0.000032
-0.000004	-0.000004	0.000000	0.000000	-0.000000
-0.002252	-0.002252	0.000000	0.000000	-0.000255
-0.006492	-0.006492	0.000000	0.000000	-0.000721
-0.009120	-0.009120	0.000000	0.000000	-0.001013
-0.007351	-0.007351	0.000000	0.000000	-0.000806
-0.004172	-0.004172	0.000000	0.000000	-0.000455
-0.002379	-0.002379	0.000000	0.000000	-0.000255
-0.002713	-0.002713	0.000000	0.000000	-0.000284
-0.003759	-0.003759	0.000000	0.000000	-0.000390
-0.003531	-0.003531	0.000000	0.000000	-0.000364
-0.002117	-0.002117	0.000000	0.000000	-0.000216
0.000293	0.000293	0.000000	0.000000	0.000030
0.001622	0.001622	0.000000	0.000000	0.000162
0.002628	0.002628	0.000000	0.000000	0.000259
0.003751	0.003751	0.000000	0.000000	0.000365
0.004082	0.004082	0.000000	0.000000	0.000397
0.002886	0.002886	0.000000	0.000000	0.000282
0.003431	0.003431	0.000000	0.000000	0.000335
0.004018	0.004018	0.000000	0.000000	0.000388
0.003371	0.003371	0.000000	0.000000	0.000328
0.003435	0.003435	0.000000	0.000000	0.000331
0.001944	0.001944	0.000000	0.000000	0.000185
-0.000186	-0.000186	0.000000	0.000000	-0.000018
-0.001112	-0.001112	0.000000	0.000000	-0.000103
-0.001022	-0.001022	0.000000	0.000000	-0.000094
-0.001132	-0.001132	0.000000	0.000000	-0.000104
-0.001025	-0.001025	0.000000	0.000000	-0.000094
-0.000790	-0.000790	0.000000	0.000000	-0.000072
-0.000625	-0.000625	0.000000	0.000000	-0.000057
-0.000933	-0.000933	0.000000	0.000000	-0.000086
-0.001150	-0.001150	0.000000	0.000000	-0.000105
-0.001262	-0.001262	0.000000	0.000000	-0.000116
-0.001175	-0.001175	0.000000	0.000000	-0.000108
-0.001228	-0.001228	0.000000	0.000000	-0.000112
-0.001193	-0.001193	0.000000	0.000000	-0.000109
-0.001206	-0.001206	0.000000	0.000000	-0.000110
-0.001182	-0.001182	0.000000	0.000000	-0.000108
-0.001098	-0.001098	0.000000	0.000000	-0.000101
-0.001046	-0.001046	0.000000	0.000000	-0.000096
-0.000923	-0.000923	0.000000	0.000000	-0.000085
-0.001016	-0.001016	0.000000	0.000000	-0.000093
-0.000910	-0.000910	0.000000	0.000000	-0.000083
-0.000729	-0.000729	0.000000	0.000000	-0.000067
-0.000427	-0.000427	0.000000	0.000000	-0.000039
-0.000081	-0.000081	0.000000	0.000000	-0.000007
0.000146	0.000146	0.000000	0.000000	0.000014
0.000437	0.000437	0.000000	0.000000	0.000041
0.000990	0.000990	0.000000	0.000000	0.000093
0.001605	0.001605	0.000000	0.000000	0.000151
0.002135	0.002135	0.000000	0.000000	0.000202
0.002462	0.002462	0.000000	0.000000	0.000234
0.002715	0.002715	0.000000	0.000000	0.000258
0.003176	0.003176	0.000000	0.000000	0.000303
0.003680	0.003680	0.000000	0.000000	0.000353
0.003687	0.003687	0.000000	0.000000	0.000354
0.003709	0.003709	0.000000	0.000000	0.000356
0.003708	0.003708	0.000000	0.000000	0.000356
0.003700	0.003700	0.000000	0.000000	0.000356
0.003615	0.003615	0.000000	0.000000	0.000348
0.003344	0.003344	0.000000	0.000000	0.000323
0.002882	0.002882	0.000000	0.000000	0.000279
0.002211	0.002211	0.000000	0.000000	0.000215
0.001620	0.001620	0.000000	0.000000	0.000159
0.000945	0.000945	0.000000	0.000000	0.000093
0.000250	0.000250	0.000000	0.000000	0.000025
-0.000268	-0.000268	0.000000	0.000000	-0.000027
-0.000663	-0.000663	0.000000	0.000000	-0.000066
-0.000907	-0.000907	0.000000	0.000000	-0.000090
-0.001089	-0.001089	0.000000	0.000000	-0.000109
-0.001276	-0.001276	0.000000	0.000000	-0.000128
-0.001459	-0.001459	0.000000	0.000000	-0.000146
-0.001731	-0.001731	0.000000	0.000000	-0.000174
-0.002149	-0.002149	0.000000	0.000000	-0.000217
-0.002701	-0.002701	0.000000	0.000000	-0.000274
-0.003419	-0.003419	0.000000	0.000000	-0.000349
-0.004114	-0.004114	0.000000	0.000000	-0.000423
-0.003895	-0.003895	0.000000	0.000000	-0.000399
-0.003992	-0.003992	0.000000	0.000000	-0.000409
-0.004056	-0.004056	0.000000	0.000000	-0.000417
-0.004069	-0.004069	0.000000	0.000000	-0.000418
-0.004046	-0.004046	0.000000	0.000000	-0.000415
-0.004097	-0.004097	0.000000	0.000000	-0.000421
-0.004095	-0.004095	0.000000	0.000000	-0.000422
-0.004204	-0.004204	0.000000	0.000000	-0.000435
-0.004326	-0.004326	0.000000	0.000000	-0.000448
-0.004470	-0.004470	0.000000	0.000000	-0.000467
-0.004625	-0.004625	0.000000	0.000000	-0.000485
-0.004737	-0.004737	0.000000	0.000000	-0.000500
-0.004832	-0.004832	0.000000	0.000000	-0.000512
-0.005000	-0.005000	0.000000	0.000000	-0.000533
-0.005121	-0.005121	0.000000	0.000000	-0.000549
-0.005126	-0.005126	0.000000	0.000000	-0.000552
-0.005102	-0.005102	0.000000	0.000000	-0.000553
-0.004993	-0.004993	0.000000	0.000000	-0.000544
-0.004773	-0.004773	0.000000	0.000000	-0.000522
-0.004474	-0.004474	0.000000	0.000000	-0.000492
-0.004119	-0.004119	0.000000	0.000000	-0.000458
-0.003744	-0.003744	0.000000	0.000000	-0.000421
-0.003426	-0.003426	0.000000	0.000000	-0.000386
-0.003193	-0.003193	0.000000	0.000000	-0.000363
-0.003100	-0.003100	0.000000	0.000000	-0.000356
-0.002978	-0.002978	0.000000	0.000000	-0.000345
-0.002546	-0.002546	0.000000	0.000000	-0.000294
-0.002479	-0.002479	0.000000	0.000000	-0.000288
-0.002648	-0.002648	0.000000	0.000000	-0.000308
-0.002692	-0.002692	0.000000	0.000000	-0.000313
-0.002616	-0.002616	0.000000	0.000000	-0.000305
-0.002400	-0.002400	0.000000	0.000000	-0.000280
-0.002173	-0.002173	0.000000	0.000000	-0.000254
-0.001896	-0.001896	0.000000	0.000000	-0.000222
-0.001587	-0.001587	0.000000	0.000000	-0.000186
-0.001386	-0.001386	0.000000	0.000000	-0.000163
-0.001193	-0.001193	0.000000	0.000000	-0.000141
-0.001021	-0.001021	0.000000	0.000000	-0.000120
-0.000811	-0.000811	0.000000	0.000000	-0.000096
-0.000687	-0.000687	0.000000	0.000000	-0.000081
-0.000553	-0.000553	0.000000	0.000000	-0.000065
-0.000500	-0.000500	0.000000	0.000000	-0.000059
-0.000428	-0.000428	0.000000	0.000000	-0.000051
-0.000410	-0.000410	0.000000	0.000000	-0.000049
-0.000494	-0.000494	0.000000	0.000000	-0.000059
-0.000537	-0.000537	0.000000	0.000000	-0.000064
-0.000589	-0.000589	0.000000	0.000000	-0.000070
-0.000685	-0.000685	0.000000	0.000000	-0.000081
-0.000786	-0.000786	0.000000	0.000000	-0.000093
-0.000868	-0.000868	0.000000	0.000000	-0.000103
-0.000962	-0.000962	0.000000	0.000000	-0.000114
-0.001086	-0.001086	0.000000	0.000000	-0.000128
-0.001218	-0.001218	0.000000	0.000000	-0.000144
-0.001335	-0.001335	0.000000	0.000000	-0.000157
-0.001440	-0.001440	0.000000	0.000000	-0.000170
-0.001539	-0.001539	0.000000	0.000000	-0.000181
-0.001651	-0.001651	0.000000	0.000000	-0.000194
-0.001747	-0.001747	0.000000	0.000000	-0.000205
-0.001855	-0.001855	0.000000	0.000000	-0.000218
-0.001956	-0.001956	0.000000	0.000000	-0.000229
-0.002055	-0.002055	0.000000	0.000000	-0.000241
-0.002173	-0.002173	0.000000	0.000000	-0.000254
-0.002291	-0.002291	0.000000	0.000000	-0.000268
-0.002406	-0.002406	0.000000	0.000000	-0.000281
-0.002533	-0.002533	0.000000	0.000000	-0.000296
-0.002610	-0.002610	0.000000	0.000000	-0.000304
-0.002683	-0.002683	0.000000	0.000000	-0.000313
-0.002754	-0.002754	0.000000	0.000000	-0.000321
-0.002863	-0.002863	0.000000	0.000000	-0.000333
-0.002921	-0.002921	0.000000	0.000000	-0.000340
-0.003039	-0.003039	0.000000	0.000000	-0.000353
-0.003136	-0.003136	0.000000	0.000000	-0.000364
-0.003241	-0.003241	0.000000	0.000000	-0.000376
-0.003315	-0.003315	0.000000	0.000000	-0.000384
-0.003361	-0.003361	0.000000	0.000000	-0.000389
-0.003414	-0.003414	0.000000	0.000000	-0.000395
-0.003491	-0.003491	0.000000	0.000000	-0.000404
-0.003549	-0.003549	0.000000	0.000000	-0.000410
-0.003682	-0.003682	0.000000	0.000000	-0.000425
-0.004050	-0.004050	0.000000	0.000000	-0.000466
-0.004277	-0.004277	0.000000	0.000000	-0.000491
-0.004194	-0.004194	0.000000	0.000000	-0.000481
-0.004220	-0.004220	0.000000	0.000000	-0.000484
-0.004254	-0.004254	0.000000	0.000000	-0.000489
-0.004248	-0.004248	0.000000	0.000000	-0.000487
-0.004268	-0.004268	0.000000	0.000000	-0.000490
-0.004254	-0.004254	0.000000	0.000000	-0.000488
-0.004205	-0.004205	0.000000	0.000000	-0.000482
-0.004080	-0.004080	0.000000	0.000000	-0.000467
-0.003847	-0.003847	0.000000	0.000000	-0.000440
-0.003538	-0.003538	0.000000	0.000000	-0.000405
-0.003167	-0.003167	0.000000	0.000000	-0.000363
-0.002771	-0.002771	0.000000	0.000000	-0.000317
-0.002381	-0.002381	0.000000	0.000000	-0.000271
-0.002064	-0.002064	0.000000	0.000000	-0.000235
-0.001893	-0.001893	0.000000	0.000000	-0.000215
-0.001931	-0.001931	0.000000	0.000000	-0.000220
-0.002159	-0.002159	0.000000	0.000000	-0.000245
-0.002650	-0.002650	0.000000	0.000000	-0.000300
-0.003339	-0.003339	0.000000	0.000000	-0.000377
-0.004060	-0.004060	0.000000	0.000000	-0.000458
-0.004968	-0.004968	0.000000	0.000000	-0.000559
-0.005714	-0.005714	0.000000	0.000000	-0.000642
-0.006304	-0.006304	0.000000	0.000000	-0.000707
-0.006235	-0.006235	0.000000	0.000000	-0.000699
-0.005737	-0.005737	0.000000	0.000000	-0.000640
-0.004983	-0.004983	0.000000	0.000000	-0.000554
-0.003979	-0.003979	0.000000	0.000000	-0.000441
-0.002800	-0.002800	0.000000	0.000000	-0.000310
-0.001473	-0.001473	0.000000	0.000000	-0.000163
-0.000254	-0.000254	0.000000	0.000000	-0.000028
0.000657	0.000657	0.000000	0.000000	0.000073
0.001117	0.001117	0.000000	0.000000	0.000124
0.001099	0.001099	0.000000	0.000000	0.000122
0.000576	0.000576	0.000000	0.000000	0.000064
-0.000563	-0.000563	0.000000	0.000000	-0.000062
-0.002241	-0.002241	0.000000	0.000000	-0.000247
-0.004273	-0.004273	0.000000	0.000000	-0.000470
-0.006480	-0.006480	0.000000	0.000000	-0.000709
-0.005783	-0.005783	0.000000	0.000000	-0.000636
-0.004041	-0.004041	0.000000	0.000000	-0.000443
-0.003062	-0.003062	0.000000	0.000000	-0.000333
-0.002552	-0.002552	0.000000	0.000000	-0.000277
-0.002441	-0.002441	0.000000	0.000000	-0.000265
-0.002607	-0.002607	0.000000	0.000000	-0.000282
-0.003052	-0.003052	0.000000	0.000000	-0.000329
-0.003612	-0.003612	0.000000	0.000000	-0.000388
-0.004316	-0.004316	0.000000	0.000000	-0.000462
-0.005012	-0.005012	0.000000	0.000000	-0.000536
-0.004969	-0.004969	0.000000	0.000000	-0.000532
-0.004426	-0.004426	0.000000	0.000000	-0.000473
-0.003896	-0.003896	0.000000	0.000000	-0.000415
-0.003380	-0.003380	0.000000	0.000000	-0.000359
-0.002747	-0.002747	0.000000	0.000000	-0.000291
-0.002156	-0.002156	0.000000	0.000000	-0.000229
-0.001666	-0.001666	0.000000	0.000000	-0.000177
-0.001310	-0.001310	0.000000	0.000000	-0.000139
-0.001134	-0.001134	0.000000	0.000000	-0.000120
-0.001185	-0.001185	0.000000	0.000000	-0.000125
-0.001490	-0.001490	0.000000	0.000000	-0.000157
-0.002112	-0.002112	0.000000	0.000000	-0.000222
-0.003002	-0.003002	0.000000	0.000000	-0.000316
-0.004038	-0.004038	0.000000	0.000000	-0.000425
-0.004881	-0.004881	0.000000	0.000000	-0.000514
-0.004321	-0.004321	0.000000	0.000000	-0.000456
-0.004101	-0.004101	0.000000	0.000000	-0.000432
-0.004085	-0.004085	0.000000	0.000000	-0.000430
-0.004189	-0.004189	0.000000	0.000000	-0.000441
-0.004331	-0.004331	0.000000	0.000000	-0.000456
-0.004424	-0.004424	0.000000	0.000000	-0.000466
-0.004432	-0.004432	0.000000	0.000000	-0.000467
-0.004320	-0.004320	0.000000	0.000000	-0.000455
-0.004079	-0.004079	0.000000	0.000000	-0.000431
-0.003725	-0.003725	0.000000	0.000000	-0.000394
-0.003219	-0.003219	0.000000	0.000000	-0.000341
-0.002723	-0.002723	0.000000	0.000000	-0.000289
-0.002182	-0.002182	0.000000	0.000000	-0.000232
-0.001731	-0.001731	0.000000	0.000000	-0.000184
-0.001357	-0.001357	0.000000	0.000000	-0.000145
-0.001215	-0.001215	0.000000	0.000000	-0.000130
-0.001315	-0.001315	0.000000	0.000000	-0.000141
-0.001716	-0.001716	0.000000	0.000000	-0.000184
-0.002331	-0.002331	0.000000	0.000000	-0.000250
-0.003246	-0.003246	0.000000	0.000000	-0.000349
-0.004402	-0.004402	0.000000	0.000000	-0.000475
-0.005536	-0.005536	0.000000	0.000000	-0.000599
-0.005336	-0.005336	0.000000	0.000000	-0.000581
-0.004990	-0.004990	0.000000	0.000000	-0.000544
-0.004661	-0.004661	0.000000	0.000000	-0.000509
-0.004325	-0.004325	0.000000	0.000000	-0.000473
-0.003955	-0.003955	0.000000	0.000000	-0.000433
-0.003485	-0.003485	0.000000	0.000000	-0.000383
-0.003025	-0.003025	0.000000	0.000000	-0.000333
-0.002691	-0.002691	0.000000	0.000000	-0.000297
-0.002488	-0.002488	0.000000	0.000000	-0.000275
-0.002438	-0.002438	0.000000	0.000000	-0.000270
-0.002542	-0.002542	0.000000	0.000000	-0.000283
-0.002809	-0.002809	0.000000	0.000000	-0.000313
-0.003150	-0.003150	0.000000	0.000000	-0.000352
-0.003615	-0.003615	0.000000	0.000000	-0.000405
-0.004200	-0.004200	0.000000	0.000000	-0.000472
-0.004741	-0.004741	0.000000	0.000000	-0.000534
-0.005152	-0.005152	0.000000	0.000000	-0.000581
-0.005484	-0.005484	0.000000	0.000000	-0.000620
-0.005502	-0.005502	0.000000	0.000000	-0.000623
-0.005219	-0.005219	0.000000	0.000000	-0.000593
-0.004697	-0.004697	0.000000	0.000000	-0.000535
-0.004084	-0.004084	0.000000	0.000000	-0.000467
-0.003214	-0.003214	0.000000	0.000000	-0.000369
-0.002414	-0.002414	0.000000	0.000000	-0.000277
-0.001649	-0.001649	0.000000	0.000000	-0.000190
-0.001187	-0.001187	0.000000	0.000000	-0.000137
-0.000973	-0.000973	0.000000	0.000000	-0.000113
-0.001049	-0.001049	0.000000	0.000000	-0.000122
-0.001448	-0.001448	0.000000	0.000000	-0.000169
-0.002211	-0.002211	0.000000	0.000000	-0.000258
-0.003060	-0.003060	0.000000	0.000000	-0.000356
-0.003490	-0.003490	0.000000	0.000000	-0.000404
-0.003685	-0.003685	0.000000	0.000000	-0.000426
-0.003647	-0.003647	0.000000	0.000000	-0.000422
-0.003491	-0.003491	0.000000	0.000000	-0.000404
-0.003260	-0.003260	0.000000	0.000000	-0.000379
-0.003021	-0.003021	0.000000	0.000000	-0.000352
-0.002821	-0.002821	0.000000	0.000000	-0.000329
-0.002660	-0.002660	0.000000	0.000000	-0.000310
-0.002537	-0.002537	0.000000	0.000000	-0.000296
-0.002467	-0.002467	0.000000	0.000000	-0.000288
-0.002435	-0.002435	0.000000	0.000000	-0.000285
-0.002435	-0.002435	0.000000	0.000000	-0.000285
-0.002470	-0.002470	0.000000	0.000000	-0.000289
-0.002532	-0.002532	0.000000	0.000000	-0.000296
-0.002589	-0.002589	0.000000	0.000000	-0.000302
-0.002643	-0.002643	0.000000	0.000000	-0.000308
-0.002708	-0.002708	0.000000	0.000000	-0.000316
-0.002743	-0.002743	0.000000	0.000000	-0.000320
-0.002777	-0.002777	0.000000	0.000000	-0.000324
-0.002819	-0.002819	0.000000	0.000000	-0.000328
-0.002875	-0.002875	0.000000	0.000000	-0.000335
-0.002874	-0.002874	0.000000	0.000000	-0.000335
-0.002927	-0.002927	0.000000	0.000000	-0.000341
-0.003024	-0.003024	0.000000	0.000000	-0.000352
-0.003150	-0.003150	0.000000	0.000000	-0.000366
-0.003274	-0.003274	0.000000	0.000000	-0.000380
-0.003328	-0.003328	0.000000	0.000000	-0.000386
-0.003429	-0.003429	0.000000	0.000000	-0.000397
-0.003594	-0.003594	0.000000	0.000000	-0.000416
-0.003685	-0.003685	0.000000	0.000000	-0.000426
-0.003806	-0.003806	0.000000	0.000000	-0.000439
-0.003794	-0.003794	0.000000	0.000000	-0.000438
-0.003777	-0.003777	0.000000	0.000000	-0.000436
-0.003814	-0.003814	0.000000	0.000000	-0.000440
-0.003846	-0.003846	0.000000	0.000000	-0.000443
-0.003877	-0.003877	0.000000	0.000000	-0.000445
-0.003855	-0.003855	0.000000	0.000000	-0.000442
-0.003787	-0.003787	0.000000	0.000000	-0.000434
-0.003653	-0.003653	0.000000	0.000000	-0.000418
-0.003478	-0.003478	0.000000	0.000000	-0.000398
-0.003246	-0.003246	0.000000	0.000000	-0.000370
-0.002970	-0.002970	0.000000	0.000000	-0.000338
-0.002761	-0.002761	0.000000	0.000000	-0.000314
-0.002581	-0.002581	0.000000	0.000000	-0.000293
-0.002468	-0.002468	0.000000	0.000000	-0.000278
-0.002462	-0.002462	0.000000	0.000000	-0.000276
-0.002570	-0.002570	0.000000	0.000000	-0.000287
-0.002824	-0.002824	0.000000	0.000000	-0.000315
-0.003171	-0.003171	0.000000	0.000000	-0.000353
-0.003572	-0.003572	0.000000	0.000000	-0.000397
-0.003965	-0.003965	0.000000	0.000000	-0.000441
-0.004338	-0.004338	0.000000	0.000000	-0.000481
-0.004624	-0.004624	0.000000	0.000000	-0.000512
-0.004788	-0.004788	0.000000	0.000000	-0.000530
-0.004752	-0.004752	0.000000	0.000000	-0.000524
-0.004509	-0.004509	0.000000	0.000000	-0.000497
-0.004017	-0.004017	0.000000	0.000000	-0.000442
-0.003387	-0.003387	0.000000	0.000000	-0.000372
-0.002606	-0.002606	0.000000	0.000000	-0.000285
-0.001795	-0.001795	0.000000	0.000000	-0.000197
-0.001093	-0.001093	0.000000	0.000000	-0.000120
-0.000542	-0.000542	0.000000	0.000000	-0.000059
-0.000286	-0.000286	0.000000	0.000000	-0.000031
-0.000496	-0.000496	0.000000	0.000000	-0.000054
-0.001122	-0.001122	0.000000	0.000000	-0.000122
-0.002346	-0.002346	0.000000	0.000000	-0.000255
-0.003939	-0.003939	0.000000	0.000000	-0.000428
-0.005773	-0.005773	0.000000	0.000000	-0.000625
-0.005290	-0.005290	0.000000	0.000000	-0.000575
-0.004732	-0.004732	0.000000	0.000000	-0.000513
-0.004386	-0.004386	0.000000	0.000000	-0.000473
-0.004186	-0.004186	0.000000	0.000000	-0.000451
-0.004082	-0.004082	0.000000	0.000000	-0.000440
-0.003977	-0.003977	0.000000	0.000000	-0.000428
-0.003835	-0.003835	0.000000	0.000000	-0.000412
-0.003656	-0.003656	0.000000	0.000000	-0.000392
-0.003413	-0.003413	0.000000	0.000000	-0.000365
-0.003081	-0.003081	0.000000	0.000000	-0.000330
-0.002773	-0.002773	0.000000	0.000000	-0.000297
-0.002463	-0.002463	0.000000	0.000000	-0.000264
-0.002233	-0.002233	0.000000	0.000000	-0.000239
-0.002105	-0.002105	0.000000	0.000000	-0.000225
-0.002122	-0.002122	0.000000	0.000000	-0.000227
-0.002318	-0.002318	0.000000	0.000000	-0.000247
-0.002701	-0.002701	0.000000	0.000000	-0.000288
-0.003145	-0.003145	0.000000	0.000000	-0.000335
-0.003759	-0.003759	0.000000	0.000000	-0.000401
-0.004402	-0.004402	0.000000	0.000000	-0.000470
-0.005011	-0.005011	0.000000	0.000000	-0.000535
-0.005228	-0.005228	0.000000	0.000000	-0.000558
-0.005163	-0.005163	0.000000	0.000000	-0.000551
-0.004875	-0.004875	0.000000	0.000000	-0.000521
-0.004374	-0.004374	0.000000	0.000000	-0.000468
-0.003739	-0.003739	0.000000	0.000000	-0.000400
-0.002972	-0.002972	0.000000	0.000000	-0.000318
-0.002099	-0.002099	0.000000	0.000000	-0.000225
-0.001180	-0.001180	0.000000	0.000000	-0.000127
-0.000468	-0.000468	0.000000	0.000000	-0.000050
-0.000170	-0.000170	0.000000	0.000000	-0.000018
-0.000247	-0.000247	0.000000	0.000000	-0.000027
-0.000672	-0.000672	0.000000	0.000000	-0.000073
-0.001571	-0.001571	0.000000	0.000000	-0.000170
-0.002807	-0.002807	0.000000	0.000000	-0.000304
-0.004330	-0.004330	0.000000	0.000000	-0.000469
-0.005865	-0.005865	0.000000	0.000000	-0.000637
-0.005358	-0.005358	0.000000	0.000000	-0.000586
-0.004701	-0.004701	0.000000	0.000000	-0.000513
-0.004266	-0.004266	0.000000	0.000000	-0.000466
-0.003868	-0.003868	0.000000	0.000000	-0.000423
-0.003455	-0.003455	0.000000	0.000000	-0.000380
-0.003101	-0.003101	0.000000	0.000000	-0.000342
-0.002678	-0.002678	0.000000	0.000000	-0.000297
-0.002294	-0.002294	0.000000	0.000000	-0.000255
-0.001955	-0.001955	0.000000	0.000000	-0.000217
-0.001814	-0.001814	0.000000	0.000000	-0.000202
-0.001916	-0.001916	0.000000	0.000000	-0.000213
-0.002219	-0.002219	0.000000	0.000000	-0.000247
-0.002779	-0.002779	0.000000	0.000000	-0.000310
-0.003509	-0.003509	0.000000	0.000000	-0.000393
-0.004326	-0.004326	0.000000	0.000000	-0.000485
-0.005243	-0.005243	0.000000	0.000000	-0.000589
-0.005928	-0.005928	0.000000	0.000000	-0.000667
-0.006333	-0.006333	0.000000	0.000000	-0.000713
-0.006308	-0.006308	0.000000	0.000000	-0.000710
-0.005918	-0.005918	0.000000	0.000000	-0.000668
-0.005149	-0.005149	0.000000	0.000000	-0.000583
-0.003849	-0.003849	0.000000	0.000000	-0.000437
-0.002501	-0.002501	0.000000	0.000000	-0.000284
-0.001196	-0.001196	0.000000	0.000000	-0.000136
0.000071	0.000071	0.000000	0.000000	0.000008
0.000922	0.000922	0.000000	0.000000	0.000106
0.001335	0.001335	0.000000	0.000000	0.000153
0.001072	0.001072	0.000000	0.000000	0.000123
0.000234	0.000234	0.000000	0.000000	0.000027
-0.001377	-0.001377	0.000000	0.000000	-0.000159
-0.003379	-0.003379	0.000000	0.000000	-0.000391
-0.004505	-0.004505	0.000000	0.000000	-0.000515
-0.005248	-0.005248	0.000000	0.000000	-0.000597
-0.005511	-0.005511	0.000000	0.000000	-0.000626
-0.005363	-0.005363	0.000000	0.000000	-0.000610
-0.004975	-0.004975	0.000000	0.000000	-0.000568
-0.004499	-0.004499	0.000000	0.000000	-0.000516
-0.004002	-0.004002	0.000000	0.000000	-0.000461
-0.003528	-0.003528	0.000000	0.000000	-0.000408
-0.003099	-0.003099	0.000000	0.000000	-0.000359
-0.002643	-0.002643	0.000000	0.000000	-0.000306
-0.002261	-0.002261	0.000000	0.000000	-0.000262
-0.001988	-0.001988	0.000000	0.000000	-0.000231
-0.001872	-0.001872	0.000000	0.000000	-0.000218
-0.001951	-0.001951	0.000000	0.000000	-0.000227
-0.002166	-0.002166	0.000000	0.000000	-0.000252
-0.002553	-0.002553	0.000000	0.000000	-0.000297
-0.002968	-0.002968	0.000000	0.000000	-0.000345
-0.003286	-0.003286	0.000000	0.000000	-0.000381
-0.003455	-0.003455	0.000000	0.000000	-0.000400
-0.003505	-0.003505	0.000000	0.000000	-0.000405
-0.003484	-0.003484	0.000000	0.000000	-0.000403
-0.003437	-0.003437	0.000000	0.000000	-0.000398
-0.003384	-0.003384	0.000000	0.000000	-0.000392
-0.003347	-0.003347	0.000000	0.000000	-0.000387
-0.003259	-0.003259	0.000000	0.000000	-0.000378
-0.003175	-0.003175	0.000000	0.000000	-0.000368
-0.003124	-0.003124	0.000000	0.000000	-0.000362
-0.003149	-0.003149	0.000000	0.000000	-0.000365
-0.003191	-0.003191	0.000000	0.000000	-0.000370
-0.003261	-0.003261	0.000000	0.000000	-0.000377
-0.003377	-0.003377	0.000000	0.000000	-0.000390
-0.003436	-0.003436	0.000000	0.000000	-0.000397
-0.003460	-0.003460	0.000000	0.000000	-0.000399
-0.003473	-0.003473	0.000000	0.000000	-0.000400
-0.003473	-0.003473	0.000000	0.000000	-0.000399
-0.003456	-0.003456	0.000000	0.000000	-0.000397
-0.003398	-0.003398	0.000000	0.000000	-0.000390
-0.003317	-0.003317	0.000000	0.000000	-0.000380
-0.003178	-0.003178	0.000000	0.000000	-0.000364
-0.003054	-0.003054	0.000000	0.000000	-0.000349
-0.002909	-0.002909	0.000000	0.000000	-0.000332
-0.002793	-0.002793	0.000000	0.000000	-0.000319
-0.002711	-0.002711	0.000000	0.000000	-0.000309
-0.002678	-0.002678	0.000000	0.000000	-0.000304
-0.002710	-0.002710	0.000000	0.000000	-0.000307
-0.002808	-0.002808	0.000000	0.000000	-0.000319
-0.003005	-0.003005	0.000000	0.000000	-0.000341
-0.003272	-0.003272	0.000000	0.000000	-0.000370
-0.003537	-0.003537	0.000000	0.000000	-0.000399
-0.003763	-0.003763	0.000000	0.000000	-0.000423
-0.003965	-0.003965	0.000000	0.000000	-0.000443
-0.004097	-0.004097	0.000000	0.000000	-0.000457
-0.004117	-0.004117	0.000000	0.000000	-0.000459
-0.004010	-0.004010	0.000000	0.000000	-0.000446
-0.003761	-0.003761	0.000000	0.000000	-0.000418
-0.003344	-0.003344	0.000000	0.000000	-0.000371
-0.002871	-0.002871	0.000000	0.000000	-0.000318
-0.002291	-0.002291	0.000000	0.000000	-0.000253
-0.001752	-0.001752	0.000000	0.000000	-0.000193
-0.001336	-0.001336	0.000000	0.000000	-0.000147
-0.001056	-0.001056	0.000000	0.000000	-0.000116
-0.001009	-0.001009	0.000000	0.000000	-0.000111
-0.001218	-0.001218	0.000000	0.000000	-0.000134
-0.001692	-0.001692	0.000000	0.000000	-0.000186
-0.002474	-0.002474	0.000000	0.000000	-0.000271
-0.003422	-0.003422	0.000000	0.000000	-0.000374
-0.004515	-0.004515	0.000000	0.000000	-0.000492
-0.005590	-0.005590	0.000000	0.000000	-0.000607
-0.005370	-0.005370	0.000000	0.000000	-0.000584
-0.004807	-0.004807	0.000000	0.000000	-0.000523
-0.004343	-0.004343	0.000000	0.000000	-0.000471
-0.003722	-0.003722	0.000000	0.000000	-0.000403
-0.003103	-0.003103	0.000000	0.000000	-0.000336
-0.002442	-0.002442	0.000000	0.000000	-0.000264
-0.001871	-0.001871	0.000000	0.000000	-0.000202
-0.001418	-0.001418	0.000000	0.000000	-0.000153
-0.001089	-0.001089	0.000000	0.000000	-0.000117
-0.000985	-0.000985	0.000000	0.000000	-0.000106
-0.001188	-0.001188	0.000000	0.000000	-0.000128
-0.001723	-0.001723	0.000000	0.000000	-0.000186
-0.002486	-0.002486	0.000000	0.000000	-0.000267
-0.003483	-0.003483	0.000000	0.000000	-0.000374
-0.004744	-0.004744	0.000000	0.000000	-0.000508
-0.005381	-0.005381	0.000000	0.000000	-0.000577
-0.004845	-0.004845	0.000000	0.000000	-0.000520
-0.004401	-0.004401	0.000000	0.000000	-0.000472
-0.003973	-0.003973	0.000000	0.000000	-0.000426
-0.003479	-0.003479	0.000000	0.000000	-0.000373
-0.003042	-0.003042	0.000000	0.000000	-0.000326
-0.002538	-0.002538	0.000000	0.000000	-0.000272
-0.001994	-0.001994	0.000000	0.000000	-0.000214
-0.001577	-0.001577	0.000000	0.000000	-0.000169
-0.001258	-0.001258	0.000000	0.000000	-0.000135
-0.001186	-0.001186	0.000000	0.000000	-0.000127
-0.001338	-0.001338	0.000000	0.000000	-0.000144
0.038871	0.038871	0.000000	0.000000	0.099859
0.118871	0.118871	0.000000	0.000000	0.221961
0.198871	0.198871	0.000000	0.000000	0.355881
0.278871	0.278871	0.000000	0.000000	0.413324
0.358871	0.358871	0.000000	0.000000	0.433197
0.438871	0.438871	0.000000	0.000000	0.444542
0.500000	0.500000	0.000000	0.000000	0.436999
0.500000	0.500000	0.000000	0.000000	0.421164
0.500000	0.500000	0.000000	0.000000	0.382456
0.500000	0.500000	0.000000	0.000000	0.344623
0.500000	0.500000	0.000000	0.000000	0.294851
0.500000	0.500000	0.000000	0.000000	0.247389
0.500000	0.500000	0.000000	0.000000	0.197391
0.500000	0.500000	0.000000	0.000000	0.151882
0.500000	0.500000	0.000000	0.000000	0.109445
0.500000	0.500000	0.000000	0.000000	0.071057
0.500000	0.500000	0.000000	0.000000	0.038492
0.500000	0.500000	0.000000	0.000000	0.009710
0.500000	0.500000	0.000000	0.000000	-0.012557
0.500000	0.500000	0.000000	0.000000	-0.030913
0.500000	0.500000	0.000000	0.000000	-0.051639
0.500000	0.500000	0.000000	0.000000	-0.065082
0.500000	0.500000	0.000000	0.000000	-0.077606
0.500000	0.500000	0.000000	0.000000	-0.087163
0.500000	0.500000	0.000000	0.000000	-0.096453
0.500000	0.500000	0.000000	0.000000	-0.100757
0.500000	0.500000	0.000000	0.000000	-0.101069
0.500000	0.500000	0.000000	0.000000	-0.100065
0.500000	0.500000	0.000000	0.000000	-0.102499
0.500000	0.500000	0.000000	0.000000	-0.100180
0.500000	0.500000	0.000000	0.000000	-0.101663
0.500000	0.500000	0.000000	0.000000	-0.096648
0.500000	0.500000	0.000000	0.000000	-0.090443
0.500000	0.500000	0.000000	0.000000	-0.091523
0.500000	0.500000	0.000000	0.000000	-0.084139
0.500000	0.500000	0.000000	0.000000	-0.078168
0.500000	0.500000	0.000000	0.000000	-0.071912
0.500000	0.500000	0.000000	0.000000	-0.071597
0.500000	0.500000	0.000000	0.000000	-0.064493
0.500000	0.500000	0.000000	0.000000	-0.057476
0.500000	0.500000	0.000000	0.000000	-0.049518
0.500000	0.500000	0.000000	0.000000	-0.041597
0.500000	0.500000	0.000000	0.000000	-0.034581
0.500000	0.500000	0.000000	0.000000	-0.027514
0.500000	0.500000	0.000000	0.000000	-0.021441
0.500000	0.500000	0.000000	0.000000	-0.016990
0.500000	0.500000	0.000000	0.000000	-0.020302
0.500000	0.500000	0.000000	0.000000	-0.016755
0.500000	0.500000	0.000000	0.000000	-0.015687
0.500000	0.500000	0.000000	0.000000	-0.013406
0.500000	0.500000	0.000000	0.000000	-0.011102
0.500000	0.500000	0.000000	0.000000	-0.008715
0.500000	0.500000	0.000000	0.000000	-0.006615
0.500000	0.500000	0.000000	0.000000	-0.003967
0.500000	0.500000	0.000000	0.000000	-0.000981
0.500000	0.500000	0.000000	0.000000	0.001283
0.500000	0.500000	0.000000	0.000000	0.003699
0.500000	0.500000	0.000000	0.000000	0.005816
0.500000	0.500000	0.000000	0.000000	0.007781
0.500000	0.500000	0.000000	0.000000	0.008555
0.500000	0.500000	0.000000	0.000000	-0.001471
0.500000	0.500000	0.000000	0.000000	-0.001661
0.500000	0.500000	0.000000	0.000000	-0.003605
0.500000	0.500000	0.000000	0.000000	-0.004266
0.500000	0.500000	0.000000	0.000000	-0.005069
0.500000	0.500000	0.000000	0.000000	-0.006021
0.500000	0.500000	0.000000	0.000000	-0.006462
0.500000	0.500000	0.000000	0.000000	-0.007466
0.500000	0.500000	0.000000	0.000000	-0.007831
0.500000	0.500000	0.000000	0.000000	-0.008535
0.500000	0.500000	0.000000	0.000000	-0.009673
0.500000	0.500000	0.000000	0.000000	-0.009872
0.500000	0.500000	0.000000	0.000000	-0.010808
0.500000	0.500000	0.000000	0.000000	-0.010887
0.500000	0.500000	0.000000	0.000000	-0.011662
0.500000	0.500000	0.000000	0.000000	-0.011528
0.500000	0.500000	0.000000	0.000000	-0.011982
0.500000	0.500000	0.000000	0.000000	-0.011978
0.500000	0.500000	0.000000	0.000000	-0.011754
0.500000	0.500000	0.000000	0.000000	-0.011813
0.500000	0.500000	0.000000	0.000000	-0.113072
0.500000	0.500000	0.000000	0.000000	-0.235946
0.500000	0.500000	0.000000	0.000000	-0.242481
0.500000	0.500000	0.000000	0.000000	-0.251426
0.500000	0.500000	0.000000	0.000000	-0.254561
0.500000	0.500000	0.000000	0.000000	-0.247067
0.500000	0.500000	0.000000	0.000000	-0.233960
0.500000	0.500000	0.000000	0.000000	-0.219192
0.500000	0.500000	0.000000	0.000000	-0.200036
0.500000	0.500000	0.000000	0.000000	-0.180283
0.500000	0.500000	0.000000	0.000000	-0.155174
0.500000	0.500000	0.000000	0.000000	-0.130564
0.500000	0.500000	0.000000	0.000000	-0.107856
0.500000	0.500000	0.000000	0.000000	-0.087240
0.500000	0.500000	0.000000	0.000000	-0.066974
0.500000	0.500000	0.000000	0.000000	-0.048408
0.500000	0.500000	0.000000	0.000000	-0.031326
0.500000	0.500000	0.000000	0.000000	-0.015513
0.500000	0.500000	0.000000	0.000000	-0.001513
0.500000	0.500000	0.000000	0.000000	0.011592
0.500000	0.500000	0.000000	0.000000	0.024643
0.500000	0.500000	0.000000	0.000000	0.036036
0.500000	0.500000	0.000000	0.000000	0.046344
0.500000	0.500000	0.000000	0.000000	0.052788
0.500000	0.500000	0.000000	0.000000	0.059722
0.500000	0.500000	0.000000	0.000000	0.064588
0.500000	0.500000	0.000000	0.000000	0.065646
0.500000	0.500000	0.000000	0.000000	0.065545
0.500000	0.500000	0.000000	0.000000	0.064267
0.500000	0.500000	0.000000	0.000000	0.063876
0.500000	0.500000	0.000000	0.000000	0.064363
0.500000	0.500000	0.000000	0.000000	0.063890
0.500000	0.500000	0.000000	0.000000	0.061684
0.500000	0.500000	0.000000	0.000000	0.059231
0.500000	0.500000	0.000000	0.000000	0.055971
0.500000	0.500000	0.000000	0.000000	0.051131
0.500000	0.500000	0.000000	0.000000	0.047895
0.500000	0.500000	0.000000	0.000000	0.043972
0.500000	0.500000	0.000000	0.000000	0.039270
0.500000	0.500000	0.000000	0.000000	0.035493
0.500000	0.500000	0.000000	0.000000	0.031128
0.500000	0.500000	0.000000	0.000000	0.023746
0.500000	0.500000	0.000000	0.000000	0.018469
0.500000	0.500000	0.000000	0.000000	0.013662
0.500000	0.500000	0.000000	0.000000	0.009892
0.500000	0.500000	0.000000	0.000000	0.005156
0.500000	0.500000	0.000000	0.000000	-0.002867
0.500000	0.500000	0.000000	0.000000	-0.006661
0.500000	0.500000	0.000000	0.000000	-0.012435
0.500000	0.500000	0.000000	0.000000	-0.020308
0.500000	0.500000	0.000000	0.000000	-0.028410
0.500000	0.500000	0.000000	0.000000	-0.032723
0.500000	0.500000	0.000000	0.000000	-0.036830
0.492813	0.492679	0.000000	0.000000	-0.039942
0.445961	0.445841	0.000000	0.000000	-0.040879
0.423653	0.423524	0.000000	0.000000	-0.044031
0.384066	0.383971	0.000000	0.000000	-0.041138
0.347362	0.347278	0.000000	0.000000	-0.038002
0.300646	0.300575	0.000000	0.000000	-0.032434
0.246993	0.246939	0.000000	0.000000	-0.026389
0.200292	0.200264	0.000000	0.000000	-0.021256
0.188458	0.188432	0.000000	0.000000	-0.021106
0.151673	0.151660	0.000000	0.000000	-0.016776
0.122880	0.122873	0.000000	0.000000	-0.013541
0.099784	0.099780	0.000000	0.000000	-0.010855
0.078902	0.078900	0.000000	0.000000	-0.008438
0.060964	0.060963	0.000000	0.000000	-0.006403
0.047251	0.047250	0.000000	0.000000	-0.004973
0.040330	0.040330	0.000000	0.000000	-0.004200
0.033383	0.033383	0.000000	0.000000	-0.003435
0.025587	0.025587	0.000000	0.000000	-0.002695
0.022288	0.022288	0.000000	0.000000	-0.002370
0.022639	0.022639	0.000000	0.000000	-0.002379
0.023486	0.023486	0.000000	0.000000	-0.002430
0.022274	0.022274	0.000000	0.000000	-0.002291
0.016744	0.016744	0.000000	0.000000	-0.001716
0.011440	0.011440	0.000000	0.000000	-0.001160
0.002402	0.002402	0.000000	0.000000	-0.000242
-0.002649	-0.002649	0.000000	0.000000	0.000281
0.000613	0.000613	0.000000	0.000000	-0.000064
0.003048	0.003048	0.000000	0.000000	-0.000322
0.000733	0.000733	0.000000	0.000000	-0.000078
0.000174	0.000174	0.000000	0.000000	-0.000019
0.001590	0.001590	0.000000	0.000000	-0.000170
0.000594	0.000594	0.000000	0.000000	-0.000063
0.001105	0.001105	0.000000	0.000000	-0.000118
0.000727	0.000727	0.000000	0.000000	-0.000078
0.000716	0.000716	0.000000	0.000000	-0.000077
0.000798	0.000798	0.000000	0.000000	-0.000085
0.000747	0.000747	0.000000	0.000000	-0.000080
0.000655	0.000655	0.000000	0.000000	-0.000070
0.000683	0.000683	0.000000	0.000000	-0.000073
0.000624	0.000624	0.000000	0.000000	-0.000067
0.000588	0.000588	0.000000	0.000000	-0.000063
0.000559	0.000559	0.000000	0.000000	-0.000060
0.000526	0.000526	0.000000	0.000000	-0.000056
0.000500	0.000500	0.000000	0.000000	-0.000053
0.000470	0.000470	0.000000	0.000000	-0.000050
0.000443	0.000443	0.000000	0.000000	-0.000047
0.000416	0.000416	0.000000	0.000000	-0.000045
0.000359	0.000359	0.000000	0.000000	-0.000038
0.000340	0.000340	0.000000	0.000000	-0.000036
0.000326	0.000326	0.000000	0.000000	-0.000035
0.000362	0.000362	0.000000	0.000000	-0.000039
0.000338	0.000338	0.000000	0.000000	-0.000036
0.000271	0.000271	0.000000	0.000000	-0.000029
0.000253	0.000253	0.000000	0.000000	-0.000027
0.000236	0.000236	0.000000	0.000000	-0.000025
0.000268	0.000268	0.000000	0.000000	-0.000029
0.000251	0.000251	0.000000	0.000000	-0.000027
0.000238	0.000238	0.000000	0.000000	-0.000025
0.000224	0.000224	0.000000	0.000000	-0.000024
0.000186	0.000186	0.000000	0.000000	-0.000020
0.000218	0.000218	0.000000	0.000000	-0.000023
0.000202	0.000202	0.000000	0.000000	-0.000022
0.000194	0.000194	0.000000	0.000000	-0.000021
0.000187	0.000187	0.000000	0.000000	-0.000020
0.000180	0.000180	0.000000	0.000000	-0.000019
0.000181	0.000181	0.000000	0.000000	-0.000019
0.000187	0.000187	0.000000	0.000000	-0.000020
0.000181	0.000181	0.000000	0.000000	-0.000019
0.000180	0.000180	0.000000	0.000000	-0.000019
0.000180	0.000180	0.000000	0.000000	-0.000019
0.000177	0.000177	0.000000	0.000000	-0.000019
0.000179	0.000179	0.000000	0.000000	-0.000019
0.000183	0.000183	0.000000	0.000000	-0.000020
0.000181	0.000181	0.000000	0.000000	-0.000019
0.000182	0.000182	0.000000	0.000000	-0.000019
0.000180	0.000180	0.000000	0.000000	-0.000019
0.000191	0.000191	0.000000	0.000000	-0.000020
0.000232	0.000232	0.000000	0.000000	-0.000025
0.000237	0.000237	0.000000	0.000000	-0.000025
0.000195	0.000195	0.000000	0.000000	-0.000021
0.000198	0.000198	0.000000	0.000000	-0.000021
0.000199	0.000199	0.000000	0.000000	-0.000021
0.000207	0.000207	0.000000	0.000000	-0.000022
0.000218	0.000218	0.000000	0.000000	-0.000023
0.000232	0.000232	0.000000	0.000000	-0.000025
0.000292	0.000292	0.000000	0.000000	-0.000031
0.000249	0.000249	0.000000	0.000000	-0.000027
0.000251	0.000251	0.000000	0.000000	-0.000027
0.000251	0.000251	0.000000	0.000000	-0.000027
0.000249	0.000249	0.000000	0.000000	-0.000027
0.000250	0.000250	0.000000	0.000000	-0.000027
0.000259	0.000259	0.000000	0.000000	-0.000028
0.000269	0.000269	0.000000	0.000000	-0.000029
0.000279	0.000279	0.000000	0.000000	-0.000030
0.000278	0.000278	0.000000	0.000000	-0.000030
0.000288	0.000288	0.000000	0.000000	-0.000031
0.000291	0.000291	0.000000	0.000000	-0.000031
0.000292	0.000292	0.000000	0.000000	-0.000031
0.000292	0.000292	0.000000	0.000000	-0.000031
0.000298	0.000298	0.000000	0.000000	-0.000032
0.000306	0.000306	0.000000	0.000000	-0.000033
0.000324	0.000324	0.000000	0.000000	-0.000035
0.000319	0.000319	0.000000	0.000000	-0.000034
0.000320	0.000320	0.000000	0.000000	-0.000034
0.000320	0.000320	0.000000	0.000000	-0.000034
0.000319	0.000319	0.000000	0.000000	-0.000034
0.000320	0.000320	0.000000	0.000000	-0.000034
0.000326	0.000326	0.000000	0.000000	-0.000035
0.000334	0.000334	0.000000	0.000000	-0.000036
0.000345	0.000345	0.000000	0.000000	-0.000037
0.000312	0.000312	0.000000	0.000000	-0.000033
0.000317	0.000317	0.000000	0.000000	-0.000034
0.000321	0.000321	0.000000	0.000000	-0.000034
0.000326	0.000326	0.000000	0.000000	-0.000035
0.000332	0.000332	0.000000	0.000000	-0.000035
0.000337	0.000337	0.000000	0.000000	-0.000036
0.000342	0.000342	0.000000	0.000000	-0.000037
0.000351	0.000351	0.000000	0.000000	-0.000037
0.000313	0.000313	0.000000	0.000000	-0.000033
0.000322	0.000322	0.000000	0.000000	-0.000034
0.000329	0.000329	0.000000	0.000000	-0.000035
0.000332	0.000332	0.000000	0.000000	-0.000036
0.000338	0.000338	0.000000	0.000000	-0.000036
0.000343	0.000343	0.000000	0.000000	-0.000037
0.000349	0.000349	0.000000	0.000000	-0.000037
0.000354	0.000354	0.000000	0.000000	-0.000038
0.000320	0.000320	0.000000	0.000000	-0.000034
0.000326	0.000326	0.000000	0.000000	-0.000035
0.000329	0.000329	0.000000	0.000000	-0.000035
0.000334	0.000334	0.000000	0.000000	-0.000036
0.000339	0.000339	0.000000	0.000000	-0.000036
0.000343	0.000343	0.000000	0.000000	-0.000037
0.000347	0.000347	0.000000	0.000000	-0.000037
0.000353	0.000353	0.000000	0.000000	-0.000038
0.000322	0.000322	0.000000	0.000000	-0.000034
0.000326	0.000326	0.000000	0.000000	-0.000035
0.000330	0.000330	0.000000	0.000000	-0.000035
0.000335	0.000335	0.000000	0.000000	-0.000036
0.000340	0.000340	0.000000	0.000000	-0.000036
0.000346	0.000346	0.000000	0.000000	-0.000037
0.000330	0.000330	0.000000	0.000000	-0.000035
0.000315	0.000315	0.000000	0.000000	-0.000034
0.000319	0.000319	0.000000	0.000000	-0.000034
0.000325	0.000325	0.000000	0.000000	-0.000035
0.000329	0.000329	0.000000	0.000000	-0.000035
0.000333	0.000333	0.000000	0.000000	-0.000036
0.000338	0.000338	0.000000	0.000000	-0.000036
0.000343	0.000343	0.000000	0.000000	-0.000037
0.000310	0.000310	0.000000	0.000000	-0.000033
0.000315	0.000315	0.000000	0.000000	-0.000034
0.000319	0.000319	0.000000	0.000000	-0.000034
0.000325	0.000325	0.000000	0.000000	-0.000035
0.000326	0.000326	0.000000	0.000000	-0.000035
0.000330	0.000330	0.000000	0.000000	-0.000035
0.000335	0.000335	0.000000	0.000000	-0.000036
0.000339	0.000339	0.000000	0.000000	-0.000036
0.000344	0.000344	0.000000	0.000000	-0.000037
0.000343	0.000343	0.000000	0.000000	-0.000037
0.000312	0.000312	0.000000	0.000000	-0.000033
0.000316	0.000316	0.000000	0.000000	-0.000034
0.000319	0.000319	0.000000	0.000000	-0.000034
0.000325	0.000325	0.000000	0.000000	-0.000035
0.000328	0.000328	0.000000	0.000000	-0.000035
0.000332	0.000332	0.000000	0.000000	-0.000035
0.000335	0.000335	0.000000	0.000000	-0.000036
0.000340	0.000340	0.000000	0.000000	-0.000036
0.000297	0.000297	0.000000	0.000000	-0.000032
0.000310	0.000310	0.000000	0.000000	-0.000033
0.000314	0.000314	0.000000	0.000000	-0.000034
0.000316	0.000316	0.000000	0.000000	-0.000034
0.000319	0.000319	0.000000	0.000000	-0.000034
0.000323	0.000323	0.000000	0.000000	-0.000035
0.000327	0.000327	0.000000	0.000000	-0.000035
0.000331	0.000331	0.000000	0.000000	-0.000035
0.000337	0.000337	0.000000	0.000000	-0.000036
0.000303	0.000303	0.000000	0.000000	-0.000032
0.000307	0.000307	0.000000	0.000000	-0.000033
0.000311	0.000311	0.000000	0.000000	-0.000033
0.000316	0.000316	0.000000	0.000000	-0.000034
0.000320	0.000320	0.000000	0.000000	-0.000034
0.000324	0.000324	0.000000	0.000000	-0.000035
0.000330	0.000330	0.000000	0.000000	-0.000035
0.000334	0.000334	0.000000	0.000000	-0.000036
0.000276	0.000276	0.000000	0.000000	-0.000030
0.000307	0.000307	0.000000	0.000000	-0.000033
0.000312	0.000312	0.000000	0.000000	-0.000033
0.000315	0.000315	0.000000	0.000000	-0.000034
0.000318	0.000318	0.000000	0.000000	-0.000034
0.000321	0.000321	0.000000	0.000000	-0.000034
0.000324	0.000324	0.000000	0.000000	-0.000035
0.000328	0.000328	0.000000	0.000000	-0.000035
0.000331	0.000331	0.000000	0.000000	-0.000035
0.000335	0.000335	0.000000	0.000000	-0.000036
0.000308	0.000308	0.000000	0.000000	-0.000033
0.000307	0.000307	0.000000	0.000000	-0.000033
0.000309	0.000309	0.000000	0.000000	-0.000033
0.000311	0.000311	0.000000	0.000000	-0.000033
0.000314	0.000314	0.000000	0.000000	-0.000034
0.000319	0.000319	0.000000	0.000000	-0.000034
0.000322	0.000322	0.000000	0.000000	-0.000034
0.000326	0.000326	0.000000	0.000000	-0.000035
0.000329	0.000329	0.000000	0.000000	-0.000035
0.000333	0.000333	0.000000	0.000000	-0.000036
0.000300	0.000300	0.000000	0.000000	-0.000032
0.000303	0.000303	0.000000	0.000000	-0.000032
0.000308	0.000308	0.000000	0.000000	-0.000033
0.000311	0.000311	0.000000	0.000000	-0.000033
0.000316	0.000316	0.000000	0.000000	-0.000034
0.000320	0.000320	0.000000	0.000000	-0.000034
0.000324	0.000324	0.000000	0.000000	-0.000035
0.000329	0.000329	0.000000	0.000000	-0.000035
0.000331	0.000331	0.000000	0.000000	-0.000035
0.000312	0.000312	0.000000	0.000000	-0.000033
0.000305	0.000305	0.000000	0.000000	-0.000033
0.000307	0.000307	0.000000	0.000000	-0.000033
0.000310	0.000310	0.000000	0.000000	-0.000033
0.000313	0.000313	0.000000	0.000000	-0.000034
0.000317	0.000317	0.000000	0.000000	-0.000034
0.000320	0.000320	0.000000	0.000000	-0.000034
0.000324	0.000324	0.000000	0.000000	-0.000035
0.000326	0.000326	0.000000	0.000000	-0.000035
0.000330	0.000330	0.000000	0.000000	-0.000035
0.000253	0.000253	0.000000	0.000000	-0.000027
0.000301	0.000301	0.000000	0.000000	-0.000032
0.000304	0.000304	0.000000	0.000000	-0.000033
0.000308	0.000308	0.000000	0.000000	-0.000033
0.000310	0.000310	0.000000	0.000000	-0.000033
0.000312	0.000312	0.000000	0.000000	-0.000033
0.000316	0.000316	0.000000	0.000000	-0.000034
0.000318	0.000318	0.000000	0.000000	-0.000034
0.000324	0.000324	0.000000	0.000000	-0.000035
0.000325	0.000325	0.000000	0.000000	-0.000035
0.000248	0.000248	0.000000	0.000000	-0.000027
0.000301	0.000301	0.000000	0.000000	-0.000032
0.000305	0.000305	0.000000	0.000000	-0.000033
0.000309	0.000309	0.000000	0.000000	-0.000033
0.000312	0.000312	0.000000	0.000000	-0.000033
0.000315	0.000315	0.000000	0.000000	-0.000034
0.000320	0.000320	0.000000	0.000000	-0.000034
0.000323	0.000323	0.000000	0.000000	-0.000035
0.000330	0.000330	0.000000	0.000000	-0.000035
0.000332	0.000332	0.000000	0.000000	-0.000036
0.000306	0.000306	0.000000	0.000000	-0.000033
0.000311	0.000311	0.000000	0.000000	-0.000033
0.000313	0.000313	0.000000	0.000000	-0.000034
0.000316	0.000316	0.000000	0.000000	-0.000034
0.000320	0.000320	0.000000	0.000000	-0.000034
0.000324	0.000324	0.000000	0.000000	-0.000035
0.000327	0.000327	0.000000	0.000000	-0.000035
0.000331	0.000331	0.000000	0.000000	-0.000035
0.000339	0.000339	0.000000	0.000000	-0.000036
0.000304	0.000304	0.000000	0.000000	-0.000033
0.000306	0.000306	0.000000	0.000000	-0.000033
0.000309	0.000309	0.000000	0.000000	-0.000033
0.000312	0.000312	0.000000	0.000000	-0.000033
0.000316	0.000316	0.000000	0.000000	-0.000034
0.000318	0.000318	0.000000	0.000000	-0.000034
0.000323	0.000323	0.000000	0.000000	-0.000035
0.000324	0.000324	0.000000	0.000000	-0.000035
0.000329	0.000329	0.000000	0.000000	-0.000035
0.000331	0.000331	0.000000	0.000000	-0.000036
0.000254	0.000254	0.000000	0.000000	-0.000027
0.000303	0.000303	0.000000	0.000000	-0.000033
0.000304	0.000304	0.000000	0.000000	-0.000033
0.000310	0.000310	0.000000	0.000000	-0.000033
0.000313	0.000313	0.000000	0.000000	-0.000034
0.000316	0.000316	0.000000	0.000000	-0.000034
0.000318	0.000318	0.000000	0.000000	-0.000034
0.000322	0.000322	0.000000	0.000000	-0.000035
0.000326	0.000326	0.000000	0.000000	-0.000035
0.000338	0.000338	0.000000	0.000000	-0.000036
0.000353	0.000353	0.000000	0.000000	-0.000038
0.000362	0.000362	0.000000	0.000000	-0.000039
0.000372	0.000372	0.000000	0.000000	-0.000040
0.000379	0.000379	0.000000	0.000000	-0.000041
0.000384	0.000384	0.000000	0.000000	-0.000041
0.000391	0.000391	0.000000	0.000000	-0.000042
0.000393	0.000393	0.000000	0.000000	-0.000042
0.000395	0.000395	0.000000	0.000000	-0.000042
0.000396	0.000396	0.000000	0.000000	-0.000042
0.000398	0.000398	0.000000	0.000000	-0.000043
0.000399	0.000399	0.000000	0.000000	-0.000043
0.000400	0.000400	0.000000	0.000000	-0.000043
0.000398	0.000398	0.000000	0.000000	-0.000043
0.000399	0.000399	0.000000	0.000000	-0.000043
0.000397	0.000397	0.000000	0.000000	-0.000043
0.000395	0.000395	0.000000	0.000000	-0.000042
0.000394	0.000394	0.000000	0.000000	-0.000042
0.000392	0.000392	0.000000	0.000000	-0.000042
0.000390	0.000390	0.000000	0.000000	-0.000042
0.000387	0.000387	0.000000	0.000000	-0.000042
0.000378	0.000378	0.000000	0.000000	-0.000040
0.000381	0.000381	0.000000	0.000000	-0.000041
0.000376	0.000376	0.000000	0.000000	-0.000040
0.000376	0.000376	0.000000	0.000000	-0.000040
0.000373	0.000373	0.000000	0.000000	-0.000040
0.000370	0.000370	0.000000	0.000000	-0.000040
0.000310	0.000310	0.000000	0.000000	-0.000033
0.000313	0.000313	0.000000	0.000000	-0.000034
0.000299	0.000299	0.000000	0.000000	-0.000032
0.000282	0.000282	0.000000	0.000000	-0.000030
0.000276	0.000276	0.000000	0.000000	-0.000030
0.000268	0.000268	0.000000	0.000000	-0.000029
0.000259	0.000259	0.000000	0.000000	-0.000028
0.000253	0.000253	0.000000	0.000000	-0.000027
0.000215	0.000215	0.000000	0.000000	-0.000023
0.000208	0.000208	0.000000	0.000000	-0.000022
0.000206	0.000206	0.000000	0.000000	-0.000022
0.000206	0.000206	0.000000	0.000000	-0.000022
0.000204	0.000204	0.000000	0.000000	-0.000022
0.000211	0.000211	0.000000	0.000000	-0.000023
0.000211	0.000211	0.000000	0.000000	-0.000023
0.000218	0.000218	0.000000	0.000000	-0.000023
0.000220	0.000220	0.000000	0.000000	-0.000024
0.000246	0.000246	0.000000	0.000000	-0.000026
0.000260	0.000260	0.000000	0.000000	-0.000028
0.000269	0.000269	0.000000	0.000000	-0.000029
0.000278	0.000278	0.000000	0.000000	-0.000030
0.000285	0.000285	0.000000	0.000000	-0.000031
0.000247	0.000247	0.000000	0.000000	-0.000026
0.000242	0.000242	0.000000	0.000000	-0.000026
0.000239	0.000239	0.000000	0.000000	-0.000026
0.000238	0.000238	0.000000	0.000000	-0.000026
0.000237	0.000237	0.000000	0.000000	-0.000026
0.000239	0.000239	0.000000	0.000000	-0.000026
0.000243	0.000243	0.000000	0.000000	-0.000026
0.000251	0.000251	0.000000	0.000000	-0.000027
0.000264	0.000264	0.000000	0.000000	-0.000028
0.000274	0.000274	0.000000	0.000000	-0.000029
0.000283	0.000283	0.000000	0.000000	-0.000030
0.000182	0.000182	0.000000	0.000000	-0.000020
0.000253	0.000253	0.000000	0.000000	-0.000027
0.000247	0.000247	0.000000	0.000000	-0.000026
0.000243	0.000243	0.000000	0.000000	-0.000026
0.000242	0.000242	0.000000	0.000000	-0.000026
0.000239	0.000239	0.000000	0.000000	-0.000026
0.000249	0.000249	0.000000	0.000000	-0.000027
0.000262	0.000262	0.000000	0.000000	-0.000028
0.000270	0.000270	0.000000	0.000000	-0.000029
0.000283	0.000283	0.000000	0.000000	-0.000030
0.000299	0.000299	0.000000	0.000000	-0.000032
0.000293	0.000293	0.000000	0.000000	-0.000031
0.000304	0.000304	0.000000	0.000000	-0.000033
0.000307	0.000307	0.000000	0.000000	-0.000033
0.000311	0.000311	0.000000	0.000000	-0.000033
0.000314	0.000314	0.000000	0.000000	-0.000034
0.000314	0.000314	0.000000	0.000000	-0.000034
0.000317	0.000317	0.000000	0.000000	-0.000034
0.000315	0.000315	0.000000	0.000000	-0.000034
0.000309	0.000309	0.000000	0.000000	-0.000033
0.000127	0.000127	0.000000	0.000000	-0.000014
0.000226	0.000226	0.000000	0.000000	-0.000024
0.000217	0.000217	0.000000	0.000000	-0.000023
0.000218	0.000218	0.000000	0.000000	-0.000023
0.000216	0.000216	0.000000	0.000000	-0.000023
0.000209	0.000209	0.000000	0.000000	-0.000023
0.000202	0.000202	0.000000	0.000000	-0.000022
0.000212	0.000212	0.000000	0.000000	-0.000023
0.000222	0.000222	0.000000	0.000000	-0.000024
0.000283	0.000283	0.000000	0.000000	-0.000030
0.000279	0.000279	0.000000	0.000000	-0.000030
0.000247	0.000247	0.000000	0.000000	-0.000027
0.000212	0.000212	0.000000	0.000000	-0.000023
0.000161	0.000161	0.000000	0.000000	-0.000017
0.000175	0.000175	0.000000	0.000000	-0.000019
0.000170	0.000170	0.000000	0.000000	-0.000018
0.000164	0.000164	0.000000	0.000000	-0.000018
0.000164	0.000164	0.000000	0.000000	-0.000018
0.000165	0.000165	0.000000	0.000000	-0.000018
0.000209	0.000209	0.000000	0.000000	-0.000023
0.000264	0.000264	0.000000	0.000000	-0.000028
0.000195	0.000195	0.000000	0.000000	-0.000021
0.000219	0.000219	0.000000	0.000000	-0.000024
0.000209	0.000209	0.000000	0.000000	-0.000023
0.000216	0.000216	0.000000	0.000000	-0.000023
0.000158	0.000158	0.000000	0.000000	-0.000017
-0.000124	-0.000124	0.000000	0.000000	0.000013
-0.000098	-0.000098	0.000000	0.000000	0.000011
0.000053	0.000053	0.000000	0.000000	-0.000006
0.000157	0.000157	0.000000	0.000000	-0.000017
0.000164	0.000164	0.000000	0.000000	-0.000018
0.000170	0.000170	0.000000	0.000000	-0.000018
0.000201	0.000201	0.000000	0.000000	-0.000022
0.000166	0.000166	0.000000	0.000000	-0.000018
0.000216	0.000216	0.000000	0.000000	-0.000023
0.000217	0.000217	0.000000	0.000000	-0.000023
0.000231	0.000231	0.000000	0.000000	-0.000025
0.000231	0.000231	0.000000	0.000000	-0.000025
0.000197	0.000197	0.000000	0.000000	-0.000021
0.000184	0.000184	0.000000	0.000000	-0.000020
0.000167	0.000167	0.000000	0.000000	-0.000018
0.000291	0.000291	0.000000	0.000000	-0.000031
0.000111	0.000111	0.000000	0.000000	-0.000012
0.000159	0.000159	0.000000	0.000000	-0.000017
0.000144	0.000144	0.000000	0.000000	-0.000016
0.000162	0.000162	0.000000	0.000000	-0.000017
0.000169	0.000169	0.000000	0.000000	-0.000018
0.000186	0.000186	0.000000	0.000000	-0.000020
0.000147	0.000147	0.000000	0.000000	-0.000016
0.000131	0.000131	0.000000	0.000000	-0.000014
0.000130	0.000130	0.000000	0.000000	-0.000014
0.000131	0.000131	0.000000	0.000000	-0.000014
0.000113	0.000113	0.000000	0.000000	-0.000012
0.000192	0.000192	0.000000	0.000000	-0.000021
0.000089	0.000089	0.000000	0.000000	-0.000010
-0.000057	-0.000057	0.000000	0.000000	0.000006
0.000012	0.000012	0.000000	0.000000	-0.000001
0.000120	0.000120	0.000000	0.000000	-0.000013
0.000075	0.000075	0.000000	0.000000	-0.000008
0.000103	0.000103	0.000000	0.000000	-0.000011
0.000053	0.000053	0.000000	0.000000	-0.000006
-0.000144	-0.000144	0.000000	0.000000	0.000016
-0.000171	-0.000171	0.000000	0.000000	0.000019
-0.000032	-0.000032	0.000000	0.000000	0.000003
0.000104	0.000104	0.000000	0.000000	-0.000011
0.000000	0.000000	0.000000	0.000000	-0.000000
0.000040	0.000040	0.000000	0.000000	-0.000004
0.000113	0.000113	0.000000	0.000000	-0.000012
0.000138	0.000138	0.000000	0.000000	-0.000015
0.000111	0.000111	0.000000	0.000000	-0.000012
0.000166	0.000166	0.000000	0.000000	-0.000018
0.000070	0.000070	0.000000	0.000000	-0.000008
0.000022	0.000022	0.000000	0.000000	-0.000002
0.000133	0.000133	0.000000	0.000000	-0.000014
0.000086	0.000086	0.000000	0.000000	-0.000009
0.000065	0.000065	0.000000	0.000000	-0.000007
0.000236	0.000236	0.000000	0.000000	-0.000026
0.000110	0.000110	0.000000	0.000000	-0.000012
0.000046	0.000046	0.000000	0.000000	-0.000005
0.000014	0.000014	0.000000	0.000000	-0.000001
0.000168	0.000168	0.000000	0.000000	-0.000018
0.000185	0.000185	0.000000	0.000000	-0.000020
-0.000074	-0.000074	0.000000	0.000000	0.000008
-0.000208	-0.000208	0.000000	0.000000	0.000023
-0.000254	-0.000254	0.000000	0.000000	0.000028
-0.000231	-0.000231	0.000000	0.000000	0.000025
-0.000082	-0.000082	0.000000	0.000000	0.000009
0.000045	0.000045	0.000000	0.000000	-0.000005
-0.000012	-0.000012	0.000000	0.000000	0.000001
-0.000232	-0.000232	0.000000	0.000000	0.000025
-0.000077	-0.000077	0.000000	0.000000	0.000008
-0.000054	-0.000054	0.000000	0.000000	0.000006
0.000105	0.000105	0.000000	0.000000	-0.000011
0.000089	0.000089	0.000000	0.000000	-0.000010
-0.000075	-0.000075	0.000000	0.000000	0.000008
0.000065	0.000065	0.000000	0.000000	-0.000007
0.000159	0.000159	0.000000	0.000000	-0.000017
0.000038	0.000038	0.000000	0.000000	-0.000004
0.000018	0.000018	0.000000	0.000000	-0.000002
0.000462	0.000462	0.000000	0.000000	-0.000050
0.000381	0.000381	0.000000	0.000000	-0.000041
0.000054	0.000054	0.000000	0.000000	-0.000006
-0.000091	-0.000091	0.000000	0.000000	0.000010
-0.000235	-0.000235	0.000000	0.000000	0.000025
-0.000314	-0.000314	0.000000	0.000000	0.000034
-0.000309	-0.000309	0.000000	0.000000	0.000034
-0.000255	-0.000255	0.000000	0.000000	0.000028
-0.000080	-0.000080	0.000000	0.000000	0.000009
0.000095	0.000095	0.000000	0.000000	-0.000010
0.000341	0.000341	0.000000	0.000000	-0.000037
0.000241	0.000241	0.000000	0.000000	-0.000026
0.000031	0.000031	0.000000	0.000000	-0.000003
0.000101	0.000101	0.000000	0.000000	-0.000011
0.000158	0.000158	0.000000	0.000000	-0.000017
-0.000021	-0.000021	0.000000	0.000000	0.000002
-0.000243	-0.000243	0.000000	0.000000	0.000026
-0.000243	-0.000243	0.000000	0.000000	0.000026
-0.000358	-0.000358	0.000000	0.000000	0.000039
-0.000428	-0.000428	0.000000	0.000000	0.000046
-0.000383	-0.000383	0.000000	0.000000	0.000042
-0.000219	-0.000219	0.000000	0.000000	0.000024
-0.000141	-0.000141	0.000000	0.000000	0.000015
-0.000006	-0.000006	0.000000	0.000000	0.000001
0.000175	0.000175	0.000000	0.000000	-0.000019
0.000075	0.000075	0.000000	0.000000	-0.000008
-0.000266	-0.000266	0.000000	0.000000	0.000029
-0.000260	-0.000260	0.000000	0.000000	0.000028
-0.000327	-0.000327	0.000000	0.000000	0.000036
-0.000537	-0.000537	0.000000	0.000000	0.000058
-0.000377	-0.000377	0.000000	0.000000	0.000041
-0.000194	-0.000194	0.000000	0.000000	0.000021
-0.000176	-0.000176	0.000000	0.000000	0.000019
-0.000291	-0.000291	0.000000	0.000000	0.000032
-0.000411	-0.000411	0.000000	0.000000	0.000045
-0.000222	-0.000222	0.000000	0.000000	0.000024
0.000014	0.000014	0.000000	0.000000	-0.000002
0.000174	0.000174	0.000000	0.000000	-0.000019
0.000217	0.000217	0.000000	0.000000	-0.000023
0.000135	0.000135	0.000000	0.000000	-0.000015
-0.000003	-0.000003	0.000000	0.000000	0.000000
-0.000006	-0.000006	0.000000	0.000000	0.000001
-0.000092	-0.000092	0.000000	0.000000	0.000010
-0.000194	-0.000194	0.000000	0.000000	0.000021
-0.000194	-0.000194	0.000000	0.000000	0.000021
-0.000103	-0.000103	0.000000	0.000000	0.000011
-0.000107	-0.000107	0.000000	0.000000	0.000012
-0.000243	-0.000243	0.000000	0.000000	0.000026
-0.000457	-0.000457	0.000000	0.000000	0.000050
-0.000660	-0.000660	0.000000	0.000000	0.000072
-0.000566	-0.000566	0.000000	0.000000	0.000062
-0.000571	-0.000571	0.000000	0.000000	0.000062
-0.000520	-0.000520	0.000000	0.000000	0.000057
-0.000036	-0.000036	0.000000	0.000000	0.000004
0.000260	0.000260	0.000000	0.000000	-0.000028
0.000450	0.000450	0.000000	0.000000	-0.000049
0.000477	0.000477	0.000000	0.000000	-0.000052
0.000338	0.000338	0.000000	0.000000	-0.000037
-0.000004	-0.000004	0.000000	0.000000	0.000000
-0.000346	-0.000346	0.000000	0.000000	0.000038
-0.000621	-0.000621	0.000000	0.000000	0.000068
-0.000557	-0.000557	0.000000	0.000000	0.000061
-0.000535	-0.000535	0.000000	0.000000	0.000058
-0.000437	-0.000437	0.000000	0.000000	0.000048
-0.000435	-0.000435	0.000000	0.000000	0.000047
-0.000513	-0.000513	0.000000	0.000000	0.000056
-0.000531	-0.000531	0.000000	0.000000	0.000058
-0.000506	-0.000506	0.000000	0.000000	0.000055
-0.000510	-0.000510	0.000000	0.000000	0.000056
-0.000509	-0.000509	0.000000	0.000000	0.000056
-0.000533	-0.000533	0.000000	0.000000	0.000058
-0.000521	-0.000521	0.000000	0.000000	0.000057
-0.000451	-0.000451	0.000000	0.000000	0.000049
-0.000147	-0.000147	0.000000	0.000000	0.000016
0.000117	0.000117	0.000000	0.000000	-0.000013
0.000325	0.000325	0.000000	0.000000	-0.000035
0.000430	0.000430	0.000000	0.000000	-0.000047
0.000428	0.000428	0.000000	0.000000	-0.000046
0.000267	0.000267	0.000000	0.000000	-0.000029
-0.000055	-0.000055	0.000000	0.000000	0.000006
-0.000202	-0.000202	0.000000	0.000000	0.000022
-0.000295	-0.000295	0.000000	0.000000	0.000032
-0.000502	-0.000502	0.000000	0.000000	0.000055
-0.000604	-0.000604	0.000000	0.000000	0.000066
-0.000527	-0.000527	0.000000	0.000000	0.000058
-0.000511	-0.000511	0.000000	0.000000	0.000056
-0.000380	-0.000380	0.000000	0.000000	0.000041
-0.000301	-0.000301	0.000000	0.000000	0.000033
-0.000285	-0.000285	0.000000	0.000000	0.000031
-0.000292	-0.000292	0.000000	0.000000	0.000032
-0.000351	-0.000351	0.000000	0.000000	0.000038
-0.000459	-0.000459	0.000000	0.000000	0.000050
-0.000547	-0.000547	0.000000	0.000000	0.000060
-0.000559	-0.000559	0.000000	0.000000	0.000061
-0.000440	-0.000440	0.000000	0.000000	0.000048
-0.000230	-0.000230	0.000000	0.000000	0.000025
-0.000082	-0.000082	0.000000	0.000000	0.000009
0.000024	0.000024	0.000000	0.000000	-0.000003
0.000236	0.000236	0.000000	0.000000	-0.000026
0.000231	0.000231	0.000000	0.000000	-0.000025
0.000161	0.000161	0.000000	0.000000	-0.000018
0.000002	0.000002	0.000000	0.000000	-0.000000
-0.000224	-0.000224	0.000000	0.000000	0.000024
-0.000387	-0.000387	0.000000	0.000000	0.000042
-0.000517	-0.000517	0.000000	0.000000	0.000056
-0.000530	-0.000530	0.000000	0.000000	0.000058
-0.000311	-0.000311	0.000000	0.000000	0.000034
0.000105	0.000105	0.000000	0.000000	-0.000011
0.000508	0.000508	0.000000	0.000000	-0.000055
0.000640	0.000640	0.000000	0.000000	-0.000070
0.000608	0.000608	0.000000	0.000000	-0.000066
0.000404	0.000404	0.000000	0.000000	-0.000044
-0.000055	-0.000055	0.000000	0.000000	0.000006
-0.000105	-0.000105	0.000000	0.000000	0.000011
-0.000071	-0.000071	0.000000	0.000000	0.000008
-0.000228	-0.000228	0.000000	0.000000	0.000025
-0.000526	-0.000526	0.000000	0.000000	0.000057
-0.000465	-0.000465	0.000000	0.000000	0.000051
-0.000010	-0.000010	0.000000	0.000000	0.000001
0.000323	0.000323	0.000000	0.000000	-0.000035
0.000185	0.000185	0.000000	0.000000	-0.000020
-0.000270	-0.000270	0.000000	0.000000	0.000029
-0.000566	-0.000566	0.000000	0.000000	0.000062
-0.000532	-0.000532	0.000000	0.000000	0.000058
-0.000414	-0.000414	0.000000	0.000000	0.000045
-0.000310	-0.000310	0.000000	0.000000	0.000034
-0.000286	-0.000286	0.000000	0.000000	0.000031
-0.000303	-0.000303	0.000000	0.000000	0.000033
-0.000170	-0.000170	0.000000	0.000000	0.000019
-0.000144	-0.000144	0.000000	0.000000	0.000016
-0.000159	-0.000159	0.000000	0.000000	0.000017
-0.000117	-0.000117	0.000000	0.000000	0.000013
-0.000001	-0.000001	0.000000	0.000000	0.000000
0.000082	0.000082	0.000000	0.000000	-0.000009
0.000174	0.000174	0.000000	0.000000	-0.000019
0.000298	0.000298	0.000000	0.000000	-0.000032
0.000133	0.000133	0.000000	0.000000	-0.000014
-0.000097	-0.000097	0.000000	0.000000	0.000011
-0.000222	-0.000222	0.000000	0.000000	0.000024
-0.000253	-0.000253	0.000000	0.000000	0.000028
-0.000310	-0.000310	0.000000	0.000000	0.000034
-0.000368	-0.000368	0.000000	0.000000	0.000040
-0.000594	-0.000594	0.000000	0.000000	0.000065
-0.000324	-0.000324	0.000000	0.000000	0.000035
0.000042	0.000042	0.000000	0.000000	-0.000005
0.000205	0.000205	0.000000	0.000000	-0.000022
0.000164	0.000164	0.000000	0.000000	-0.000018
0.000076	0.000076	0.000000	0.000000	-0.000008
-0.000021	-0.000021	0.000000	0.000000	0.000002
0.000056	0.000056	0.000000	0.000000	-0.000006
0.000037	0.000037	0.000000	0.000000	-0.000004
0.000115	0.000115	0.000000	0.000000	-0.000012
0.000049	0.000049	0.000000	0.000000	-0.000005
-0.000082	-0.000082	0.000000	0.000000	0.000009
-0.000167	-0.000167	0.000000	0.000000	0.000018
-0.000155	-0.000155	0.000000	0.000000	0.000017
0.000024	0.000024	0.000000	0.000000	-0.000003
0.000152	0.000152	0.000000	0.000000	-0.000017
0.000344	0.000344	0.000000	0.000000	-0.000037
0.000305	0.000305	0.000000	0.000000	-0.000033
0.000121	0.000121	0.000000	0.000000	-0.000013
-0.000079	-0.000079	0.000000	0.000000	0.000009
0.000057	0.000057	0.000000	0.000000	-0.000006
-0.000000	-0.000000	0.000000	0.000000	0.000000
-0.000145	-0.000145	0.000000	0.000000	0.000016
0.000124	0.000124	0.000000	0.000000	-0.000014
0.000240	0.000240	0.000000	0.000000	-0.000026
0.000234	0.000234	0.000000	0.000000	-0.000025
0.000193	0.000193	0.000000	0.000000	-0.000021
0.000167	0.000167	0.000000	0.000000	-0.000018
0.000116	0.000116	0.000000	0.000000	-0.000013
0.000085	0.000085	0.000000	0.000000	-0.000009
-0.000020	-0.000020	0.000000	0.000000	0.000002
-0.000027	-0.000027	0.000000	0.000000	0.000003
-0.000127	-0.000127	0.000000	0.000000	0.000014
0.039893	0.039893	0.000000	0.000000	0.100014
0.119893	0.119893	0.000000	0.000000	0.222145
0.199893	0.199893	0.000000	0.000000	0.355690
0.279893	0.279893	0.000000	0.000000	0.400150
0.359893	0.359893	0.000000	0.000000	0.412362
0.439893	0.439893	0.000000	0.000000	0.437096
0.500000	0.500000	0.000000	0.000000	0.446884
0.500000	0.500000	0.000000	0.000000	0.427509
0.500000	0.500000	0.000000	0.000000	0.395095
0.500000	0.500000	0.000000	0.000000	0.369649
0.500000	0.500000	0.000000	0.000000	0.326005
0.500000	0.500000	0.000000	0.000000	0.286388
0.500000	0.500000	0.000000	0.000000	0.236585
0.500000	0.500000	0.000000	0.000000	0.203695
0.500000	0.500000	0.000000	0.000000	0.160347
0.500000	0.500000	0.000000	0.000000	0.116267
0.500000	0.500000	0.000000	0.000000	0.072651
0.500000	0.500000	0.000000	0.000000	0.037108
0.500000	0.500000	0.000000	0.000000	0.003836
0.500000	0.500000	0.000000	0.000000	-0.028543
0.500000	0.500000	0.000000	0.000000	-0.050696
0.500000	0.500000	0.000000	0.000000	-0.068452
0.500000	0.500000	0.000000	0.000000	-0.084339
0.500000	0.500000	0.000000	0.000000	-0.097269
0.500000	0.500000	0.000000	0.000000	-0.113219
0.500000	0.500000	0.000000	0.000000	-0.122116
0.500000	0.500000	0.000000	0.000000	-0.128145
0.500000	0.500000	0.000000	0.000000	-0.136602
0.500000	0.500000	0.000000	0.000000	-0.140561
0.500000	0.500000	0.000000	0.000000	-0.141603
0.500000	0.500000	0.000000	0.000000	-0.145178
0.500000	0.500000	0.000000	0.000000	-0.140640
0.500000	0.500000	0.000000	0.000000	-0.135282
0.500000	0.500000	0.000000	0.000000	-0.134491
0.500000	0.500000	0.000000	0.000000	-0.126199
0.500000	0.500000	0.000000	0.000000	-0.117816
0.500000	0.500000	0.000000	0.000000	-0.106175
0.500000	0.500000	0.000000	0.000000	-0.100786
0.500000	0.500000	0.000000	0.000000	-0.090093
0.500000	0.500000	0.000000	0.000000	-0.078866
0.500000	0.500000	0.000000	0.000000	-0.068738
0.500000	0.500000	0.000000	0.000000	-0.058137
0.500000	0.500000	0.000000	0.000000	-0.050321
0.500000	0.500000	0.000000	0.000000	-0.043712
0.500000	0.500000	0.000000	0.000000	-0.035362
0.500000	0.500000	0.000000	0.000000	-0.027477
0.500000	0.500000	0.000000	0.000000	-0.029472
0.500000	0.500000	0.000000	0.000000	-0.022931
0.500000	0.500000	0.000000	0.000000	-0.018000
0.500000	0.500000	0.000000	0.000000	-0.013782
0.500000	0.500000	0.000000	0.000000	-0.010245
0.500000	0.500000	0.000000	0.000000	-0.007990
0.500000	0.500000	0.000000	0.000000	-0.006432
0.500000	0.500000	0.000000	0.000000	-0.006436
0.500000	0.500000	0.000000	0.000000	-0.006679
0.500000	0.500000	0.000000	0.000000	-0.006471
0.500000	0.500000	0.000000	0.000000	-0.006302
0.500000	0.500000	0.000000	0.000000	-0.006512
0.500000	0.500000	0.000000	0.000000	-0.007091
0.500000	0.500000	0.000000	0.000000	-0.007354
0.500000	0.500000	0.000000	0.000000	-0.008593
0.500000	0.500000	0.000000	0.000000	-0.019273
0.500000	0.500000	0.000000	0.000000	-0.020122
0.500000	0.500000	0.000000	0.000000	-0.021824
0.500000	0.500000	0.000000	0.000000	-0.019989
0.500000	0.500000	0.000000	0.000000	-0.018052
0.500000	0.500000	0.000000	0.000000	-0.016800
0.500000	0.500000	0.000000	0.000000	-0.017113
0.500000	0.500000	0.000000	0.000000	-0.017911
0.500000	0.500000	0.000000	0.000000	-0.018144
0.500000	0.500000	0.000000	0.000000	-0.017495
0.500000	0.500000	0.000000	0.000000	-0.016707
0.500000	0.500000	0.000000	0.000000	-0.016183
0.500000	0.500000	0.000000	0.000000	-0.014756
0.500000	0.500000	0.000000	0.000000	-0.013582
0.500000	0.500000	0.000000	0.000000	-0.011963
0.500000	0.500000	0.000000	0.000000	-0.010671
0.500000	0.500000	0.000000	0.000000	-0.009216
0.500000	0.500000	0.000000	0.000000	-0.008324
0.500000	0.500000	0.000000	0.000000	-0.006808
0.500000	0.500000	0.000000	0.000000	-0.006218
0.500000	0.500000	0.000000	0.000000	-0.107571
0.500000	0.500000	0.000000	0.000000	-0.227910
0.500000	0.500000	0.000000	0.000000	-0.233876
0.500000	0.500000	0.000000	0.000000	-0.244958
0.500000	0.500000	0.000000	0.000000	-0.247155
0.500000	0.500000	0.000000	0.000000	-0.242300
0.500000	0.500000	0.000000	0.000000	-0.233368
0.500000	0.500000	0.000000	0.000000	-0.217530
0.500000	0.500000	0.000000	0.000000	-0.201991
0.500000	0.500000	0.000000	0.000000	-0.185168
0.500000	0.500000	0.000000	0.000000	-0.164630
0.500000	0.500000	0.000000	0.000000	-0.144625
0.500000	0.500000	0.000000	0.000000	-0.125222
0.500000	0.500000	0.000000	0.000000	-0.106006
0.500000	0.500000	0.000000	0.000000	-0.087008
0.500000	0.500000	0.000000	0.000000	-0.069855
0.500000	0.500000	0.000000	0.000000	-0.050652
0.500000	0.500000	0.000000	0.000000	-0.034208
0.500000	0.500000	0.000000	0.000000	-0.018585
0.500000	0.500000	0.000000	0.000000	-0.006341
0.500000	0.500000	0.000000	0.000000	0.006515
0.500000	0.500000	0.000000	0.000000	0.016552
0.500000	0.500000	0.000000	0.000000	0.023121
0.500000	0.500000	0.000000	0.000000	0.030355
0.500000	0.500000	0.000000	0.000000	0.035896
0.500000	0.500000	0.000000	0.000000	0.040771
0.500000	0.500000	0.000000	0.000000	0.045327
0.500000	0.500000	0.000000	0.000000	0.049251
0.500000	0.500000	0.000000	0.000000	0.050272
0.500000	0.500000	0.000000	0.000000	0.049069
0.500000	0.500000	0.000000	0.000000	0.047817
0.500000	0.500000	0.000000	0.000000	0.047270
0.500000	0.500000	0.000000	0.000000	0.046223
0.500000	0.500000	0.000000	0.000000	0.044754
0.500000	0.500000	0.000000	0.000000	0.043243
0.500000	0.500000	0.000000	0.000000	0.039139
0.500000	0.500000	0.000000	0.000000	0.037144
0.500000	0.500000	0.000000	0.000000	0.033432
0.500000	0.500000	0.000000	0.000000	0.030882
0.500000	0.500000	0.000000	0.000000	0.027548
0.500000	0.500000	0.000000	0.000000	0.024143
0.500000	0.500000	0.000000	0.000000	0.018745
0.500000	0.500000	0.000000	0.000000	0.015576
0.500000	0.500000	0.000000	0.000000	0.010721
0.500000	0.500000	0.000000	0.000000	0.006713
0.500000	0.500000	0.000000	0.000000	0.001725
0.500000	0.500000	0.000000	0.000000	-0.004856
0.500000	0.500000	0.000000	0.000000	-0.008800
0.500000	0.500000	0.000000	0.000000	-0.013817
0.500000	0.500000	0.000000	0.000000	-0.017150
0.500000	0.500000	0.000000	0.000000	-0.021084
0.500000	0.500000	0.000000	0.000000	-0.024305
0.500000	0.500000	0.000000	0.000000	-0.031823
0.500000	0.500000	0.000000	0.000000	-0.034762
0.500000	0.500000	0.000000	0.000000	-0.035150
0.477212	0.477113	0.000000	0.000000	-0.035153
0.442396	0.442316	0.000000	0.000000	-0.033652
0.421291	0.421206	0.000000	0.000000	-0.035839
0.384714	0.384652	0.000000	0.000000	-0.033037
0.341285	0.341230	0.000000	0.000000	-0.029836
0.289662	0.289619	0.000000	0.000000	-0.024851
0.238736	0.238705	0.000000	0.000000	-0.020382
0.184219	0.184204	0.000000	0.000000	-0.015794
0.171735	0.171720	0.000000	0.000000	-0.016293
0.133459	0.133452	0.000000	0.000000	-0.012902
0.110652	0.110647	0.000000	0.000000	-0.010796
0.091530	0.091528	0.000000	0.000000	-0.008925
0.072393	0.072392	0.000000	0.000000	-0.007018
0.058360	0.058359	0.000000	0.000000	-0.005553
0.046739	0.046739	0.000000	0.000000	-0.004452
0.035515	0.035514	0.000000	0.000000	-0.003319
0.028965	0.028965	0.000000	0.000000	-0.002680
0.025963	0.025963	0.000000	0.000000	-0.002462
0.025529	0.025529	0.000000	0.000000	-0.002456
0.024430	0.024430	0.000000	0.000000	-0.002363
0.021171	0.021171	0.000000	0.000000	-0.002060
0.014296	0.014296	0.000000	0.000000	-0.001363
0.007202	0.007202	0.000000	0.000000	-0.000640
0.004327	0.004327	0.000000	0.000000	-0.000387
0.005644	0.005644	0.000000	0.000000	-0.000523
0.005678	0.005678	0.000000	0.000000	-0.000528
0.005918	0.005918	0.000000	0.000000	-0.000554
0.005639	0.005639	0.000000	0.000000	-0.000530
0.005381	0.005381	0.000000	0.000000	-0.000507
0.005076	0.005076	0.000000	0.000000	-0.000481
0.004478	0.004478	0.000000	0.000000	-0.000427
0.003730	0.003730	0.000000	0.000000	-0.000358
0.002750	0.002750	0.000000	0.000000	-0.000266
0.001713	0.001713	0.000000	0.000000	-0.000167
0.000472	0.000472	0.000000	0.000000	-0.000046
0.000560	0.000560	0.000000	0.000000	-0.000055
0.000779	0.000779	0.000000	0.000000	-0.000076
0.000454	0.000454	0.000000	0.000000	-0.000045
0.000724	0.000724	0.000000	0.000000	-0.000071
0.000606	0.000606	0.000000	0.000000	-0.000060
0.000609	0.000609	0.000000	0.000000	-0.000060
0.000645	0.000645	0.000000	0.000000	-0.000064
0.000596	0.000596	0.000000	0.000000	-0.000059
0.000860	0.000860	0.000000	0.000000	-0.000085
0.000748	0.000748	0.000000	0.000000	-0.000074
0.000709	0.000709	0.000000	0.000000	-0.000070
0.000689	0.000689	0.000000	0.000000	-0.000068
0.000652	0.000652	0.000000	0.000000	-0.000064
0.001027	0.001027	0.000000	0.000000	-0.000101
0.000689	0.000689	0.000000	0.000000	-0.000068
0.000622	0.000622	0.000000	0.000000	-0.000062
0.000602	0.000602	0.000000	0.000000	-0.000059
0.000564	0.000564	0.000000	0.000000	-0.000056
0.000693	0.000693	0.000000	0.000000	-0.000068
0.000597	0.000597	0.000000	0.000000	-0.000059
0.000486	0.000486	0.000000	0.000000	-0.000048
0.000787	0.000787	0.000000	0.000000	-0.000078
0.000753	0.000753	0.000000	0.000000	-0.000074
0.000512	0.000512	0.000000	0.000000	-0.000051
0.000750	0.000750	0.000000	0.000000	-0.000074
0.000483	0.000483	0.000000	0.000000	-0.000048
0.000590	0.000590	0.000000	0.000000	-0.000058
0.000760	0.000760	0.000000	0.000000	-0.000075
