0.000000	0.000000	0.000000	0.000000	0.000000	0.000000	0.000000	0.000000	0.000000	0.000000
0.002903	0.002902	0.002903	0.002902	0.000000	0.000000	0.000000	0.000000	-0.000090	0.040000
0.005615	0.005614	0.005615	0.005614	0.000000	0.000000	0.000000	0.000000	-0.000120	0.120000
0.012766	0.012763	0.012766	0.012763	0.000000	0.000000	0.000000	0.000000	-0.000279	0.200000
0.024591	0.024579	0.024591	0.024579	0.000000	0.000000	0.000000	0.000000	-0.000552	0.280000
0.040982	0.040946	0.040982	0.040946	0.000000	0.000000	0.000000	0.000000	-0.000947	0.360000
0.061813	0.061729	0.061813	0.061729	0.000000	0.000000	0.000000	0.000000	-0.001473	0.440000
0.087112	0.086942	0.087112	0.086942	0.000000	0.000000	0.000000	0.000000	-0.002123	0.520000
0.116750	0.116594	0.116749	0.116594	0.000000	0.000000	0.000000	0.000000	-0.001448	0.600000
0.147698	0.147499	0.147698	0.147499	0.000000	0.000000	0.000000	0.000000	-0.001468	0.650000
0.179327	0.178992	0.179327	0.178992	0.000000	0.000000	0.000000	0.000000	-0.002028	0.650000
0.213689	0.213176	0.213688	0.213176	0.000000	0.000000	0.000000	0.000000	-0.002609	0.650000
0.247871	0.247256	0.247870	0.247256	0.000000	0.000000	0.000000	0.000000	-0.002700	0.650000
0.282027	0.281287	0.282027	0.281286	0.000000	0.000000	0.000000	0.000000	-0.002859	0.650000
0.316009	0.315023	0.316008	0.315022	0.000000	0.000000	0.000000	0.000000	-0.003399	0.650000
0.349379	0.347621	0.349378	0.347620	0.000000	0.000000	0.000000	0.000000	-0.005485	0.650000
0.381101	0.378325	0.381098	0.378322	0.000000	0.000000	0.000000	0.000000	-0.007949	0.650000
0.410154	0.406519	0.410148	0.406512	0.000000	0.000000	0.000000	0.000000	-0.009682	0.650000
0.439336	0.434918	0.439325	0.434908	0.000000	0.000000	0.000000	0.000000	-0.010991	0.650000
0.465089	0.461147	0.465075	0.461134	0.000000	0.000000	0.000000	0.000000	-0.009256	0.650000
0.491415	0.488676	0.491405	0.488665	0.000000	0.000000	0.000000	0.000000	-0.006079	0.650000
0.511224	0.510871	0.511219	0.510866	0.000000	0.000000	0.000000	0.000000	-0.000752	0.650000
0.526592	0.529833	0.526592	0.529833	0.000000	0.000000	0.000000	0.000000	0.006674	0.650000
0.537825	0.544632	0.537819	0.544627	0.000000	0.000000	0.000000	0.000000	0.013678	0.650000
0.548639	0.559490	0.548616	0.559468	0.000000	0.000000	0.000000	0.000000	0.021298	0.650000
0.564454	0.581112	0.564403	0.581065	0.000000	0.000000	0.000000	0.000000	0.031629	0.650000
0.573833	0.593845	0.573735	0.593753	0.000000	0.000000	0.000000	0.000000	0.037280	0.650000
0.587767	0.612777	0.587642	0.612664	0.000000	0.000000	0.000000	0.000000	0.045317	0.650000
0.596337	0.626258	0.596165	0.626105	0.000000	0.000000	0.000000	0.000000	0.053241	0.650000
0.602878	0.635643	0.602648	0.635436	0.000000	0.000000	0.000000	0.000000	0.057554	0.650000
0.610963	0.645924	0.610716	0.645705	0.000000	0.000000	0.000000	0.000000	0.060515	0.650000
0.625567	0.661499	0.625311	0.661271	0.000000	0.000000	0.000000	0.000000	0.060737	0.650000
0.631403	0.669552	0.631148	0.669332	0.000000	0.000000	0.000000	0.000000	0.063798	0.650000
0.640321	0.680556	0.640055	0.680330	0.000000	0.000000	0.000000	0.000000	0.066273	0.650000
0.648502	0.688979	0.648210	0.688726	0.000000	0.000000	0.000000	0.000000	0.065845	0.650000
0.657136	0.696941	0.656868	0.696710	0.000000	0.000000	0.000000	0.000000	0.063957	0.650000
0.661448	0.700774	0.661195	0.700557	0.000000	0.000000	0.000000	0.000000	0.062808	0.650000
0.667277	0.709670	0.667043	0.709484	0.000000	0.000000	0.000000	0.000000	0.066985	0.650000
0.675819	0.724181	0.675776	0.724224	0.000000	0.000000	0.000000	0.000000	0.075166	0.650000
0.674611	0.725389	0.674561	0.725439	0.000000	0.000000	0.000000	0.000000	0.078923	0.650000
0.673897	0.726103	0.673842	0.726158	0.000000	0.000000	0.000000	0.000000	0.081146	0.650000
0.673055	0.726945	0.672995	0.727005	0.000000	0.000000	0.000000	0.000000	0.083767	0.650000
0.670689	0.729311	0.670612	0.729388	0.000000	0.000000	0.000000	0.000000	0.091130	0.650000
0.666380	0.733620	0.666263	0.733737	0.000000	0.000000	0.000000	0.000000	0.104549	0.650000
0.661029	0.738971	0.660847	0.739153	0.000000	0.000000	0.000000	0.000000	0.121222	0.650000
0.658421	0.741579	0.658200	0.741800	0.000000	0.000000	0.000000	0.000000	0.129354	0.650000
0.654667	0.745333	0.654380	0.745620	0.000000	0.000000	0.000000	0.000000	0.141068	0.650000
0.647598	0.752402	0.647153	0.752847	0.000000	0.000000	0.000000	0.000000	0.163145	0.650000
0.640544	0.759456	0.639892	0.760108	0.000000	0.000000	0.000000	0.000000	0.185213	0.650000
0.635157	0.764843	0.634308	0.765692	0.000000	0.000000	0.000000	0.000000	0.202096	0.650000
0.629237	0.770763	0.628130	0.771870	0.000000	0.000000	0.000000	0.000000	0.220677	0.650000
0.614102	0.785898	0.612100	0.787900	0.000000	0.000000	0.000000	0.000000	0.268349	0.650000
0.603174	0.796826	0.600279	0.799721	0.000000	0.000000	0.000000	0.000000	0.302946	0.650000
0.594730	0.805270	0.590978	0.809022	0.000000	0.000000	0.000000	0.000000	0.329793	0.650000
0.582662	0.817338	0.577398	0.822602	0.000000	0.000000	0.000000	0.000000	0.368362	0.650000
0.570131	0.829869	0.562882	0.837118	0.000000	0.000000	0.000000	0.000000	0.408691	0.650000
0.558866	0.841134	0.549416	0.850584	0.000000	0.000000	0.000000	0.000000	0.445226	0.650000
0.543956	0.856044	0.530884	0.869116	0.000000	0.000000	0.000000	0.000000	0.494042	0.650000
0.530882	0.869118	0.513857	0.886143	0.000000	0.000000	0.000000	0.000000	0.537341	0.650000
0.519624	0.880376	0.498513	0.901487	0.000000	0.000000	0.000000	0.000000	0.575051	0.650000
0.511936	0.888064	0.487622	0.912378	0.000000	0.000000	0.000000	0.000000	0.601049	0.650000
0.505089	0.894911	0.477608	0.922392	0.000000	0.000000	0.000000	0.000000	0.624391	0.650000
0.495546	0.904454	0.463105	0.936894	0.000000	0.000000	0.000000	0.000000	0.657235	0.650000
0.488709	0.911291	0.450935	0.944895	0.000000	0.000000	0.000000	0.000000	0.681011	0.650000
0.477688	0.922312	0.426994	0.950489	0.000000	0.000000	0.000000	0.000000	0.719810	0.650000
0.469448	0.930552	0.404760	0.946038	0.000000	0.000000	0.000000	0.000000	0.749233	0.650000
0.459848	0.935265	0.384533	0.945567	0.000000	0.000000	0.000000	0.000000	0.778138	0.650000
0.446559	0.931894	0.364557	0.946435	0.000000	0.000000	0.000000	0.000000	0.807188	0.650000
0.429281	0.929586	0.336701	0.952025	0.000000	0.000000	0.000000	0.000000	0.849262	0.650000
0.414632	0.921817	0.314506	0.951057	0.000000	0.000000	0.000000	0.000000	0.879466	0.650000
0.403006	0.912045	0.297977	0.946319	0.000000	0.000000	0.000000	0.000000	0.900000	0.650000
0.393301	0.890081	0.290705	0.923224	0.000000	0.000000	0.000000	0.000000	0.900000	0.650000
0.384573	0.870331	0.284263	0.902767	0.000000	0.000000	0.000000	0.000000	0.900000	0.650000
0.381634	0.863678	0.281924	0.895340	0.000000	0.000000	0.000000	0.000000	0.900000	0.650000
0.378230	0.855974	0.279365	0.887212	0.000000	0.000000	0.000000	0.000000	0.900000	0.650000
0.372751	0.843575	0.275398	0.874612	0.000000	0.000000	0.000000	0.000000	0.900000	0.650000
0.370655	0.838832	0.273779	0.869471	0.000000	0.000000	0.000000	0.000000	0.900000	0.650000
0.370655	0.838831	0.273776	0.869462	0.000000	0.000000	0.000000	0.000000	0.900000	0.650000
0.370615	0.838743	0.273566	0.868795	0.000000	0.000000	0.000000	0.000000	0.900000	0.650000
0.368814	0.834665	0.272230	0.864553	0.000000	0.000000	0.000000	0.000000	0.900000	0.650000
0.368814	0.834665	0.272221	0.864525	0.000000	0.000000	0.000000	0.000000	0.900000	0.650000
0.368814	0.834665	0.272221	0.864525	0.000000	0.000000	0.000000	0.000000	0.900000	0.650000
0.368814	0.834665	0.273478	0.868514	0.000000	0.000000	0.000000	0.000000	0.900000	0.650000
0.370280	0.837983	0.275411	0.874654	0.000000	0.000000	0.000000	0.000000	0.900000	0.650000
0.374501	0.847536	0.278369	0.884048	0.000000	0.000000	0.000000	0.000000	0.900000	0.650000
0.380085	0.860173	0.282275	0.896454	0.000000	0.000000	0.000000	0.000000	0.900000	0.650000
0.386082	0.873745	0.286474	0.909790	0.000000	0.000000	0.000000	0.000000	0.900000	0.650000
0.393350	0.890192	0.291593	0.926045	0.000000	0.000000	0.000000	0.000000	0.900000	0.650000
0.404147	0.914628	0.299363	0.950721	0.000000	0.000000	0.000000	0.000000	0.900000	0.650000
0.413623	0.936074	0.306166	0.972328	0.000000	0.000000	0.000000	0.000000	0.900000	0.650000
0.421806	0.954593	0.312077	0.991098	0.000000	0.000000	0.000000	0.000000	0.900000	0.650000
0.428319	0.969333	0.316961	1.006610	0.000000	0.000000	0.000000	0.000000	0.900000	0.650000
0.429039	0.970961	0.323291	1.026711	0.000000	0.000000	0.000000	0.000000	0.900000	0.650000
0.429039	0.970961	0.328725	1.043971	0.000000	0.000000	0.000000	0.000000	0.900000	0.650000
0.429039	0.970961	0.334252	1.061522	0.000000	0.000000	0.000000	0.000000	0.900000	0.650000
0.429039	0.970961	0.335264	1.064736	0.000000	0.000000	0.000000	0.000000	0.900000	0.650000
0.429039	0.970961	0.335264	1.064736	0.000000	0.000000	0.000000	0.000000	0.900000	0.650000
0.429039	0.970961	0.335264	1.064736	0.000000	0.000000	0.000000	0.000000	0.900000	0.650000
0.429039	0.970961	0.335264	1.064736	0.000000	0.000000	0.000000	0.000000	0.900000	0.650000
0.429039	0.970961	0.335264	1.064736	0.000000	0.000000	0.000000	0.000000	0.900000	0.650000
0.429039	0.970961	0.335264	1.064736	0.000000	0.000000	0.000000	0.000000	0.900000	0.650000
0.429039	0.970961	0.335264	1.064736	0.000000	0.000000	0.000000	0.000000	0.900000	0.650000
0.444427	0.955573	0.370426	1.029573	0.000000	0.000000	0.000000	0.000000	0.841152	0.650000
0.463259	0.936741	0.408135	0.991865	0.000000	0.000000	0.000000	0.000000	0.771591	0.650000
0.480637	0.919363	0.438984	0.961016	0.000000	0.000000	0.000000	0.000000	0.709369	0.650000
0.498161	0.901839	0.467147	0.932853	0.000000	0.000000	0.000000	0.000000	0.648196	0.650000
0.523497	0.876503	0.503869	0.896131	0.000000	0.000000	0.000000	0.000000	0.562029	0.650000
0.550871	0.849129	0.539588	0.860412	0.000000	0.000000	0.000000	0.000000	0.471331	0.650000
0.575035	0.824965	0.568617	0.831383	0.000000	0.000000	0.000000	0.000000	0.392872	0.650000
0.601985	0.798015	0.598978	0.801022	0.000000	0.000000	0.000000	0.000000	0.306721	0.650000
0.628864	0.771136	0.627740	0.772260	0.000000	0.000000	0.000000	0.000000	0.221847	0.650000
0.663104	0.736896	0.662949	0.737051	0.000000	0.000000	0.000000	0.000000	0.114755	0.650000
0.695425	0.704575	0.695425	0.704575	0.000000	0.000000	0.000000	0.000000	0.014215	0.650000
0.726087	0.673913	0.726141	0.673859	0.000000	0.000000	0.000000	0.000000	-0.081095	0.650000
0.757333	0.642667	0.757917	0.642083	0.000000	0.000000	0.000000	0.000000	-0.178570	0.650000
0.786347	0.613653	0.788381	0.611619	0.000000	0.000000	0.000000	0.000000	-0.269768	0.650000
0.815817	0.584183	0.820870	0.579130	0.000000	0.000000	0.000000	0.000000	-0.363486	0.650000
0.838794	0.561206	0.847752	0.552248	0.000000	0.000000	0.000000	0.000000	-0.437614	0.650000
0.858465	0.541535	0.872210	0.527790	0.000000	0.000000	0.000000	0.000000	-0.502022	0.650000
0.873178	0.526822	0.891599	0.508401	0.000000	0.000000	0.000000	0.000000	-0.550893	0.650000
0.884832	0.515168	0.907755	0.492244	0.000000	0.000000	0.000000	0.000000	-0.590092	0.650000
0.892945	0.507055	0.919484	0.480515	0.000000	0.000000	0.000000	0.000000	-0.617670	0.650000
0.901109	0.498891	0.931734	0.468266	0.000000	0.000000	0.000000	0.000000	-0.645677	0.650000
0.910793	0.489207	0.946915	0.453084	0.000000	0.000000	0.000000	0.000000	-0.679271	0.650000
0.915743	0.484257	0.954979	0.445021	0.000000	0.000000	0.000000	0.000000	-0.696612	0.650000
0.919977	0.480023	0.961176	0.437549	0.000000	0.000000	0.000000	0.000000	-0.711539	0.650000
0.923485	0.476515	0.965061	0.430627	0.000000	0.000000	0.000000	0.000000	-0.723976	0.650000
0.928969	0.471031	0.977272	0.422172	0.000000	0.000000	0.000000	0.000000	-0.743551	0.650000
0.931366	0.468634	0.980204	0.417281	0.000000	0.000000	0.000000	0.000000	-0.752163	0.650000
0.934622	0.465378	0.985654	0.411130	0.000000	0.000000	0.000000	0.000000	-0.763912	0.650000
0.938304	0.461696	0.994073	0.404890	0.000000	0.000000	0.000000	0.000000	-0.777275	0.650000
0.937730	0.462270	0.990056	0.404776	0.000000	0.000000	0.000000	0.000000	-0.775185	0.650000
0.936591	0.463409	0.983254	0.404983	0.000000	0.000000	0.000000	0.000000	-0.771047	0.650000
0.938305	0.461695	0.986513	0.401810	0.000000	0.000000	0.000000	0.000000	-0.777277	0.650000
0.937270	0.462730	0.984958	0.403902	0.000000	0.000000	0.000000	0.000000	-0.773512	0.650000
0.939224	0.460776	0.988693	0.400261	0.000000	0.000000	0.000000	0.000000	-0.780626	0.650000
0.937787	0.462213	0.987269	0.403486	0.000000	0.000000	0.000000	0.000000	-0.775391	0.650000
0.935392	0.464608	0.979949	0.406750	0.000000	0.000000	0.000000	0.000000	-0.766698	0.650000
0.934962	0.465038	0.979179	0.407547	0.000000	0.000000	0.000000	0.000000	-0.765142	0.650000
0.933327	0.466673	0.977019	0.410877	0.000000	0.000000	0.000000	0.000000	-0.759232	0.650000
0.931344	0.468656	0.973179	0.414346	0.000000	0.000000	0.000000	0.000000	-0.752084	0.650000
0.926283	0.473717	0.958424	0.420731	0.000000	0.000000	0.000000	0.000000	-0.733941	0.650000
0.925927	0.474073	0.957809	0.421346	0.000000	0.000000	0.000000	0.000000	-0.732671	0.650000
0.923242	0.476758	0.954435	0.426483	0.000000	0.000000	0.000000	0.000000	-0.723112	0.650000
0.918846	0.481154	0.943722	0.432330	0.000000	0.000000	0.000000	0.000000	-0.707542	0.650000
0.916369	0.483631	0.939663	0.436391	0.000000	0.000000	0.000000	0.000000	-0.698814	0.650000
0.914706	0.485294	0.939999	0.440509	0.000000	0.000000	0.000000	0.000000	-0.692967	0.650000
0.909170	0.490830	0.928743	0.448164	0.000000	0.000000	0.000000	0.000000	-0.673613	0.650000
0.904008	0.495992	0.916719	0.454147	0.000000	0.000000	0.000000	0.000000	-0.655692	0.650000
0.901591	0.498409	0.913066	0.457799	0.000000	0.000000	0.000000	0.000000	-0.647339	0.650000
0.898674	0.501326	0.913622	0.464642	0.000000	0.000000	0.000000	0.000000	-0.637294	0.650000
0.893637	0.506363	0.904403	0.471109	0.000000	0.000000	0.000000	0.000000	-0.620031	0.650000
0.886969	0.513031	0.890241	0.478151	0.000000	0.000000	0.000000	0.000000	-0.597332	0.650000
0.882664	0.517336	0.884264	0.484125	0.000000	0.000000	0.000000	0.000000	-0.582764	0.650000
0.876077	0.523922	0.872296	0.491355	0.000000	0.000000	0.000000	0.000000	-0.560603	0.650000
0.875036	0.524963	0.870911	0.492741	0.000000	0.000000	0.000000	0.000000	-0.557115	0.650000
0.870591	0.529407	0.868372	0.500506	0.000000	0.000000	0.000000	0.000000	-0.542257	0.650000
0.866469	0.533530	0.863010	0.505871	0.000000	0.000000	0.000000	0.000000	-0.528530	0.650000
0.855104	0.537587	0.849782	0.511956	0.000000	0.000000	0.000000	0.000000	-0.505744	0.650000
0.855622	0.537068	0.850437	0.511302	0.000000	0.000000	0.000000	0.000000	-0.507467	0.650000
0.854245	0.542566	0.851021	0.519527	0.000000	0.000000	0.000000	0.000000	-0.494541	0.650000
0.852192	0.544619	0.848464	0.522085	0.000000	0.000000	0.000000	0.000000	-0.487767	0.650000
0.851580	0.545232	0.849174	0.523750	0.000000	0.000000	0.000000	0.000000	-0.485751	0.650000
0.850501	0.549499	0.851102	0.530999	0.000000	0.000000	0.000000	0.000000	-0.475828	0.650000
0.847856	0.552144	0.847851	0.534250	0.000000	0.000000	0.000000	0.000000	-0.467165	0.650000
0.838100	0.558716	0.832825	0.540144	0.000000	0.000000	0.000000	0.000000	-0.441569	0.650000
0.836408	0.560408	0.830817	0.542153	0.000000	0.000000	0.000000	0.000000	-0.436055	0.650000
0.834033	0.562783	0.829853	0.546166	0.000000	0.000000	0.000000	0.000000	-0.428328	0.650000
0.830221	0.566595	0.825662	0.550822	0.000000	0.000000	0.000000	0.000000	-0.415949	0.650000
0.827379	0.569437	0.822359	0.554126	0.000000	0.000000	0.000000	0.000000	-0.406741	0.650000
0.826310	0.570506	0.821646	0.555715	0.000000	0.000000	0.000000	0.000000	-0.403283	0.650000
0.825699	0.572272	0.822664	0.558913	0.000000	0.000000	0.000000	0.000000	-0.399100	0.650000
0.824394	0.575606	0.825064	0.565403	0.000000	0.000000	0.000000	0.000000	-0.391035	0.650000
0.822170	0.577830	0.823952	0.568958	0.000000	0.000000	0.000000	0.000000	-0.383876	0.650000
0.821830	0.578170	0.826341	0.571269	0.000000	0.000000	0.000000	0.000000	-0.382784	0.650000
0.821995	0.578005	0.827944	0.572055	0.000000	0.000000	0.000000	0.000000	-0.383316	0.650000
0.822890	0.577110	0.828978	0.571022	0.000000	0.000000	0.000000	0.000000	-0.386194	0.650000
0.821947	0.578053	0.827888	0.572112	0.000000	0.000000	0.000000	0.000000	-0.383159	0.650000
0.821006	0.578994	0.826804	0.573195	0.000000	0.000000	0.000000	0.000000	-0.380136	0.650000
0.819980	0.580020	0.825625	0.574374	0.000000	0.000000	0.000000	0.000000	-0.376840	0.650000
0.818496	0.581504	0.823925	0.576075	0.000000	0.000000	0.000000	0.000000	-0.372077	0.650000
0.817801	0.582199	0.823131	0.576869	0.000000	0.000000	0.000000	0.000000	-0.369849	0.650000
0.817911	0.582089	0.823256	0.576743	0.000000	0.000000	0.000000	0.000000	-0.370200	0.650000
0.816447	0.583553	0.821587	0.578413	0.000000	0.000000	0.000000	0.000000	-0.365506	0.650000
0.817753	0.582247	0.823076	0.576924	0.000000	0.000000	0.000000	0.000000	-0.369692	0.650000
0.820768	0.579232	0.826530	0.573470	0.000000	0.000000	0.000000	0.000000	-0.379370	0.650000
0.819517	0.580483	0.825095	0.574905	0.000000	0.000000	0.000000	0.000000	-0.375355	0.650000
0.818922	0.581078	0.824413	0.575587	0.000000	0.000000	0.000000	0.000000	-0.373445	0.650000
0.820007	0.579993	0.825657	0.574343	0.000000	0.000000	0.000000	0.000000	-0.376928	0.650000
0.821663	0.578337	0.827562	0.572438	0.000000	0.000000	0.000000	0.000000	-0.382249	0.650000
0.822860	0.577140	0.828943	0.571057	0.000000	0.000000	0.000000	0.000000	-0.386097	0.650000
0.824087	0.575913	0.830363	0.569636	0.000000	0.000000	0.000000	0.000000	-0.390045	0.650000
0.825778	0.574222	0.832329	0.567671	0.000000	0.000000	0.000000	0.000000	-0.395493	0.650000
0.827656	0.572344	0.834520	0.565479	0.000000	0.000000	0.000000	0.000000	-0.401546	0.650000
0.830506	0.569494	0.837868	0.562132	0.000000	0.000000	0.000000	0.000000	-0.410751	0.650000
0.832610	0.567390	0.840356	0.559644	0.000000	0.000000	0.000000	0.000000	-0.417557	0.650000
0.834908	0.565092	0.843090	0.556910	0.000000	0.000000	0.000000	0.000000	-0.425001	0.650000
0.839428	0.560572	0.848517	0.551483	0.000000	0.000000	0.000000	0.000000	-0.439674	0.650000
0.841427	0.558573	0.850940	0.549060	0.000000	0.000000	0.000000	0.000000	-0.446179	0.650000
0.842966	0.557034	0.852814	0.547185	0.000000	0.000000	0.000000	0.000000	-0.451193	0.650000
0.844482	0.555518	0.854670	0.545330	0.000000	0.000000	0.000000	0.000000	-0.456138	0.650000
0.846365	0.553635	0.856987	0.543013	0.000000	0.000000	0.000000	0.000000	-0.462288	0.650000
0.847007	0.552993	0.857780	0.542220	0.000000	0.000000	0.000000	0.000000	-0.464386	0.650000
0.848311	0.551689	0.859396	0.540604	0.000000	0.000000	0.000000	0.000000	-0.468654	0.650000
0.849551	0.550449	0.860938	0.539062	0.000000	0.000000	0.000000	0.000000	-0.472714	0.650000
0.851116	0.548884	0.862893	0.537107	0.000000	0.000000	0.000000	0.000000	-0.477844	0.650000
0.850264	0.549736	0.861828	0.538172	0.000000	0.000000	0.000000	0.000000	-0.475052	0.650000
0.850467	0.549533	0.862082	0.537918	0.000000	0.000000	0.000000	0.000000	-0.475717	0.650000
0.848251	0.551749	0.859322	0.540678	0.000000	0.000000	0.000000	0.000000	-0.468459	0.650000
0.845130	0.554870	0.855467	0.544533	0.000000	0.000000	0.000000	0.000000	-0.458255	0.650000
0.842620	0.557380	0.852393	0.547607	0.000000	0.000000	0.000000	0.000000	-0.450066	0.650000
0.837713	0.562287	0.846450	0.553550	0.000000	0.000000	0.000000	0.000000	-0.434103	0.650000
0.831483	0.568517	0.839021	0.560978	0.000000	0.000000	0.000000	0.000000	-0.413909	0.650000
0.823417	0.576583	0.829588	0.570412	0.000000	0.000000	0.000000	0.000000	-0.387890	0.650000
0.811757	0.588243	0.816276	0.583724	0.000000	0.000000	0.000000	0.000000	-0.350494	0.650000
0.800290	0.599710	0.803518	0.596482	0.000000	0.000000	0.000000	0.000000	-0.313946	0.650000
0.789282	0.610718	0.791536	0.608463	0.000000	0.000000	0.000000	0.000000	-0.279046	0.650000
0.775629	0.624371	0.776984	0.623016	0.000000	0.000000	0.000000	0.000000	-0.235976	0.650000
0.762405	0.637595	0.763160	0.636839	0.000000	0.000000	0.000000	0.000000	-0.194453	0.650000
0.748892	0.651108	0.749252	0.650748	0.000000	0.000000	0.000000	0.000000	-0.152177	0.650000
0.731261	0.668739	0.731355	0.668645	0.000000	0.000000	0.000000	0.000000	-0.097201	0.650000
0.714596	0.685404	0.714605	0.685395	0.000000	0.000000	0.000000	0.000000	-0.045358	0.650000
0.698599	0.701401	0.698599	0.701401	0.000000	0.000000	0.000000	0.000000	0.004354	0.650000
0.684646	0.715354	0.684635	0.715365	0.000000	0.000000	0.000000	0.000000	0.047715	0.650000
0.671466	0.728534	0.671395	0.728605	0.000000	0.000000	0.000000	0.000000	0.088712	0.650000
0.659539	0.740461	0.659335	0.740665	0.000000	0.000000	0.000000	0.000000	0.125868	0.650000
0.647119	0.752881	0.646662	0.753338	0.000000	0.000000	0.000000	0.000000	0.164644	0.650000
0.635050	0.764950	0.634198	0.765802	0.000000	0.000000	0.000000	0.000000	0.202430	0.650000
0.625232	0.774768	0.623923	0.776077	0.000000	0.000000	0.000000	0.000000	0.233266	0.650000
0.617232	0.782768	0.615446	0.784554	0.000000	0.000000	0.000000	0.000000	0.258469	0.650000
0.610044	0.789955	0.607737	0.792263	0.000000	0.000000	0.000000	0.000000	0.281176	0.650000
0.604425	0.795575	0.601644	0.798356	0.000000	0.000000	0.000000	0.000000	0.298976	0.650000
0.601444	0.798556	0.598386	0.801614	0.000000	0.000000	0.000000	0.000000	0.308438	0.650000
0.599722	0.800278	0.596496	0.803504	0.000000	0.000000	0.000000	0.000000	0.313907	0.650000
0.598828	0.801172	0.595512	0.804488	0.000000	0.000000	0.000000	0.000000	0.316750	0.650000
0.600546	0.799454	0.597401	0.802599	0.000000	0.000000	0.000000	0.000000	0.311288	0.650000
0.604992	0.795008	0.602261	0.797739	0.000000	0.000000	0.000000	0.000000	0.297180	0.650000
0.608557	0.791443	0.606130	0.793870	0.000000	0.000000	0.000000	0.000000	0.285885	0.650000
0.612133	0.787867	0.609987	0.790013	0.000000	0.000000	0.000000	0.000000	0.274572	0.650000
0.618068	0.781932	0.616336	0.783664	0.000000	0.000000	0.000000	0.000000	0.255832	0.650000
0.625785	0.774215	0.624505	0.775495	0.000000	0.000000	0.000000	0.000000	0.231528	0.650000
0.634427	0.765573	0.633550	0.766450	0.000000	0.000000	0.000000	0.000000	0.204384	0.650000
0.640434	0.759566	0.639778	0.760222	0.000000	0.000000	0.000000	0.000000	0.185560	0.650000
0.648632	0.751368	0.648214	0.751786	0.000000	0.000000	0.000000	0.000000	0.159912	0.650000
0.657719	0.742281	0.657486	0.742514	0.000000	0.000000	0.000000	0.000000	0.131545	0.650000
0.667819	0.732181	0.667716	0.732284	0.000000	0.000000	0.000000	0.000000	0.100067	0.650000
0.676195	0.723805	0.676153	0.723847	0.000000	0.000000	0.000000	0.000000	0.073997	0.650000
0.688736	0.711264	0.688732	0.711268	0.000000	0.000000	0.000000	0.000000	0.035001	0.650000
0.699934	0.700066	0.699934	0.700066	0.000000	0.000000	0.000000	0.000000	0.000207	0.650000
0.711499	0.688501	0.711504	0.688496	0.000000	0.000000	0.000000	0.000000	-0.035734	0.650000
0.719597	0.680403	0.719620	0.680380	0.000000	0.000000	0.000000	0.000000	-0.060907	0.650000
0.729758	0.670242	0.729839	0.670161	0.000000	0.000000	0.000000	0.000000	-0.092521	0.650000
0.740331	0.659669	0.740532	0.659468	0.000000	0.000000	0.000000	0.000000	-0.125461	0.650000
0.750755	0.649245	0.751158	0.648842	0.000000	0.000000	0.000000	0.000000	-0.157997	0.650000
0.760040	0.639960	0.760712	0.639288	0.000000	0.000000	0.000000	0.000000	-0.187044	0.650000
0.769585	0.630415	0.770637	0.629363	0.000000	0.000000	0.000000	0.000000	-0.216978	0.650000
0.777940	0.622060	0.779427	0.620573	0.000000	0.000000	0.000000	0.000000	-0.243252	0.650000
0.785062	0.614938	0.787004	0.612996	0.000000	0.000000	0.000000	0.000000	-0.265709	0.650000
0.792679	0.607321	0.795209	0.604791	0.000000	0.000000	0.000000	0.000000	-0.289799	0.650000
0.799878	0.600122	0.803064	0.596936	0.000000	0.000000	0.000000	0.000000	-0.312636	0.650000
0.804067	0.595933	0.807687	0.592313	0.000000	0.000000	0.000000	0.000000	-0.325961	0.650000
0.806496	0.593504	0.810385	0.589615	0.000000	0.000000	0.000000	0.000000	-0.333699	0.650000
0.807414	0.592586	0.811408	0.588592	0.000000	0.000000	0.000000	0.000000	-0.336627	0.650000
0.805716	0.594284	0.809518	0.590482	0.000000	0.000000	0.000000	0.000000	-0.331216	0.650000
0.803180	0.596820	0.806705	0.593295	0.000000	0.000000	0.000000	0.000000	-0.323138	0.650000
0.800530	0.599470	0.803781	0.596219	0.000000	0.000000	0.000000	0.000000	-0.314708	0.650000
0.795540	0.604460	0.798318	0.601682	0.000000	0.000000	0.000000	0.000000	-0.298865	0.650000
0.789922	0.610078	0.792227	0.607773	0.000000	0.000000	0.000000	0.000000	-0.281070	0.650000
0.783635	0.616365	0.785479	0.614521	0.000000	0.000000	0.000000	0.000000	-0.261204	0.650000
0.773700	0.626300	0.774953	0.625047	0.000000	0.000000	0.000000	0.000000	-0.229909	0.650000
0.762552	0.637448	0.763313	0.636687	0.000000	0.000000	0.000000	0.000000	-0.194914	0.650000
0.752979	0.647021	0.753439	0.646561	0.000000	0.000000	0.000000	0.000000	-0.164949	0.650000
0.741387	0.658612	0.741606	0.658394	0.000000	0.000000	0.000000	0.000000	-0.128757	0.650000
0.728551	0.671449	0.728622	0.671378	0.000000	0.000000	0.000000	0.000000	-0.088764	0.650000
0.714377	0.685623	0.714386	0.685614	0.000000	0.000000	0.000000	0.000000	-0.044677	0.650000
0.699711	0.700289	0.699711	0.700289	0.000000	0.000000	0.000000	0.000000	0.000898	0.650000
0.686542	0.713458	0.686534	0.713466	0.000000	0.000000	0.000000	0.000000	0.041822	0.650000
0.674024	0.725976	0.673971	0.726029	0.000000	0.000000	0.000000	0.000000	0.080750	0.650000
0.660726	0.739274	0.660540	0.739460	0.000000	0.000000	0.000000	0.000000	0.122167	0.650000
0.647797	0.752203	0.647357	0.752643	0.000000	0.000000	0.000000	0.000000	0.162524	0.650000
0.635112	0.764888	0.634262	0.765738	0.000000	0.000000	0.000000	0.000000	0.202236	0.650000
0.624232	0.775768	0.622869	0.777131	0.000000	0.000000	0.000000	0.000000	0.236414	0.650000
0.614289	0.785711	0.612300	0.787700	0.000000	0.000000	0.000000	0.000000	0.267760	0.650000
0.604714	0.795286	0.601959	0.798041	0.000000	0.000000	0.000000	0.000000	0.298060	0.650000
0.593733	0.806267	0.589870	0.810130	0.000000	0.000000	0.000000	0.000000	0.332969	0.650000
0.584673	0.815327	0.579686	0.820314	0.000000	0.000000	0.000000	0.000000	0.361919	0.650000
0.577010	0.822990	0.570907	0.829093	0.000000	0.000000	0.000000	0.000000	0.386513	0.650000
0.570597	0.829403	0.563430	0.836570	0.000000	0.000000	0.000000	0.000000	0.407187	0.650000
0.563514	0.836486	0.555024	0.844976	0.000000	0.000000	0.000000	0.000000	0.430117	0.650000
0.559100	0.840900	0.549700	0.850300	0.000000	0.000000	0.000000	0.000000	0.444464	0.650000
0.557255	0.842745	0.547455	0.852545	0.000000	0.000000	0.000000	0.000000	0.450473	0.650000
0.556397	0.843603	0.546406	0.853594	0.000000	0.000000	0.000000	0.000000	0.453272	0.650000
0.555714	0.844286	0.545570	0.854430	0.000000	0.000000	0.000000	0.000000	0.455498	0.650000
0.555005	0.844995	0.544700	0.855300	0.000000	0.000000	0.000000	0.000000	0.457813	0.650000
0.554149	0.845851	0.543646	0.856354	0.000000	0.000000	0.000000	0.000000	0.460609	0.650000
0.555243	0.844757	0.544992	0.855008	0.000000	0.000000	0.000000	0.000000	0.457037	0.650000
0.556052	0.843948	0.545985	0.854015	0.000000	0.000000	0.000000	0.000000	0.454395	0.650000
0.556181	0.843819	0.546142	0.853858	0.000000	0.000000	0.000000	0.000000	0.453975	0.650000
0.557446	0.842554	0.547688	0.852312	0.000000	0.000000	0.000000	0.000000	0.449850	0.650000
0.560537	0.839463	0.551441	0.848559	0.000000	0.000000	0.000000	0.000000	0.439789	0.650000
0.562463	0.837537	0.553763	0.846237	0.000000	0.000000	0.000000	0.000000	0.433529	0.650000
0.564885	0.835115	0.556664	0.843336	0.000000	0.000000	0.000000	0.000000	0.425670	0.650000
0.568120	0.831880	0.560508	0.839492	0.000000	0.000000	0.000000	0.000000	0.415195	0.650000
0.572110	0.827890	0.565205	0.834795	0.000000	0.000000	0.000000	0.000000	0.402303	0.650000
0.575316	0.824684	0.568944	0.831056	0.000000	0.000000	0.000000	0.000000	0.391967	0.650000
0.577743	0.822256	0.571754	0.828246	0.000000	0.000000	0.000000	0.000000	0.384156	0.610000
0.581531	0.818469	0.576106	0.823894	0.000000	0.000000	0.000000	0.000000	0.371989	0.530000
0.586183	0.813817	0.581398	0.818602	0.000000	0.000000	0.000000	0.000000	0.357084	0.450000
0.590080	0.809920	0.585788	0.814212	0.000000	0.000000	0.000000	0.000000	0.344625	0.370000
0.594306	0.805694	0.590507	0.809493	0.000000	0.000000	0.000000	0.000000	0.331144	0.290000
0.600113	0.799887	0.596925	0.803075	0.000000	0.000000	0.000000	0.000000	0.312666	0.210000
0.605523	0.794477	0.602839	0.797161	0.000000	0.000000	0.000000	0.000000	0.295496	0.130000
0.613865	0.786135	0.611846	0.788154	0.000000	0.000000	0.000000	0.000000	0.269097	0.065575
0.620789	0.779211	0.619227	0.780773	0.000000	0.000000	0.000000	0.000000	0.247255	0.057378
0.626543	0.773457	0.625303	0.774697	0.000000	0.000000	0.000000	0.000000	0.229145	0.050206
0.633183	0.766817	0.632253	0.767747	0.000000	0.000000	0.000000	0.000000	0.208288	0.043930
0.640056	0.759944	0.639388	0.760612	0.000000	0.000000	0.000000	0.000000	0.186742	0.038612
0.648869	0.751131	0.648456	0.751544	0.000000	0.000000	0.000000	0.000000	0.159173	0.034322
0.656914	0.743086	0.656667	0.743333	0.000000	0.000000	0.000000	0.000000	0.134056	0.030508
0.663343	0.736656	0.663192	0.736808	0.000000	0.000000	0.000000	0.000000	0.114008	0.027119
0.671443	0.728557	0.671371	0.728629	0.000000	0.000000	0.000000	0.000000	0.088784	0.024105
0.679390	0.720610	0.679363	0.720637	0.000000	0.000000	0.000000	0.000000	0.064058	0.021427
0.687018	0.712982	0.687011	0.712989	0.000000	0.000000	0.000000	0.000000	0.040342	0.019046
0.691938	0.708061	0.691937	0.708063	0.000000	0.000000	0.000000	0.000000	0.025049	0.016930
0.697956	0.702044	0.697956	0.702044	0.000000	0.000000	0.000000	0.000000	0.006351	0.015049
0.703749	0.696251	0.703749	0.696251	0.000000	0.000000	0.000000	0.000000	-0.011648	0.013377
0.709533	0.690467	0.709536	0.690464	0.000000	0.000000	0.000000	0.000000	-0.029623	0.011891
0.713969	0.686031	0.713977	0.686023	0.000000	0.000000	0.000000	0.000000	-0.043410	0.010569
0.717952	0.682047	0.717970	0.682030	0.000000	0.000000	0.000000	0.000000	-0.055794	0.009395
0.720617	0.679383	0.720644	0.679356	0.000000	0.000000	0.000000	0.000000	-0.064081	0.008351
0.723238	0.676762	0.723277	0.676723	0.000000	0.000000	0.000000	0.000000	-0.072233	0.007423
0.720977	0.669177	0.720659	0.668778	0.000000	0.000000	0.000000	0.000000	-0.081084	0.006598
0.705231	0.652778	0.704833	0.652297	0.000000	0.000000	0.000000	0.000000	-0.084053	0.005865
0.683420	0.631349	0.682968	0.630814	0.000000	0.000000	0.000000	0.000000	-0.086187	0.005213
0.664352	0.612894	0.663834	0.612295	0.000000	0.000000	0.000000	0.000000	-0.087678	0.004634
0.639779	0.590132	0.639151	0.589437	0.000000	0.000000	0.000000	0.000000	-0.087847	0.004119
0.615391	0.568235	0.614715	0.567502	0.000000	0.000000	0.000000	0.000000	-0.086702	0.003662
0.597315	0.553030	0.596607	0.552280	0.000000	0.000000	0.000000	0.000000	-0.083774	0.003255
0.576489	0.534472	0.575715	0.533668	0.000000	0.000000	0.000000	0.000000	-0.082300	0.002893
0.553407	0.514202	0.552558	0.513337	0.000000	0.000000	0.000000	0.000000	-0.079909	0.002572
0.531174	0.494762	0.530245	0.493831	0.000000	0.000000	0.000000	0.000000	-0.077228	0.002286
0.507432	0.473912	0.506577	0.473058	0.000000	0.000000	0.000000	0.000000	-0.074321	0.002032
0.482150	0.451645	0.481405	0.450901	0.000000	0.000000	0.000000	0.000000	-0.071078	0.001806
0.462893	0.434698	0.462231	0.434037	0.000000	0.000000	0.000000	0.000000	-0.068344	0.001606
0.443905	0.417979	0.443322	0.417396	0.000000	0.000000	0.000000	0.000000	-0.065445	0.001427
0.428796	0.405039	0.428290	0.404533	0.000000	0.000000	0.000000	0.000000	-0.061987	0.001269
0.411191	0.389371	0.410747	0.388927	0.000000	0.000000	0.000000	0.000000	-0.059297	0.001128
0.393243	0.373393	0.392859	0.373009	0.000000	0.000000	0.000000	0.000000	-0.056329	0.001002
0.376482	0.358454	0.376152	0.358124	0.000000	0.000000	0.000000	0.000000	-0.053364	0.000891
0.358964	0.342814	0.358686	0.342537	0.000000	0.000000	0.000000	0.000000	-0.050061	0.000792
0.343419	0.328888	0.343185	0.328653	0.000000	0.000000	0.000000	0.000000	-0.047020	0.000704
0.328502	0.315464	0.328305	0.315267	0.000000	0.000000	0.000000	0.000000	-0.044042	0.000626
0.314715	0.303005	0.314549	0.302839	0.000000	0.000000	0.000000	0.000000	-0.041235	0.000556
0.298051	0.287874	0.297919	0.287741	0.000000	0.000000	0.000000	0.000000	-0.037785	0.000494
0.283705	0.274752	0.283598	0.274645	0.000000	0.000000	0.000000	0.000000	-0.034872	0.000439
0.271660	0.263601	0.271570	0.263511	0.000000	0.000000	0.000000	0.000000	-0.032750	0.000391
0.259684	0.252497	0.259609	0.252422	0.000000	0.000000	0.000000	0.000000	-0.030522	0.000347
0.255917	0.248767	0.255841	0.248691	0.000000	0.000000	0.000000	0.000000	-0.030815	0.000309
0.245517	0.239072	0.245453	0.239008	0.000000	0.000000	0.000000	0.000000	-0.028927	0.000274
0.235678	0.229851	0.235623	0.229797	0.000000	0.000000	0.000000	0.000000	-0.027222	0.000244
0.224318	0.219151	0.224273	0.219106	0.000000	0.000000	0.000000	0.000000	-0.025343	0.000217
0.212592	0.208050	0.212556	0.208014	0.000000	0.000000	0.000000	0.000000	-0.023486	0.000193
0.203988	0.199866	0.203957	0.199834	0.000000	0.000000	0.000000	0.000000	-0.022205	0.000171
0.193218	0.189579	0.193192	0.189553	0.000000	0.000000	0.000000	0.000000	-0.020677	0.000152
0.184649	0.181381	0.184627	0.181359	0.000000	0.000000	0.000000	0.000000	-0.019419	0.000135
0.174991	0.172103	0.174973	0.172085	0.000000	0.000000	0.000000	0.000000	-0.018092	0.000120
0.167458	0.164838	0.167443	0.164822	0.000000	0.000000	0.000000	0.000000	-0.017155	0.000107
0.158969	0.156635	0.158956	0.156622	0.000000	0.000000	0.000000	0.000000	-0.016088	0.000095
0.149983	0.147941	0.149973	0.147930	0.000000	0.000000	0.000000	0.000000	-0.014913	0.000084
0.142207	0.140392	0.142198	0.140384	0.000000	0.000000	0.000000	0.000000	-0.013966	0.000075
0.134725	0.133114	0.134718	0.133106	0.000000	0.000000	0.000000	0.000000	-0.013084	0.000067
0.129297	0.127830	0.129291	0.127824	0.000000	0.000000	0.000000	0.000000	-0.012408	0.000059
0.122876	0.121568	0.122870	0.121562	0.000000	0.000000	0.000000	0.000000	-0.011639	0.000053
0.116803	0.115632	0.116799	0.115627	0.000000	0.000000	0.000000	0.000000	-0.010961	0.000047
0.110941	0.109894	0.110937	0.109891	0.000000	0.000000	0.000000	0.000000	-0.010307	0.000042
0.105124	0.104193	0.105121	0.104190	0.000000	0.000000	0.000000	0.000000	-0.009672	0.000037
0.099940	0.099108	0.099937	0.099106	0.000000	0.000000	0.000000	0.000000	-0.009083	0.000033
0.094110	0.093377	0.094108	0.093375	0.000000	0.000000	0.000000	0.000000	-0.008505	0.000029
0.089833	0.089170	0.089831	0.089168	0.000000	0.000000	0.000000	0.000000	-0.008057	0.000026
0.093666	0.092609	0.093662	0.092604	0.000000	0.000000	0.000000	0.000000	-0.012349	0.000023
0.089637	0.088669	0.089633	0.088665	0.000000	0.000000	0.000000	0.000000	-0.011813	0.000021
0.086270	0.085374	0.086266	0.085370	0.000000	0.000000	0.000000	0.000000	-0.011360	0.000018
0.082123	0.081311	0.082120	0.081308	0.000000	0.000000	0.000000	0.000000	-0.010812	0.000016
0.077760	0.077034	0.077758	0.077031	0.000000	0.000000	0.000000	0.000000	-0.010208	0.000014
0.073586	0.072939	0.073584	0.072937	0.000000	0.000000	0.000000	0.000000	-0.009602	0.000013
0.070188	0.069604	0.070187	0.069602	0.000000	0.000000	0.000000	0.000000	-0.009091	0.000011
0.066339	0.065816	0.066338	0.065815	0.000000	0.000000	0.000000	0.000000	-0.008604	0.000010
0.063021	0.062550	0.063020	0.062548	0.000000	0.000000	0.000000	0.000000	-0.008167	0.000009
0.060246	0.059819	0.060245	0.059818	0.000000	0.000000	0.000000	0.000000	-0.007731	0.000008
0.056764	0.056387	0.056763	0.056386	0.000000	0.000000	0.000000	0.000000	-0.007236	0.000007
0.053554	0.053215	0.053553	0.053214	0.000000	0.000000	0.000000	0.000000	-0.006904	0.000006
0.051315	0.051005	0.051314	0.051004	0.000000	0.000000	0.000000	0.000000	-0.006596	0.000006
0.049200	0.048918	0.049200	0.048918	0.000000	0.000000	0.000000	0.000000	-0.006251	0.000005
0.046679	0.046427	0.046679	0.046427	0.000000	0.000000	0.000000	0.000000	-0.005888	0.000004
0.043959	0.043735	0.043958	0.043734	0.000000	0.000000	0.000000	0.000000	-0.005564	0.000004
0.041658	0.041454	0.041657	0.041453	0.000000	0.000000	0.000000	0.000000	-0.005340	0.000004
0.040235	0.040046	0.040235	0.040046	0.000000	0.000000	0.000000	0.000000	-0.005125	0.000003
0.039137	0.038961	0.039137	0.038961	0.000000	0.000000	0.000000	0.000000	-0.004910	0.000003
0.038023	0.037859	0.038023	0.037858	0.000000	0.000000	0.000000	0.000000	-0.004713	0.000002
0.036916	0.036761	0.036915	0.036761	0.000000	0.000000	0.000000	0.000000	-0.004562	0.000002
0.035439	0.035297	0.035438	0.035297	0.000000	0.000000	0.000000	0.000000	-0.004350	0.000002
0.033509	0.033381	0.033508	0.033381	0.000000	0.000000	0.000000	0.000000	-0.004153	0.000002
0.032156	0.032037	0.032156	0.032036	0.000000	0.000000	0.000000	0.000000	-0.004050	0.000002
0.030979	0.030867	0.030979	0.030867	0.000000	0.000000	0.000000	0.000000	-0.003946	0.000001
0.030082	0.029976	0.030082	0.029976	0.000000	0.000000	0.000000	0.000000	-0.003861	0.000001
0.029756	0.029652	0.029756	0.029652	0.000000	0.000000	0.000000	0.000000	-0.003800	0.000001
0.029791	0.029688	0.029791	0.029687	0.000000	0.000000	0.000000	0.000000	-0.003772	0.000001
0.029712	0.029609	0.029711	0.029609	0.000000	0.000000	0.000000	0.000000	-0.003770	0.000001
0.029759	0.029656	0.029759	0.029656	0.000000	0.000000	0.000000	0.000000	-0.003774	0.000001
0.029748	0.029645	0.029747	0.029645	0.000000	0.000000	0.000000	0.000000	-0.003764	0.000001
0.029642	0.029540	0.029642	0.029540	0.000000	0.000000	0.000000	0.000000	-0.003750	0.000001
0.029533	0.029432	0.029533	0.029432	0.000000	0.000000	0.000000	0.000000	-0.003725	0.000000
0.029451	0.029351	0.029451	0.029350	0.000000	0.000000	0.000000	0.000000	-0.003703	0.000000
0.029283	0.029184	0.029283	0.029184	0.000000	0.000000	0.000000	0.000000	-0.003674	0.000000
0.029053	0.028956	0.029053	0.028956	0.000000	0.000000	0.000000	0.000000	-0.003638	0.000000
0.028716	0.028622	0.028716	0.028622	0.000000	0.000000	0.000000	0.000000	-0.003581	0.000000
0.028442	0.028350	0.028442	0.028350	0.000000	0.000000	0.000000	0.000000	-0.003529	0.000000
