0.000000	0.000000	0.000000	0.000000
-11.151946	0.112773	0.083281	0.000000
-11.155931	0.112428	0.083263	0.004000
-11.159728	0.112101	0.083248	0.012000
-11.163011	0.111819	0.083238	0.024000
-11.165793	0.111582	0.083231	0.040000
-11.168090	0.111387	0.083226	0.060000
-11.169912	0.111234	0.083224	0.084000
-11.171271	0.111119	0.083223	0.112000
-11.172172	0.111044	0.083222	0.144000
-11.172622	0.111006	0.083222	0.172000
-11.172627	0.111006	0.083222	0.196000
-11.154556	0.115864	0.087948	0.004000
-11.159134	0.115353	0.087797	0.016000
-11.163318	0.114877	0.087647	0.032000
-11.166909	0.114478	0.087530	0.052000
-11.169867	0.114162	0.087450	0.076000
-11.172220	0.113921	0.087401	0.104000
-11.174019	0.113744	0.087374	0.136000
-11.175316	0.113620	0.087360	0.172000
-11.176155	0.113543	0.087354	0.212000
-11.176577	0.113504	0.087353	0.248459
-11.176582	0.113504	0.087353	0.280918
-11.160911	0.119346	0.091950	0.016000
-11.165174	0.118826	0.091772	0.036000
-11.168832	0.118393	0.091638	0.060000
-11.171867	0.118049	0.091546	0.088000
-11.174320	0.117782	0.091488	0.120000
-11.176253	0.117581	0.091454	0.156000
-11.177721	0.117433	0.091435	0.196000
-11.178775	0.117329	0.091426	0.240000
-11.179457	0.117264	0.091422	0.288000
-11.179800	0.117232	0.091421	0.336661
-11.179803	0.117231	0.091421	0.381323
-11.168391	0.121212	0.095879	0.036000
-11.171262	0.120878	0.095798	0.064000
-11.173724	0.120598	0.095737	0.096000
-11.175764	0.120372	0.095696	0.132000
-11.177412	0.120195	0.095669	0.172000
-11.178709	0.120060	0.095654	0.216000
-11.179694	0.119959	0.095645	0.264000
-11.180400	0.119888	0.095641	0.316000
-11.180857	0.119843	0.095639	0.372000
-11.181087	0.119821	0.095639	0.432000
-11.181089	0.119821	0.095639	0.488000
-11.176314	0.116748	0.089482	0.064000
-11.177232	0.116660	0.089474	0.100000
-11.178020	0.116585	0.089468	0.140000
-11.178673	0.116523	0.089463	0.184000
-11.179200	0.116474	0.089461	0.232000
-11.179615	0.116436	0.089459	0.284000
-11.179930	0.116407	0.089458	0.340000
-11.180156	0.116386	0.089458	0.400000
-11.180303	0.116373	0.089458	0.464000
-11.180376	0.116366	0.089458	0.529000
-11.180377	0.116366	0.089458	0.590000
-11.178563	0.113767	0.085565	0.100000
-11.177466	0.113852	0.085554	0.144000
-11.176525	0.113927	0.085545	0.192000
-11.175745	0.113989	0.085539	0.244000
-11.175115	0.114041	0.085535	0.300000
-11.174620	0.114082	0.085533	0.360000
-11.174243	0.114113	0.085532	0.424000
-11.173973	0.114136	0.085531	0.489000
-11.173798	0.114150	0.085531	0.554000
-11.173710	0.114158	0.085531	0.619000
-11.173710	0.114158	0.085531	0.680000
-11.178690	0.113805	0.085938	0.144000
-11.176400	0.113998	0.085932	0.196000
-11.174391	0.114168	0.085928	0.252000
-11.172656	0.114316	0.085925	0.312000
-11.171186	0.114441	0.085923	0.376000
-11.169972	0.114545	0.085922	0.441000
-11.169009	0.114627	0.085922	0.506000
-11.168291	0.114689	0.085921	0.571000
-11.167815	0.114730	0.085921	0.636000
-11.167577	0.114750	0.085921	0.701000
-11.167575	0.114751	0.085921	0.762000
-11.179710	0.115511	0.091582	0.196000
-11.175592	0.115876	0.091563	0.256000
-11.171978	0.116198	0.091549	0.320000
-11.168858	0.116477	0.091540	0.385000
-11.166214	0.116716	0.091533	0.450000
-11.164032	0.116913	0.091530	0.515000
-11.162300	0.117071	0.091528	0.580000
-11.161009	0.117188	0.091527	0.645000
-11.160153	0.117267	0.091526	0.710000
-11.159726	0.117306	0.091526	0.775000
-11.159721	0.117306	0.091526	0.836000
-11.180245	0.115902	0.093857	0.256000
-11.174017	0.116457	0.093813	0.321000
-11.168553	0.116948	0.093780	0.386000
-11.163833	0.117375	0.093757	0.451000
-11.159835	0.117741	0.093743	0.516000
-11.156535	0.118044	0.093734	0.581000
-11.153917	0.118287	0.093729	0.646000
-11.151966	0.118469	0.093727	0.711000
-11.150671	0.118590	0.093726	0.776000
-11.150025	0.118651	0.093726	0.841000
-11.150018	0.118651	0.093726	0.902000
-11.180272	0.116117	0.094206	0.321000
-11.171765	0.116860	0.094121	0.386000
-11.164302	0.117519	0.094057	0.451000
-11.157858	0.118095	0.094012	0.516000
-11.152398	0.118589	0.093983	0.581000
-11.147892	0.119002	0.093966	0.646000
-11.144318	0.119332	0.093957	0.711000
-11.141654	0.119580	0.093953	0.776000
-11.139886	0.119745	0.093951	0.841000
-11.139004	0.119828	0.093950	0.906000
-11.138995	0.119829	0.093950	0.967000
-11.180229	0.116449	0.094658	0.386000
-11.169446	0.117372	0.094516	0.451000
-11.159986	0.118191	0.094408	0.516000
-11.151818	0.118911	0.094333	0.581000
-11.144898	0.119531	0.094284	0.646000
-11.139189	0.120050	0.094255	0.711000
-11.134660	0.120467	0.094240	0.776000
-11.131284	0.120781	0.094232	0.841000
-11.129045	0.120991	0.094229	0.906000
-11.127928	0.121096	0.094229	0.971000
-11.127915	0.121097	0.094229	1.032000
-11.180023	0.116954	0.095038	0.451000
-11.166969	0.118046	0.094824	0.516000
-11.155517	0.119019	0.094661	0.581000
-11.145630	0.119877	0.094548	0.646000
-11.137255	0.120619	0.094475	0.711000
-11.130346	0.121243	0.094432	0.776000
-11.124864	0.121745	0.094408	0.841000
-11.120780	0.122124	0.094397	0.906000
-11.118069	0.122378	0.094393	0.971000
-11.116718	0.122505	0.094392	1.036000
-11.116703	0.122506	0.094392	1.097000
-11.180215	0.118023	0.095166	0.516000
-11.164871	0.119271	0.094862	0.581000
-11.151413	0.120387	0.094632	0.646000
-11.139795	0.121376	0.094472	0.711000
-11.129953	0.122235	0.094369	0.776000
-11.121835	0.122959	0.094307	0.841000
-11.115395	0.123544	0.094274	0.906000
-11.110596	0.123987	0.094258	0.971000
-11.107412	0.124284	0.094252	1.036000
-11.105824	0.124433	0.094251	1.101000
-11.105807	0.124434	0.094250	1.162000
-11.180245	0.119500	0.094956	0.581000
-11.162794	0.120874	0.094551	0.646000
-11.147328	0.122118	0.094240	0.711000
-11.133975	0.123226	0.094024	0.776000
-11.122665	0.124193	0.093884	0.841000
-11.113336	0.125012	0.093801	0.906000
-11.105936	0.125677	0.093756	0.971000
-11.100422	0.126180	0.093735	1.036000
-11.096764	0.126518	0.093727	1.101000
-11.094940	0.126688	0.093725	1.166000
-11.094920	0.126690	0.093725	1.227000
-11.178315	0.121422	0.092439	0.646000
-11.158852	0.122860	0.091926	0.711000
-11.141430	0.124181	0.091526	0.776000
-11.126387	0.125363	0.091247	0.841000
-11.113647	0.126401	0.091068	0.906000
-11.103139	0.127284	0.090960	0.971000
-11.094804	0.128003	0.090902	1.036000
-11.088593	0.128549	0.090875	1.101000
-11.084473	0.128917	0.090865	1.166000
-11.082418	0.129103	0.090862	1.231000
-11.082396	0.129105	0.090862	1.292000
-11.174946	0.123597	0.088975	0.711000
-11.153524	0.125053	0.088336	0.776000
-11.134187	0.126407	0.087833	0.841000
-11.117489	0.127627	0.087483	0.906000
-11.103349	0.128706	0.087256	0.971000
-11.091686	0.129630	0.087121	1.036000
-11.082435	0.130386	0.087048	1.101000
-11.075543	0.130963	0.087014	1.166000
-11.070971	0.131352	0.087001	1.231000
-11.068691	0.131549	0.086997	1.296000
-11.068666	0.131551	0.086997	1.357000
-11.169059	0.127042	0.085949	0.776000
-11.145719	0.128499	0.085171	0.841000
-11.124557	0.129866	0.084554	0.906000
-11.106284	0.131108	0.084123	0.971000
-11.090809	0.132215	0.083845	1.036000
-11.078047	0.133169	0.083679	1.101000
-11.067925	0.133954	0.083589	1.166000
-11.060384	0.134555	0.083547	1.231000
-11.055381	0.134963	0.083531	1.296000
-11.052887	0.135169	0.083527	1.361000
-11.052859	0.135171	0.083527	1.422000
-11.163272	0.129590	0.083747	0.841000
-11.138107	0.131048	0.082829	0.906000
-11.115118	0.132433	0.082094	0.971000
-11.095266	0.133701	0.081582	1.036000
-11.078455	0.134839	0.081250	1.101000
-11.064591	0.135827	0.081052	1.166000
-11.053595	0.136644	0.080945	1.231000
-11.045404	0.137273	0.080895	1.296000
-11.039969	0.137700	0.080876	1.361000
-11.037260	0.137916	0.080871	1.426000
-11.037230	0.137918	0.080871	1.487000
-11.154487	0.131824	0.079668	0.906000
-11.127491	0.133230	0.078615	0.971000
-11.102770	0.134575	0.077770	1.036000
-11.081421	0.135819	0.077180	1.101000
-11.063343	0.136946	0.076800	1.166000
-11.048433	0.137931	0.076572	1.231000
-11.036608	0.138751	0.076450	1.296000
-11.027799	0.139385	0.076392	1.361000
-11.021955	0.139817	0.076370	1.426000
-11.019041	0.140036	0.076364	1.491000
-11.019009	0.140038	0.076364	1.552000
-11.143768	0.133984	0.075366	0.971000
-11.115040	0.135312	0.074184	1.036000
-11.088652	0.136595	0.073232	1.101000
-11.065862	0.137794	0.072568	1.166000
-11.046562	0.138892	0.072139	1.231000
-11.030645	0.139860	0.071883	1.296000
-11.018020	0.140670	0.071745	1.361000
-11.008616	0.141300	0.071680	1.426000
-11.002376	0.141731	0.071655	1.491000
-10.999265	0.141950	0.071649	1.556000
-10.999231	0.141952	0.071649	1.617000
-11.128195	0.135693	0.068858	1.036000
-11.097798	0.136879	0.067578	1.101000
-11.069905	0.138035	0.066549	1.166000
-11.045813	0.139130	0.065832	1.231000
-11.025409	0.140146	0.065370	1.296000
-11.008579	0.141052	0.065094	1.361000
-10.995230	0.141816	0.064946	1.426000
-10.985285	0.142414	0.064876	1.491000
-10.978686	0.142824	0.064850	1.556000
-10.975396	0.143033	0.064843	1.621000
-10.975360	0.143035	0.064843	1.682000
-11.109824	0.134588	0.059775	1.101000
-11.077921	0.135569	0.058470	1.166000
-11.048613	0.136537	0.057419	1.231000
-11.023292	0.137473	0.056688	1.296000
-11.001843	0.138355	0.056217	1.361000
-10.984149	0.139152	0.055937	1.426000
-10.970111	0.139830	0.055786	1.491000
-10.959652	0.140365	0.055716	1.556000
-10.952711	0.140733	0.055690	1.621000
-10.949251	0.140921	0.055683	1.686000
-10.949213	0.140923	0.055683	1.747000
-11.085464	0.137006	0.056148	1.166000
-11.052150	0.137890	0.054758	1.231000
-11.021764	0.138768	0.053650	1.296000
-10.995380	0.139634	0.052875	1.361000
-10.972998	0.140463	0.052375	1.426000
-10.954586	0.141218	0.052079	1.491000
-10.939980	0.141866	0.051920	1.556000
-10.929096	0.142379	0.051846	1.621000
-10.921874	0.142734	0.051819	1.686000
-10.918273	0.142916	0.051812	1.751000
-10.918233	0.142918	0.051812	1.812000
-11.061819	0.139444	0.056376	1.231000
-11.027430	0.140323	0.054883	1.296000
-10.996107	0.141199	0.053695	1.361000
-10.968786	0.142072	0.052858	1.426000
-10.945467	0.142918	0.052313	1.491000
-10.926149	0.143698	0.051986	1.556000
-10.910831	0.144370	0.051811	1.621000
-10.899507	0.144900	0.051731	1.686000
-10.892000	0.145268	0.051701	1.751000
-10.888257	0.145456	0.051693	1.816000
-10.888216	0.145458	0.051693	1.877000
-11.036403	0.141430	0.055502	1.296000
-11.001075	0.142272	0.053926	1.361000
-10.968778	0.143119	0.052665	1.426000
-10.940483	0.143974	0.051770	1.491000
-10.916191	0.144814	0.051181	1.556000
-10.895900	0.145599	0.050823	1.621000
-10.879609	0.146289	0.050628	1.686000
-10.867315	0.146846	0.050534	1.751000
-10.859019	0.147240	0.050499	1.816000
-10.854719	0.147450	0.050489	1.881000
-10.854413	0.147466	0.050489	1.942000
-11.013441	0.143140	0.054163	1.361000
-10.977139	0.143935	0.052514	1.426000
-10.944215	0.144737	0.051208	1.491000
-10.915295	0.145558	0.050278	1.556000
-10.890376	0.146374	0.049662	1.621000
-10.869460	0.147146	0.049286	1.686000
-10.852543	0.147832	0.049077	1.751000
-10.839624	0.148395	0.048976	1.816000
-10.830703	0.148804	0.048936	1.881000
-10.825778	0.149037	0.048924	1.946000
-10.824849	0.149081	0.048923	2.007000
-10.990920	0.144623	0.053583	1.426000
-10.953992	0.145394	0.051882	1.491000
-10.920431	0.146177	0.050532	1.556000
-10.890872	0.146985	0.049566	1.621000
-10.865317	0.147796	0.048923	1.686000
-10.843763	0.148569	0.048526	1.751000
-10.826209	0.149264	0.048304	1.816000
-10.812654	0.149841	0.048194	1.881000
-10.803096	0.150270	0.048149	1.946000
-10.797534	0.150529	0.048136	2.011000
-10.795969	0.150602	0.048134	2.072000
-10.966068	0.146139	0.054274	1.491000
-10.928504	0.146927	0.052512	1.556000
-10.894350	0.147725	0.051110	1.621000
-10.864200	0.148552	0.050104	1.686000
-10.838052	0.149385	0.049430	1.751000
-10.815907	0.150183	0.049012	1.816000
-10.797762	0.150904	0.048775	1.881000
-10.783615	0.151511	0.048656	1.946000
-10.773466	0.151970	0.048607	2.011000
-10.767313	0.152258	0.048591	2.076000
-10.765156	0.152361	0.048588	2.137000
-10.941335	0.147491	0.055308	1.556000
-10.903179	0.148304	0.053480	1.621000
-10.868431	0.149128	0.052023	1.686000
-10.837687	0.149982	0.050973	1.751000
-10.810946	0.150844	0.050267	1.816000
-10.788206	0.151674	0.049824	1.881000
-10.769467	0.152428	0.049572	1.946000
-10.754727	0.153069	0.049443	2.011000
-10.743984	0.153561	0.049389	2.076000
-10.737238	0.153882	0.049370	2.141000
-10.734487	0.154015	0.049366	2.202000
-10.918361	0.148546	0.055518	1.621000
-10.879610	0.149363	0.053638	1.686000
-10.844234	0.150193	0.052135	1.751000
-10.812862	0.151056	0.051047	1.816000
-10.785493	0.151932	0.050311	1.881000
-10.762127	0.152779	0.049847	1.946000
-10.742760	0.153554	0.049579	2.011000
-10.727393	0.154219	0.049442	2.076000
-10.716024	0.154739	0.049382	2.141000
-10.708650	0.155089	0.049361	2.206000
-10.705273	0.155252	0.049356	2.267000
-10.890310	0.149978	0.057989	1.686000
-10.850932	0.150859	0.056014	1.751000
-10.815025	0.151750	0.054435	1.816000
-10.783123	0.152674	0.053290	1.881000
-10.755224	0.153609	0.052512	1.946000
-10.731327	0.154514	0.052018	2.011000
-10.711430	0.155346	0.051731	2.076000
-10.695533	0.156063	0.051582	2.141000
-10.683633	0.156630	0.051515	2.206000
-10.675729	0.157021	0.051492	2.271000
-10.671821	0.157217	0.051485	2.332000
-10.864315	0.151012	0.059784	1.751000
-10.824405	0.151940	0.057729	1.816000
-10.787927	0.152876	0.056081	1.881000
-10.755454	0.153846	0.054881	1.946000
-10.726984	0.154827	0.054061	2.011000
-10.702516	0.155779	0.053538	2.076000
-10.682049	0.156657	0.053231	2.141000
-10.665581	0.157420	0.053069	2.206000
-10.653111	0.158030	0.052996	2.271000
-10.644636	0.158461	0.052970	2.336000
-10.640157	0.158693	0.052962	2.397000
-10.835385	0.151528	0.061388	1.816000
-10.794906	0.152546	0.059321	1.881000
-10.757377	0.153574	0.057633	1.946000
-10.723852	0.154628	0.056395	2.011000
-10.694331	0.155689	0.055543	2.076000
-10.668812	0.156718	0.054996	2.141000
-10.647294	0.157671	0.054670	2.206000
-10.629775	0.158507	0.054497	2.271000
-10.616253	0.159187	0.054416	2.336000
-10.606728	0.159685	0.054386	2.401000
-10.601197	0.159979	0.054376	2.462000
-10.808980	0.152622	0.064458	1.881000
-10.767450	0.153782	0.062320	1.946000
-10.729376	0.154934	0.060600	2.011000
-10.695307	0.156104	0.059339	2.076000
-10.665241	0.157273	0.058471	2.141000
-10.639178	0.158400	0.057911	2.206000
-10.617116	0.159442	0.057578	2.271000
-10.599052	0.160356	0.057399	2.336000
-10.584985	0.161106	0.057316	2.401000
-10.574914	0.161661	0.057284	2.466000
-10.568837	0.162002	0.057273	2.527000
-10.775010	0.154287	0.067518	1.946000
-10.732936	0.155584	0.065342	2.011000
-10.694445	0.156861	0.063598	2.076000
-10.659959	0.158147	0.062318	2.141000
-10.629477	0.159422	0.061436	2.206000
-10.602997	0.160645	0.060866	2.271000
-10.580517	0.161773	0.060526	2.336000
-10.562037	0.162763	0.060344	2.401000
-10.547552	0.163578	0.060259	2.466000
-10.537063	0.164187	0.060226	2.531000
-10.530567	0.164571	0.060215	2.592000
-10.732424	0.155906	0.071796	2.011000
-10.689935	0.157377	0.069569	2.076000
-10.651183	0.158812	0.067792	2.141000
-10.616436	0.160243	0.066488	2.206000
-10.585693	0.161651	0.065589	2.271000
-10.558952	0.162994	0.065008	2.336000
-10.536212	0.164227	0.064661	2.401000
-10.517469	0.165308	0.064474	2.466000
-10.502722	0.166198	0.064387	2.531000
-10.491970	0.166868	0.064354	2.596000
-10.485210	0.167295	0.064342	2.657000
-10.694678	0.157733	0.075226	2.076000
-10.651928	0.159346	0.072966	2.141000
-10.612823	0.160915	0.071156	2.206000
-10.577723	0.162471	0.069826	2.271000
-10.546628	0.163992	0.068908	2.336000
-10.519534	0.165439	0.068314	2.401000
-10.496441	0.166766	0.067958	2.466000
-10.477345	0.167929	0.067766	2.531000
-10.462245	0.168891	0.067677	2.596000
-10.451138	0.169619	0.067642	2.661000
-10.444023	0.170092	0.067630	2.722000
-10.663880	0.158889	0.077227	2.141000
-10.620775	0.160592	0.074934	2.206000
-10.581188	0.162250	0.073088	2.271000
-10.545606	0.163887	0.071728	2.336000
-10.514028	0.165485	0.070786	2.401000
-10.486452	0.167005	0.070174	2.466000
-10.462877	0.168400	0.069806	2.531000
-10.443299	0.169627	0.069606	2.596000
-10.427716	0.170646	0.069512	2.661000
-10.416125	0.171427	0.069475	2.726000
-10.408527	0.171946	0.069462	2.787000
-10.631019	0.159967	0.079228	2.206000
-10.587438	0.161887	0.077066	2.271000
-10.547434	0.163740	0.075330	2.336000
-10.511435	0.165548	0.074054	2.401000
-10.479439	0.167295	0.073173	2.466000
-10.451445	0.168940	0.072602	2.531000
-10.427449	0.170443	0.072261	2.596000
-10.407451	0.171760	0.072078	2.661000
-10.391446	0.172855	0.071993	2.726000
-10.379434	0.173698	0.071960	2.791000
-10.371412	0.174268	0.071948	2.852000
-10.597022	0.161047	0.079638	2.271000
-10.553025	0.163145	0.077654	2.336000
-10.512619	0.165156	0.076064	2.401000
-10.476217	0.167101	0.074899	2.466000
-10.443817	0.168962	0.074098	2.531000
-10.415418	0.170704	0.073583	2.596000
-10.391017	0.172285	0.073279	2.661000
-10.370612	0.173669	0.073117	2.726000
-10.354201	0.174819	0.073045	2.791000
-10.341781	0.175709	0.073019	2.856000
-10.333351	0.176319	0.073009	2.917000
-10.559010	0.162125	0.079417	2.336000
-10.514611	0.164387	0.077630	2.401000
-10.473872	0.166541	0.076206	2.466000
-10.437136	0.168607	0.075168	2.531000
-10.404401	0.170567	0.074459	2.596000
-10.375666	0.172389	0.074007	2.661000
-10.350928	0.174036	0.073744	2.726000
-10.330185	0.175472	0.073609	2.791000
-10.313435	0.176666	0.073551	2.856000
-10.300677	0.177593	0.073532	2.921000
-10.291907	0.178233	0.073524	2.982000
-10.525072	0.162945	0.078140	2.401000
-10.480340	0.165338	0.076581	2.466000
-10.439190	0.167612	0.075340	2.531000
-10.402041	0.169776	0.074442	2.596000
-10.368892	0.171816	0.073834	2.661000
-10.339742	0.173700	0.073453	2.726000
-10.314588	0.175397	0.073236	2.791000
-10.293429	0.176873	0.073129	2.856000
-10.276262	0.178101	0.073088	2.921000
-10.263086	0.179058	0.073076	2.986000
-10.253900	0.179728	0.073072	3.047000
-10.485576	0.163847	0.075961	2.466000
-10.440443	0.166514	0.074882	2.531000
-10.398399	0.169060	0.074027	2.596000
-10.360354	0.171454	0.073427	2.661000
-10.326307	0.173684	0.073041	2.726000
-10.296257	0.175724	0.072819	2.791000
-10.270201	0.177547	0.072710	2.856000
-10.248138	0.179128	0.072674	2.921000
-10.230066	0.180444	0.072674	2.986000
-10.215984	0.181478	0.072685	3.051000
-10.205891	0.182216	0.072690	3.112000
-10.441286	0.165274	0.073556	2.531000
-10.395259	0.168209	0.072914	2.596000
-10.353039	0.170954	0.072437	2.661000
-10.314815	0.173508	0.072129	2.726000
-10.280587	0.175860	0.071958	2.791000
-10.250352	0.177988	0.071887	2.856000
-10.224111	0.179872	0.071879	2.921000
-10.201861	0.181493	0.071905	2.986000
-10.183601	0.182834	0.071941	3.051000
-10.169330	0.183883	0.071970	3.116000
-10.159049	0.184633	0.071982	3.177000
-10.398994	0.166223	0.069881	2.596000
-10.352791	0.169356	0.069740	2.661000
-10.310339	0.172274	0.069674	2.726000
-10.271881	0.174964	0.069681	2.791000
-10.237415	0.177413	0.069742	2.856000
-10.206941	0.179606	0.069833	2.921000
-10.180459	0.181530	0.069934	2.986000
-10.157966	0.183172	0.070028	3.051000
-10.139463	0.184524	0.070102	3.116000
-10.124949	0.185577	0.070151	3.181000
-10.114423	0.186331	0.070171	3.242000
-10.352158	0.167413	0.065731	2.661000
-10.305724	0.170735	0.066104	2.726000
-10.263117	0.173809	0.066460	2.791000
-10.224502	0.176615	0.066792	2.856000
-10.189876	0.179144	0.067091	2.921000
-10.159241	0.181386	0.067349	2.986000
-10.132594	0.183334	0.067560	3.051000
-10.109937	0.184983	0.067723	3.116000
-10.091268	0.186330	0.067837	3.181000
-10.076588	0.187376	0.067906	3.246000
-10.065896	0.188123	0.067933	3.307000
-10.308573	0.168783	0.062203	2.726000
-10.261987	0.172298	0.063065	2.791000
-10.219165	0.175542	0.063825	2.856000
-10.180331	0.178481	0.064467	2.921000
-10.145486	0.181106	0.064995	2.986000
-10.114627	0.183413	0.065414	3.051000
-10.087756	0.185400	0.065733	3.116000
-10.064873	0.187070	0.065963	3.181000
-10.045977	0.188427	0.066116	3.246000
-10.031070	0.189477	0.066204	3.311000
-10.020152	0.190226	0.066240	3.372000
-10.262211	0.170625	0.058927	2.791000
-10.215418	0.174427	0.060391	2.856000
-10.172464	0.177916	0.061645	2.921000
-10.133495	0.181050	0.062669	2.986000
-10.098510	0.183822	0.063479	3.051000
-10.067510	0.186232	0.064098	3.116000
-10.040494	0.188289	0.064551	3.181000
-10.017464	0.190001	0.064865	3.246000
-9.998421	0.191382	0.065067	3.311000
-9.983365	0.192444	0.065181	3.376000
-9.972298	0.193199	0.065227	3.437000
-10.221867	0.173338	0.057418	2.856000
-10.174958	0.177565	0.059570	2.921000
-10.131809	0.181437	0.061396	2.986000
-10.092640	0.184890	0.062866	3.051000
-10.057450	0.187918	0.064008	3.116000
-10.026240	0.190528	0.064865	3.181000
-9.999010	0.192735	0.065481	3.246000
-9.975763	0.194557	0.065900	3.311000
-9.956501	0.196016	0.066163	3.376000
-9.941224	0.197132	0.066309	3.441000
-9.929934	0.197925	0.066369	3.502000
-10.173278	0.176386	0.055045	2.921000
-10.126175	0.180997	0.057879	2.986000
-10.082970	0.185193	0.060259	3.051000
-10.043740	0.188910	0.062157	3.116000
-10.008484	0.192142	0.063616	3.181000
-9.977204	0.194903	0.064696	3.246000
-9.949900	0.197217	0.065462	3.311000
-9.926576	0.199111	0.065976	3.376000
-9.907234	0.200615	0.066294	3.441000
-9.891877	0.201759	0.066468	3.506000
-9.880505	0.202566	0.066539	3.567000
-10.125206	0.178812	0.052315	2.986000
-10.078077	0.184065	0.056233	3.051000
-10.034217	0.188906	0.059568	3.116000
-9.994324	0.193170	0.062218	3.181000
-9.958394	0.196850	0.064245	3.246000
-9.926431	0.199968	0.065736	3.311000
-9.898438	0.202558	0.066787	3.376000
-9.874419	0.204663	0.067487	3.441000
-9.854377	0.206325	0.067919	3.506000
-9.838316	0.207585	0.068154	3.571000
-9.826239	0.208479	0.068252	3.632000
-10.076195	0.181733	0.050298	3.051000
-10.028422	0.187690	0.055294	3.116000
-9.984616	0.193073	0.059454	3.181000
-9.944766	0.197783	0.062742	3.246000
-9.908870	0.201817	0.065242	3.311000
-9.876933	0.205205	0.067071	3.376000
-9.848957	0.207995	0.068351	3.441000
-9.824950	0.210241	0.069198	3.506000
-9.804915	0.211999	0.069716	3.571000
-9.788858	0.213319	0.069996	3.636000
-9.776783	0.214249	0.070113	3.697000
-10.036101	0.184113	0.048747	3.116000
-9.988390	0.190648	0.054666	3.181000
-9.944548	0.196606	0.059672	3.246000
-9.904654	0.201814	0.063643	3.311000
-9.868702	0.206253	0.066662	3.376000
-9.836698	0.209959	0.068867	3.441000
-9.808647	0.212988	0.070406	3.506000
-9.784557	0.215409	0.071419	3.571000
-9.764435	0.217288	0.072037	3.636000
-9.748287	0.218690	0.072370	3.701000
-9.736118	0.219672	0.072509	3.762000
-9.992281	0.186021	0.046567	3.181000
-9.944534	0.193110	0.053410	3.246000
-9.900685	0.199585	0.059220	3.311000
-9.860772	0.205230	0.063830	3.376000
-9.824790	0.210018	0.067327	3.441000
-9.792746	0.213991	0.069873	3.506000
-9.764647	0.217217	0.071643	3.571000
-9.740502	0.219776	0.072804	3.636000
-9.720319	0.221749	0.073507	3.701000
-9.704108	0.223211	0.073884	3.766000
-9.691873	0.224229	0.074042	3.827000
-9.946996	0.188557	0.045525	3.246000
-9.899251	0.196221	0.053247	3.311000
-9.855417	0.203219	0.059804	3.376000
-9.815507	0.209303	0.064998	3.441000
-9.779517	0.214444	0.068931	3.506000
-9.747453	0.218690	0.071786	3.571000
-9.719324	0.222120	0.073764	3.636000
-9.695143	0.224827	0.075056	3.701000
-9.674919	0.226902	0.075834	3.766000
-9.658662	0.228433	0.076250	3.831000
-9.646379	0.229495	0.076424	3.892000
-9.907400	0.191286	0.045751	3.311000
-9.859684	0.199538	0.054287	3.376000
-9.815945	0.207219	0.061747	3.441000
-9.776122	0.213931	0.067721	3.506000
-9.740202	0.219597	0.072259	3.571000
-9.708191	0.224261	0.075556	3.636000
-9.680100	0.228012	0.077838	3.701000
-9.655944	0.230955	0.079325	3.766000
-9.635738	0.233198	0.080219	3.831000
-9.619491	0.234843	0.080695	3.896000
-9.607215	0.235978	0.080895	3.957000
-9.865515	0.194660	0.047094	3.376000
-9.817913	0.203671	0.056615	3.441000
-9.774293	0.212119	0.065018	3.506000
-9.734575	0.219507	0.071767	3.571000
-9.698737	0.225736	0.076899	3.636000
-9.666789	0.230851	0.080624	3.701000
-9.638744	0.234951	0.083199	3.766000
-9.614620	0.238157	0.084875	3.831000
-9.594434	0.240591	0.085881	3.896000
-9.578202	0.242369	0.086415	3.961000
-9.565934	0.243591	0.086639	4.022000
-9.827059	0.198412	0.049573	3.441000
-9.779596	0.208266	0.060123	3.506000
-9.736109	0.217514	0.069445	3.571000
-9.696501	0.225594	0.076926	3.636000
-9.660753	0.232405	0.082622	3.701000
-9.628872	0.237995	0.086762	3.766000
-9.600873	0.242465	0.089617	3.831000
-9.576781	0.245952	0.091472	3.896000
-9.556615	0.248594	0.092583	3.961000
-9.540393	0.250520	0.093172	4.026000
-9.528129	0.251842	0.093419	4.087000
-9.793135	0.202031	0.052468	3.506000
-9.745818	0.212729	0.064020	3.571000
-9.702390	0.223189	0.074808	3.636000
-9.662810	0.232318	0.083464	3.701000
-9.627071	0.240119	0.090217	3.766000
-9.595176	0.246626	0.095297	3.831000
-9.567136	0.251899	0.098932	3.896000
-9.542969	0.256025	0.101354	3.961000
-9.522694	0.259113	0.102791	4.026000
-9.506341	0.261337	0.103543	4.091000
-9.493930	0.262853	0.103860	4.152000
-9.754787	0.206483	0.056252	3.571000
-9.707559	0.218494	0.069403	3.636000
-9.664293	0.229700	0.080921	3.701000
-9.624863	0.239537	0.090242	3.766000
-9.589259	0.248000	0.097594	3.831000
-9.557483	0.255115	0.103207	3.896000
-9.529544	0.260938	0.107310	3.961000
-9.505459	0.265549	0.110134	4.026000
-9.485249	0.269051	0.111908	4.091000
-9.468936	0.271565	0.112861	4.156000
-9.456548	0.273256	0.113263	4.217000
-9.715987	0.211382	0.060644	3.636000
-9.668930	0.224159	0.074591	3.701000
-9.625815	0.236013	0.086715	3.766000
-9.586525	0.246464	0.096587	3.831000
-9.551049	0.255500	0.104435	3.896000
-9.519384	0.263142	0.110491	3.961000
-9.491541	0.269440	0.114982	4.026000
-9.467535	0.274469	0.118139	4.091000
-9.447386	0.278328	0.120192	4.156000
-9.431119	0.281135	0.121371	4.221000
-9.418760	0.283024	0.121904	4.282000
-9.665253	0.218509	0.067547	3.701000
-9.618390	0.232073	0.082153	3.766000
-9.575450	0.244615	0.094796	3.831000
-9.536322	0.255713	0.105139	3.896000
-9.500991	0.265349	0.113414	3.961000
-9.469455	0.273538	0.119848	4.026000
-9.441720	0.280328	0.124671	4.091000
-9.417803	0.285789	0.128115	4.156000
-9.397726	0.290016	0.130406	4.221000
-9.381512	0.293124	0.131777	4.286000
-9.369188	0.295244	0.132456	4.347000
-9.631206	0.227786	0.078580	3.766000
-9.584671	0.242237	0.093725	3.831000
-9.542041	0.255580	0.106816	3.896000
-9.503203	0.267422	0.117568	3.961000
-9.468139	0.277742	0.126211	4.026000
-9.436847	0.286553	0.132973	4.091000
-9.409331	0.293895	0.138085	4.156000
-9.385609	0.299838	0.141776	4.221000
-9.365701	0.304472	0.144276	4.286000
-9.349635	0.307910	0.145815	4.351000
-9.337440	0.310280	0.146622	4.412000
-9.582857	0.242512	0.095859	3.831000
-9.537394	0.257879	0.111275	3.896000
-9.495773	0.271907	0.124402	3.961000
-9.457914	0.284359	0.135187	4.026000
-9.423799	0.295214	0.143861	4.091000
-9.393424	0.304487	0.150653	4.156000
-9.366797	0.312220	0.155793	4.221000
-9.343935	0.318482	0.159510	4.286000
-9.324863	0.323365	0.162034	4.351000
-9.309609	0.326982	0.163594	4.416000
-9.298205	0.329459	0.164421	4.477000
-9.536762	0.256039	0.110513	3.896000
-9.492337	0.271996	0.125948	3.961000
-9.451727	0.286530	0.139073	4.026000
-9.414851	0.299423	0.149856	4.091000
-9.381691	0.310657	0.158529	4.156000
-9.352246	0.320248	0.165321	4.221000
-9.326523	0.328240	0.170462	4.286000
-9.304542	0.334702	0.174180	4.351000
-9.286328	0.339728	0.176706	4.416000
-9.271912	0.343430	0.178269	4.481000
-9.261327	0.345937	0.179100	4.542000
-9.490602	0.269782	0.124130	3.961000
-9.447325	0.286189	0.139515	4.026000
-9.407831	0.301087	0.152559	4.091000
-9.372044	0.314284	0.163270	4.156000
-9.339949	0.325765	0.171877	4.221000
-9.311542	0.335548	0.178611	4.286000
-9.286835	0.343680	0.183700	4.351000
-9.265847	0.350233	0.187374	4.416000
-9.248606	0.355301	0.189863	4.481000
-9.235145	0.358996	0.191397	4.546000
-9.225499	0.361450	0.192205	4.607000
-9.445132	0.284679	0.138421	4.026000
-9.403170	0.301445	0.153655	4.091000
-9.365020	0.316800	0.166803	4.156000
-9.330546	0.330382	0.177606	4.221000
-9.299730	0.342180	0.186293	4.286000
-9.272572	0.352213	0.193094	4.351000
-9.249083	0.360527	0.198239	4.416000
-9.229284	0.367197	0.201957	4.481000
-9.213205	0.372316	0.204478	4.546000
-9.200881	0.375998	0.206031	4.611000
-9.192350	0.378373	0.206847	4.672000
-9.399721	0.300874	0.153359	4.091000
-9.359123	0.318176	0.168707	4.156000
-9.322224	0.333745	0.181598	4.221000
-9.288968	0.347481	0.192166	4.286000
-9.259343	0.359375	0.200641	4.351000
-9.233348	0.369451	0.207251	4.416000
-9.210997	0.377761	0.212227	4.481000
-9.192315	0.384380	0.215798	4.546000
-9.177332	0.389405	0.218193	4.611000
-9.166087	0.392953	0.219643	4.676000
-9.158620	0.395154	0.220378	4.737000
-9.357625	0.316989	0.168655	4.156000
-9.318338	0.334520	0.183709	4.221000
-9.282696	0.350194	0.196242	4.286000
-9.250667	0.363975	0.206484	4.351000
-9.222239	0.375863	0.214663	4.416000
-9.197418	0.385887	0.221011	4.481000
-9.176218	0.394103	0.225755	4.546000
-9.158666	0.400590	0.229126	4.611000
-9.144797	0.405449	0.231354	4.676000
-9.134651	0.408797	0.232668	4.741000
-9.128271	0.410769	0.233298	4.802000
-9.323198	0.330161	0.180867	4.221000
-9.285182	0.347686	0.195516	4.286000
-9.250781	0.363300	0.207676	4.351000
-9.219968	0.376977	0.217578	4.416000
-9.192736	0.388723	0.225451	4.481000
-9.169089	0.398570	0.231525	4.546000
-9.149047	0.406581	0.236028	4.611000
-9.132640	0.412837	0.239192	4.676000
-9.119903	0.417443	0.241245	4.741000
-9.110880	0.420521	0.242418	4.806000
-9.105616	0.422204	0.242939	4.867000
-9.285216	0.345029	0.193700	4.286000
-9.248569	0.362496	0.207905	4.351000
-9.215508	0.377999	0.219659	4.416000
-9.186009	0.391519	0.229190	4.481000
-9.160066	0.403067	0.236729	4.546000
-9.137689	0.412684	0.242504	4.611000
-9.118900	0.420434	0.246745	4.676000
-9.103730	0.426405	0.249682	4.741000
-9.092220	0.430705	0.251545	4.806000
-9.084414	0.433457	0.252563	4.871000
-9.080358	0.434799	0.252966	4.932000
-9.246901	0.361660	0.208161	4.351000
-9.211632	0.379100	0.221929	4.416000
-9.179916	0.394519	0.233281	4.481000
-9.151731	0.407904	0.242446	4.546000
-9.127076	0.419273	0.249653	4.611000
-9.105963	0.428671	0.255133	4.676000
-9.088417	0.436169	0.259114	4.741000
-9.074474	0.441858	0.261827	4.806000
-9.064177	0.445848	0.263501	4.871000
-9.057571	0.448266	0.264366	4.936000
-9.054705	0.449252	0.264652	4.997000
-9.212413	0.377743	0.221757	4.416000
-9.178430	0.395127	0.235115	4.481000
-9.147966	0.410437	0.246089	4.546000
-9.121005	0.423667	0.254910	4.611000
-9.097549	0.434839	0.261807	4.676000
-9.077613	0.444006	0.267010	4.741000
-9.061225	0.451240	0.270748	4.806000
-9.048423	0.456637	0.273251	4.871000
-9.039254	0.460312	0.274749	4.936000
-9.033764	0.462391	0.275471	5.001000
-9.032007	0.463018	0.275647	5.062000
-9.177261	0.396145	0.237429	4.481000
-9.144623	0.413491	0.250363	4.546000
-9.115469	0.428704	0.260948	4.611000
-9.089784	0.441785	0.269414	4.676000
-9.067573	0.452762	0.275991	4.741000
-9.048857	0.461691	0.280908	4.806000
-9.033666	0.468651	0.284395	4.871000
-9.022042	0.473740	0.286681	4.936000
-9.014032	0.477075	0.287996	5.001000
-9.009614	0.478816	0.288580	5.066000
-9.008916	0.479075	0.288651	5.127000
-9.144278	0.414124	0.252321	4.546000
-9.113584	0.430889	0.264393	4.611000
-9.086338	0.445474	0.274193	4.676000
-9.062536	0.457889	0.281949	4.741000
-9.042188	0.468177	0.287892	4.806000
-9.025320	0.476399	0.292251	4.871000
-9.011963	0.482646	0.295256	4.936000
-9.002087	0.487057	0.297153	5.001000
-8.995690	0.489773	0.298172	5.066000
-8.992073	0.491227	0.298633	5.131000
-8.992033	0.491242	0.298637	5.192000
