0.000000	0.000000	0.000000
-11.248852	0.000140	0.028035
-11.243854	0.000280	0.028035
-11.238855	0.000420	0.028035
-11.233857	0.000561	0.028035
-11.228859	0.000701	0.028035
-11.223861	0.000841	0.028035
-11.218863	0.000981	0.028035
-11.213864	0.001121	0.028035
-11.208866	0.001261	0.028035
-11.242354	0.000322	0.028035
-11.230858	0.000645	0.028035
-11.219362	0.000967	0.028035
-11.207867	0.001289	0.028035
-11.196371	0.001612	0.028035
-11.184875	0.001934	0.028035
-11.173379	0.002257	0.028035
-11.161883	0.002579	0.028035
-11.150387	0.002901	0.028035
-11.235857	0.000505	0.028035
-11.217863	0.001009	0.028035
-11.199870	0.001514	0.028035
-11.181876	0.002018	0.028035
-11.163883	0.002523	0.028035
-11.145889	0.003027	0.028035
-11.127896	0.003532	0.028035
-11.109906	0.004115	0.030223
-11.091933	0.005105	0.043721
-11.229359	0.000687	0.028035
-11.204868	0.001374	0.028035
-11.180377	0.002060	0.028035
-11.155885	0.002747	0.028035
-11.131394	0.003434	0.028035
-11.106910	0.004280	0.031295
-11.082447	0.005628	0.044793
-11.057984	0.006975	0.055029
-11.033521	0.008323	0.055029
-11.222861	0.000869	0.028035
-11.191872	0.001738	0.028035
-11.160884	0.002607	0.028035
-11.129895	0.003476	0.028035
-11.098922	0.004720	0.034095
-11.067969	0.006425	0.047592
-11.037016	0.008130	0.055029
-11.006063	0.009835	0.055029
-10.975110	0.011541	0.055029
-11.216364	0.001051	0.028035
-11.178877	0.002102	0.028035
-11.141391	0.003154	0.028035
-11.103915	0.004445	0.031245
-11.066471	0.006508	0.044742
-11.029028	0.008570	0.055029
-10.991585	0.010633	0.055029
-10.954130	0.012462	0.051906
-10.916660	0.013943	0.044155
-11.082973	0.005599	0.055029
-11.053127	0.007243	0.055029
-11.023280	0.008887	0.055029
-10.993433	0.010531	0.055029
-10.963582	0.012088	0.053564
-10.933714	0.013269	0.045813
-10.903845	0.014450	0.039527
-10.873977	0.015631	0.039527
-10.844108	0.016813	0.039527
-11.076483	0.005956	0.055029
-11.040146	0.007958	0.055029
-11.003809	0.009960	0.055029
-10.967471	0.011934	0.054654
-10.931108	0.013372	0.046903
-10.894744	0.014810	0.039527
-10.858381	0.016248	0.039527
-10.822017	0.017686	0.039527
-10.785654	0.019124	0.039527
-11.069993	0.006314	0.055029
-11.027166	0.008673	0.055029
-10.984339	0.011032	0.055029
-10.941492	0.012961	0.050013
-10.898633	0.014656	0.042262
-10.855775	0.016351	0.039527
-10.812916	0.018046	0.039527
-10.770058	0.019741	0.039527
-10.727200	0.021436	0.039527
-11.063503	0.006671	0.055029
-11.014186	0.009388	0.055029
-10.964865	0.012037	0.054344
-10.915512	0.013989	0.046593
-10.866159	0.015941	0.039527
-10.816805	0.017893	0.039527
-10.767452	0.019844	0.039527
-10.718099	0.021796	0.039527
-10.668745	0.023742	0.039462
-11.057013	0.007029	0.055029
-11.001205	0.010103	0.055029
-10.945380	0.012808	0.051719
-10.889532	0.015016	0.043968
-10.833684	0.017225	0.039527
-10.777836	0.019434	0.039527
-10.721987	0.021642	0.039527
-10.666138	0.023810	0.039161
-10.610266	0.025279	0.032540
-10.921256	0.013762	0.039527
-10.873283	0.015659	0.039527
-10.825309	0.017556	0.039527
-10.777335	0.019453	0.039527
-10.729362	0.021351	0.039527
-10.681388	0.023248	0.039527
-10.633399	0.024671	0.034584
-10.585405	0.025933	0.027963
-10.537410	0.027194	0.026285
-10.914761	0.014019	0.039527
-10.860293	0.016173	0.039527
-10.805824	0.018327	0.039527
-10.751356	0.020481	0.039527
-10.696887	0.022635	0.039527
-10.642407	0.024434	0.036268
-10.587915	0.025867	0.029647
-10.533423	0.027299	0.026285
-10.478931	0.028732	0.026285
-10.908267	0.014275	0.039527
-10.847303	0.016686	0.039527
-10.786340	0.019097	0.039527
-10.725376	0.021508	0.039527
-10.664410	0.023856	0.039004
-10.603421	0.025459	0.032383
-10.542431	0.027062	0.026285
-10.481441	0.028666	0.026285
-10.420451	0.030269	0.026285
-10.901772	0.014532	0.039527
-10.834313	0.017200	0.039527
-10.766855	0.019868	0.039527
-10.699396	0.022536	0.039527
-10.631922	0.024710	0.035867
-10.564434	0.026484	0.029245
-10.496947	0.028258	0.026285
-10.429459	0.030033	0.026285
-10.361972	0.031807	0.026285
-10.625258	0.024885	0.026285
-10.581285	0.026041	0.026285
-10.537313	0.027197	0.026285
-10.493341	0.028353	0.026285
-10.449368	0.029509	0.026285
-10.405396	0.030665	0.026285
-10.361424	0.031821	0.026285
-10.317454	0.033064	0.027272
-10.273490	0.034507	0.030532
-10.618760	0.025056	0.026285
-10.568290	0.026383	0.026285
-10.517820	0.027709	0.026285
-10.467350	0.029036	0.026285
-10.416880	0.030363	0.026285
-10.366410	0.031690	0.026285
-10.315943	0.033114	0.027242
-10.265482	0.034770	0.030503
-10.215021	0.036426	0.032805
-10.612262	0.025227	0.026285
-10.555294	0.026724	0.026285
-10.498327	0.028222	0.026285
-10.441359	0.029720	0.026285
-10.384391	0.031217	0.026285
-10.327424	0.032737	0.026476
-10.270467	0.034606	0.029736
-10.213510	0.036475	0.032805
-10.156553	0.038344	0.032805
-10.605765	0.025397	0.026285
-10.542299	0.027066	0.026285
-10.478834	0.028734	0.026285
-10.415368	0.030403	0.026285
-10.351903	0.032072	0.026285
-10.288445	0.034016	0.028459
-10.224991	0.036098	0.031719
-10.161538	0.038181	0.032805
-10.098084	0.040263	0.032805
-10.599267	0.025568	0.026285
-10.529304	0.027408	0.026285
-10.459340	0.029247	0.026285
-10.389377	0.031086	0.026285
-10.319416	0.033000	0.026814
-10.249466	0.035295	0.030074
-10.179516	0.037591	0.032805
-10.109566	0.039886	0.032805
-10.039616	0.042182	0.032805
-10.288163	0.034025	0.032805
-10.245556	0.035424	0.032805
-10.202949	0.036822	0.032805
-10.160342	0.038220	0.032805
-10.117735	0.039618	0.032805
-10.075128	0.041016	0.032805
-10.032521	0.042415	0.032805
-9.989915	0.043813	0.032805
-9.947315	0.045400	0.035026
-10.281667	0.034239	0.032805
-10.232563	0.035850	0.032805
-10.183460	0.037461	0.032805
-10.134356	0.039073	0.032805
-10.085253	0.040684	0.032805
-10.036149	0.042296	0.032805
-9.987046	0.043907	0.032805
-9.937952	0.045788	0.035555
-9.888865	0.047824	0.039872
-10.275170	0.034452	0.032805
-10.219570	0.036276	0.032805
-10.163970	0.038101	0.032805
-10.108370	0.039925	0.032805
-10.052770	0.041750	0.032805
-9.997170	0.043575	0.032805
-9.941579	0.045638	0.034952
-9.885997	0.047943	0.039269
-9.830415	0.050247	0.041438
-10.268674	0.034665	0.032805
-10.206577	0.036703	0.032805
-10.144481	0.038740	0.032805
-10.082384	0.040778	0.032805
-10.020288	0.042816	0.032805
-9.958195	0.044949	0.033572
-9.896118	0.047523	0.037889
-9.834041	0.050097	0.041438
-9.771965	0.052670	0.041438
-10.262177	0.034878	0.032805
-10.193584	0.037129	0.032805
-10.124991	0.039380	0.032805
-10.056398	0.041631	0.032805
-9.987805	0.043882	0.032805
-9.919228	0.046565	0.035952
-9.850657	0.049408	0.040269
-9.782086	0.052251	0.041438
-9.713515	0.055094	0.041438
-10.255681	0.035091	0.032805
-10.180591	0.037555	0.032805
-10.105502	0.040020	0.032805
-10.030412	0.042484	0.032805
-9.955327	0.045068	0.033604
-9.880261	0.048180	0.037921
-9.805196	0.051293	0.041438
-9.730130	0.054405	0.041438
-9.655065	0.057517	0.041438
-10.249184	0.035304	0.032805
-10.167598	0.037982	0.032805
-10.086012	0.040659	0.032805
-10.004426	0.043337	0.032805
-9.922855	0.046414	0.035259
-9.841295	0.049796	0.039576
-9.759735	0.053178	0.041438
-9.678175	0.056559	0.041438
-9.596669	0.060739	0.046339
-9.917319	0.046644	0.041438
-9.865407	0.048796	0.041438
-9.813495	0.050949	0.041438
-9.761583	0.053101	0.041438
-9.709671	0.055253	0.041438
-9.657758	0.057406	0.041438
-9.605867	0.059863	0.044374
-9.554145	0.064792	0.071172
-9.502423	0.069722	0.095028
-9.910824	0.046913	0.041438
-9.852418	0.049335	0.041438
-9.794011	0.051756	0.041438
-9.735605	0.054178	0.041438
-9.677198	0.056600	0.041438
-9.618792	0.059021	0.041438
-9.560573	0.064180	0.064904
-9.502380	0.069726	0.091702
-9.444187	0.075273	0.095028
-9.904330	0.047182	0.041438
-9.839429	0.049873	0.041438
-9.774528	0.052564	0.041438
-9.709627	0.055255	0.041438
-9.644726	0.057946	0.041438
-9.579941	0.062334	0.054528
-9.515278	0.068497	0.081328
-9.450615	0.074661	0.095028
-9.385951	0.080824	0.095028
-9.897836	0.047452	0.041438
-9.826440	0.050412	0.041438
-9.755045	0.053372	0.041438
-9.683649	0.056332	0.041438
-9.612254	0.059292	0.041438
-9.541117	0.066034	0.067964
-9.469983	0.072814	0.094760
-9.398849	0.079595	0.095028
-9.327715	0.086375	0.095028
-9.891341	0.047721	0.041438
-9.813451	0.050950	0.041438
-9.735561	0.054180	0.041438
-9.657672	0.057409	0.041438
-9.579898	0.062338	0.052360
-9.502293	0.069735	0.079160
-9.424689	0.077132	0.095028
-9.347084	0.084529	0.095028
-9.269479	0.091925	0.095028
-9.884847	0.047990	0.041438
-9.800462	0.051489	0.041438
-9.716078	0.054988	0.041438
-9.631694	0.058486	0.041438
-9.547545	0.065422	0.061831
-9.463469	0.073435	0.088630
-9.379394	0.081449	0.095028
-9.295319	0.089463	0.095028
-9.212361	0.104558	0.137478
-9.556630	0.064556	0.095028
-9.501723	0.069789	0.095028
-9.446815	0.075023	0.095028
-9.391907	0.080256	0.095028
-9.337000	0.085490	0.095028
-9.282092	0.090723	0.095028
-9.227995	0.101092	0.142166
-9.174146	0.113031	0.203787
-9.120297	0.124970	0.218186
-9.550160	0.065172	0.095028
-9.488781	0.071023	0.095028
-9.427403	0.076873	0.095028
-9.366025	0.082723	0.095028
-9.304646	0.088574	0.095028
-9.243769	0.097595	0.121046
-9.183574	0.110941	0.182682
-9.123379	0.124287	0.218186
-9.063184	0.137633	0.218186
-9.543689	0.065789	0.095028
-9.475840	0.072256	0.095028
-9.407991	0.078723	0.095028
-9.340142	0.085190	0.095028
-9.272293	0.091657	0.095028
-9.205693	0.106036	0.153825
-9.139153	0.120790	0.215414
-9.072612	0.135543	0.218186
-9.006071	0.150296	0.218186
-9.537218	0.066406	0.095028
-9.462899	0.073490	0.095028
-9.388579	0.080573	0.095028
-9.314259	0.087657	0.095028
-9.240505	0.098318	0.119268
-9.167618	0.114478	0.180903
-9.094731	0.130638	0.218186
-9.021845	0.146799	0.218186
-8.949539	0.164865	0.231508
-9.530748	0.067023	0.095028
-9.449957	0.074723	0.095028
-9.369167	0.082424	0.095028
-9.288377	0.090124	0.095028
-9.208775	0.105353	0.141997
-9.129543	0.122920	0.203618
-9.050310	0.140487	0.218186
-8.971078	0.158054	0.218186
-8.895062	0.186185	0.286266
-9.524277	0.067639	0.095028
-9.437016	0.075957	0.095028
-9.349755	0.084274	0.095028
-9.262624	0.093414	0.099772
-9.177046	0.112388	0.161367
-9.091467	0.131362	0.218186
-9.005889	0.150336	0.218186
-8.922213	0.175559	0.255425
-8.840585	0.207504	0.332961
-9.517806	0.068256	0.095028
-9.424075	0.077190	0.095028
-9.330343	0.086124	0.095028
-9.237240	0.099042	0.116429
-9.145316	0.119423	0.178061
-9.053392	0.139804	0.218186
-8.961471	0.160196	0.218245
-8.873790	0.194510	0.295666
-8.786108	0.228824	0.373026
-9.204531	0.106294	0.218186
-9.139832	0.120639	0.218186
-9.075132	0.134984	0.218186
-9.010433	0.149329	0.218186
-8.946463	0.166069	0.237048
-8.884750	0.190220	0.314554
-8.823037	0.214372	0.373026
-8.761324	0.238523	0.373026
-8.699999	0.263444	0.379506
-9.198186	0.107701	0.218186
-9.127140	0.123453	0.218186
-9.056095	0.139205	0.218186
-8.985049	0.154957	0.218186
-8.916198	0.177913	0.269940
-8.848432	0.204433	0.347462
-8.780666	0.230954	0.373026
-8.712900	0.257474	0.373026
-8.650525	0.294661	0.455234
-9.191840	0.109108	0.218186
-9.114448	0.126267	0.218186
-9.037057	0.143426	0.218186
-8.959752	0.160868	0.220052
-8.885933	0.189757	0.297483
-8.812114	0.218646	0.373026
-8.738295	0.247535	0.373026
-8.668091	0.283577	0.423550
-8.601050	0.325878	0.518692
-9.185494	0.110515	0.218186
-9.101757	0.129081	0.218186
-9.018019	0.147647	0.218186
-8.935540	0.170344	0.243329
-8.855668	0.201602	0.320851
-8.775796	0.232859	0.373026
-8.696651	0.265556	0.382393
-8.624113	0.311326	0.477398
-8.551575	0.357096	0.562882
-9.179148	0.111922	0.218186
-9.089065	0.131895	0.218186
-8.998982	0.151868	0.218186
-8.911328	0.179819	0.263373
-8.825403	0.213446	0.340906
-8.739478	0.247072	0.373026
-8.658171	0.289836	0.428490
-8.580136	0.339075	0.523627
-8.502100	0.388313	0.562882
-8.898909	0.184679	0.373026
-8.836280	0.209189	0.373026
-8.773651	0.233699	0.373026
-8.711022	0.258209	0.373026
-8.653485	0.292793	0.457045
-8.596607	0.328682	0.552060
-8.539728	0.364571	0.562882
-8.485180	0.403109	0.588886
-8.442312	0.454931	0.747839
-8.892856	0.187048	0.373026
-8.824174	0.213927	0.373026
-8.755492	0.240805	0.373026
-8.688375	0.270779	0.396479
-8.625999	0.310136	0.491567
-8.563623	0.349493	0.562882
-8.501248	0.388851	0.562882
-8.452035	0.443177	0.698393
-8.405025	0.500007	0.857283
-8.886803	0.189417	0.373026
-8.812068	0.218664	0.373026
-8.737333	0.247912	0.373026
-8.666386	0.284653	0.425317
-8.598513	0.327479	0.520457
-8.530640	0.370305	0.562882
-8.470044	0.421406	0.631311
-8.418891	0.483245	0.790695
-8.367737	0.545084	0.879683
-8.880750	0.191786	0.373026
-8.799962	0.223402	0.373026
-8.719174	0.255018	0.373026
-8.644397	0.298528	0.449891
-8.571027	0.344822	0.544951
-8.497657	0.391116	0.562882
-8.441043	0.456465	0.709638
-8.385746	0.523313	0.868307
-8.340414	0.595662	0.944847
-8.874697	0.194155	0.373026
-8.787856	0.228140	0.373026
-8.701275	0.262639	0.376103
-8.622408	0.312402	0.471058
-8.543541	0.362165	0.562882
-8.471481	0.419669	0.617885
-8.412041	0.491525	0.777195
-8.352601	0.563381	0.879683
-8.322130	0.651231	1.058046
-8.642885	0.299482	0.562882
-8.581923	0.337947	0.562882
-8.520962	0.376412	0.562882
-8.467959	0.423926	0.646340
-8.422014	0.479468	0.805737
-8.376070	0.535010	0.879683
-8.340255	0.596145	0.959575
-8.317727	0.664616	1.147811
-8.295199	0.733087	1.252936
-8.637388	0.302950	0.562882
-8.570929	0.344884	0.562882
-8.504471	0.386817	0.562882
-8.451387	0.443960	0.692057
-8.401299	0.504511	0.851054
-8.351211	0.565061	0.879683
-8.326034	0.639365	1.061743
-8.301475	0.714011	1.248523
-8.287262	0.789748	1.318464
-8.631890	0.306419	0.562882
-8.559935	0.351821	0.562882
-8.489045	0.398436	0.572267
-8.434815	0.463994	0.730893
-8.380584	0.529553	0.879683
-8.338405	0.601766	0.960221
-8.311814	0.682586	1.148460
-8.285223	0.763406	1.252936
-8.293547	0.847909	1.460747
-8.626393	0.309888	0.562882
-8.548940	0.358758	0.562882
-8.476616	0.413461	0.605011
-8.418242	0.484028	0.764197
-8.359868	0.554596	0.879683
-8.326216	0.638813	1.034399
-8.297594	0.725807	1.221943
-8.289993	0.815019	1.368045
-8.299832	0.906071	1.583209
-8.620896	0.313356	0.562882
-8.537946	0.365695	0.562882
-8.464187	0.428487	0.633622
-8.401670	0.504062	0.793012
-8.344681	0.582690	0.911496
-8.314027	0.675859	1.099060
-8.285042	0.769204	1.261310
-8.295579	0.866718	1.474436
-8.306116	0.964233	1.678438
-8.441591	0.455803	0.879683
-8.390874	0.517114	0.879683
-8.345174	0.581194	0.915291
-8.320306	0.656778	1.102940
-8.295437	0.732361	1.252936
-8.289443	0.809935	1.371952
-8.297992	0.889044	1.587097
-8.306540	0.968153	1.678438
-8.340494	1.039344	1.846385
-8.437448	0.460811	0.879683
-8.382588	0.527130	0.879683
-8.339079	0.599718	0.954612
-8.312180	0.681475	1.142819
-8.285280	0.763233	1.252936
-8.293633	0.848710	1.460346
-8.302880	0.934281	1.673329
-8.327359	1.015105	1.770771
-8.368366	1.090777	1.967109
-8.433305	0.465819	0.879683
-8.374302	0.537147	0.879683
-8.332985	0.618241	0.988695
-8.304054	0.706173	1.176909
-8.287878	0.795451	1.321550
-8.297823	0.887484	1.536445
-8.308030	0.979436	1.679889
-8.352134	1.060823	1.874430
-8.396238	1.142210	2.067408
-8.429162	0.470828	0.879683
-8.366016	0.547164	0.879683
-8.326890	0.636764	1.018456
-8.295928	0.730870	1.206321
-8.291370	0.827763	1.386923
-8.302013	0.926259	1.601930
-8.329708	1.019440	1.768206
-8.376909	1.106542	1.964539
-8.428651	1.190167	2.096037
-8.425019	0.475836	0.879683
-8.357729	0.557181	0.879683
-8.320796	0.655287	1.044623
-8.287802	0.755568	1.231913
-8.294861	0.860075	1.444824
-8.306203	0.965033	1.658419
-8.351386	1.059444	1.847066
-8.401685	1.152260	2.042394
-8.471028	1.230497	2.181150
-8.420876	0.480845	0.879683
-8.349727	0.567355	0.881105
-8.314702	0.673810	1.067781
-8.286313	0.780966	1.282215
-8.298353	0.892387	1.496139
-8.319670	1.000916	1.721305
-8.373065	1.099447	1.917079
-8.432223	1.193567	2.099545
-8.513405	1.270826	2.256952
-8.319921	0.657947	1.252936
-8.289842	0.749368	1.252936
-8.293158	0.844313	1.428168
-8.303498	0.939999	1.642310
-8.334946	1.029106	1.793190
-8.380801	1.113723	1.989465
-8.432520	1.193849	2.105521
-8.502238	1.260198	2.263009
-8.571955	1.326547	2.380948
-8.317889	0.664121	1.252936
-8.285779	0.761717	1.252936
-8.295253	0.863701	1.457858
-8.306291	0.965849	1.670946
-8.350431	1.057680	1.847927
-8.399382	1.148012	2.043231
-8.465480	1.225217	2.172550
-8.539906	1.296046	2.330173
-8.618134	1.361684	2.412122
-8.315858	0.670296	1.252936
-8.285612	0.774477	1.270527
-8.297348	0.883088	1.484029
-8.313867	0.990208	1.701029
-8.365915	1.086254	1.896286
-8.419306	1.181273	2.075057
-8.498440	1.256584	2.232009
-8.577575	1.331894	2.380948
-8.669375	1.389909	2.479178
-8.313826	0.676470	1.252936
-8.287008	0.787402	1.292981
-8.299443	0.902475	1.507240
-8.326254	1.013067	1.742987
-8.381400	1.114828	1.939128
-8.447557	1.208159	2.127070
-8.531400	1.287951	2.284757
-8.619235	1.362290	2.410001
-8.720615	1.418135	2.538950
-8.311795	0.682644	1.252936
-8.288405	0.800327	1.313199
-8.301538	0.921862	1.527945
-8.338642	1.035926	1.780881
-8.396884	1.143402	1.977215
-8.475808	1.235045	2.174010
-8.564360	1.319318	2.331620
-8.664782	1.387380	2.463136
-8.771855	1.446361	2.592202
-8.309763	0.688819	1.252936
-8.289802	0.813251	1.331483
-8.303633	0.941249	1.546515
-8.351030	1.058786	1.815179
-8.412369	1.171976	2.011202
-8.504059	1.261932	2.216406
-8.597563	1.350352	2.374946
-8.710329	1.412469	2.511139
-8.823095	1.474586	2.638098
-8.307732	0.694993	1.252936
-8.291198	0.826176	1.348088
-8.305728	0.960636	1.563252
-8.363417	1.081645	1.846300
-8.434342	1.195583	2.071656
-8.532311	1.288818	2.254755
-8.637417	1.372306	2.425468
-8.755876	1.437559	2.554528
-8.876533	1.498151	2.657134
-8.305701	0.701168	1.252936
-8.292595	0.839101	1.363227
-8.308272	0.979884	1.580022
-8.375805	1.104504	1.874614
-8.457885	1.217988	2.131801
-8.560562	1.315704	2.289511
-8.677270	1.394259	2.464737
-8.801423	1.462648	2.593795
-8.930912	1.519718	2.682250
-8.303669	0.707342	1.252936
-8.293991	0.852026	1.377080
-8.317563	0.997028	1.618720
-8.388193	1.127363	1.900443
-8.481427	1.240393	2.163397
-8.588813	1.342590	2.321085
-8.717124	1.416212	2.500686
-8.847491	1.486632	2.633513
-8.985291	1.541285	2.705185
-8.301638	0.713516	1.252936
-8.295388	0.864951	1.389799
-8.326853	1.014173	1.654470
-8.400580	1.150222	1.924071
-8.504970	1.262798	2.192448
-8.621438	1.363504	2.373645
-8.756978	1.438165	2.533637
-8.895828	1.505803	2.663174
-9.039670	1.562853	2.726190
-8.299606	0.719691	1.252936
-8.296785	0.877875	1.401514
-8.336144	1.031317	1.687513
-8.412968	1.173082	1.945744
-8.528513	1.285203	2.219205
-8.655598	1.382321	2.429956
-8.796831	1.460119	2.563886
-8.944165	1.524974	2.682474
-9.094049	1.584420	2.745482
-8.297575	0.725865	1.252936
-8.298181	0.890800	1.412337
-8.345435	1.048461	1.718081
-8.430544	1.191969	1.984882
-8.552056	1.307609	2.243895
-8.689758	1.401138	2.462637
-8.836685	1.482072	2.591705
-8.992502	1.544145	2.700291
-9.148796	1.605029	2.766311
-8.295543	0.732040	1.252936
-8.299578	0.903725	1.422364
-8.354726	1.065606	1.746392
-8.449378	1.209893	2.025827
-8.575598	1.330014	2.266723
-8.723919	1.419955	2.488471
-8.878871	1.499078	2.633036
-9.040839	1.563316	2.716780
-9.203665	1.625317	2.770889
-8.293512	0.738214	1.252936
-8.300975	0.916650	1.431678
-8.364016	1.082750	1.772646
-8.468213	1.227817	2.063956
-8.599766	1.351566	2.290755
-8.758079	1.438772	2.512473
-8.921165	1.515852	2.669057
-9.089176	1.582487	2.732075
-9.258535	1.645604	2.774433
-8.291480	0.744388	1.252936
-8.302371	0.929575	1.440350
-8.373307	1.099895	1.797026
-8.487047	1.245741	2.099449
-8.628233	1.367246	2.332406
-8.792239	1.457589	2.534806
-8.963460	1.532627	2.683289
-9.137782	1.600957	2.748304
-9.313405	1.665892	2.777731
-8.289449	0.750563	1.252936
-8.303768	0.942499	1.448444
-8.382598	1.117039	1.819700
-8.505881	1.263665	2.132489
-8.656700	1.382927	2.371403
-8.826399	1.476406	2.555618
-9.005755	1.549402	2.696573
-9.186555	1.618990	2.764630
-9.368274	1.686180	2.780808
-8.287417	0.756737	1.252936
-8.305165	0.955424	1.456015
-8.391889	1.134183	1.840821
-8.524715	1.281589	2.163258
-8.685166	1.398608	2.407884
-8.861913	1.492352	2.582963
-9.048050	1.566176	2.708996
-9.235328	1.637024	2.771970
-9.423085	1.706624	2.783268
-8.285386	0.762911	1.252936
-8.306561	0.968349	1.463110
-8.401179	1.151328	1.860525
-8.543549	1.299513	2.191929
-8.713633	1.414289	2.441995
-8.898166	1.506730	2.612766
-9.090345	1.582951	2.720636
-9.284101	1.655057	2.774667
-9.477863	1.727159	2.785338
-8.285048	0.769265	1.260757
-8.308871	0.980989	1.471886
-8.410470	1.168472	1.875208
-8.562383	1.317437	2.216531
-8.742100	1.429970	2.473889
-8.934418	1.521109	2.640708
-9.132864	1.599138	2.733036
-9.332874	1.673091	2.777198
-9.532640	1.747694	2.785808
-8.285747	0.775727	1.272806
-8.315065	0.992419	1.488951
-8.422038	1.183873	1.893081
-8.581218	1.335361	2.230784
-8.770567	1.445651	2.497392
-8.970671	1.535487	2.666917
-9.175541	1.614918	2.745692
-9.381647	1.691124	2.779580
-9.587418	1.768229	2.785255
-8.342092	0.590562	0.917049
-8.291562	0.829545	1.138479
-8.354590	1.065355	1.597113
-8.503013	1.260936	2.026541
-8.701254	1.407470	2.362799
-8.923909	1.516940	2.595138
-9.155394	1.607469	2.726760
-9.388538	1.693672	2.778120
-9.621289	1.780927	2.785180
-8.340060	0.596736	0.925512
-8.292959	0.842469	1.152110
-8.363880	1.082499	1.619794
-8.521847	1.278860	2.053854
-8.729721	1.423151	2.391833
-8.960162	1.531319	2.619025
-9.198071	1.623248	2.737828
-9.437229	1.711926	2.779689
-9.675609	1.802518	2.782467
-8.338029	0.602911	0.933574
-8.294355	0.855394	1.165130
-8.373171	1.099644	1.641426
-8.540681	1.296784	2.079813
-8.758188	1.438832	2.419391
-8.996414	1.545697	2.641686
-9.240747	1.639027	2.748341
-9.485920	1.730179	2.781179
-9.728039	1.828468	2.770812
-8.335997	0.609085	0.941261
-8.295752	0.868319	1.177575
-8.382462	1.116788	1.662061
-8.559516	1.314708	2.104485
-8.786655	1.454513	2.445545
-9.032667	1.560075	2.663191
-9.283423	1.654807	2.758337
-9.534611	1.748433	2.782597
-9.780468	1.854417	2.759712
-8.333966	0.615260	0.948597
-8.297149	0.881244	1.189478
-8.391753	1.133932	1.681752
-8.578350	1.332632	2.127934
-8.815122	1.470194	2.470367
-9.068920	1.574453	2.683609
-9.326100	1.670586	2.767852
-9.583302	1.766686	2.783948
-9.832898	1.880367	2.749132
-8.331934	0.621434	0.955607
-8.298545	0.894169	1.200872
-8.401043	1.151077	1.700546
-8.597399	1.350262	2.150852
-8.843903	1.485209	2.495226
-9.105172	1.588832	2.702367
-9.368776	1.686365	2.775611
-9.631993	1.784940	2.785236
-9.885328	1.906316	2.739039
-8.329903	0.627608	0.962309
-8.299942	0.907093	1.211786
-8.410334	1.168221	1.718491
-8.620173	1.362807	2.183334
-8.874113	1.497191	2.524637
-9.141729	1.602416	2.710939
-9.411414	1.702248	2.777010
-9.680028	1.804706	2.782126
-9.937141	1.933397	2.727359
-8.327871	0.633783	0.968725
-8.301339	0.920018	1.222246
-8.421831	1.183677	1.740031
-8.642946	1.375351	2.214449
-8.904324	1.509173	2.548109
-9.178309	1.615941	2.719241
-9.454018	1.718220	2.778186
-9.726632	1.827772	2.772931
-9.987370	1.963386	2.710726
-8.325840	0.639957	0.974870
-8.302735	0.932943	1.232278
-8.435957	1.197120	1.765920
-8.665720	1.387896	2.244225
-8.934534	1.521155	2.565275
-9.214889	1.629466	2.727184
-9.496623	1.734192	2.779311
-9.773236	1.850838	2.764128
-10.037599	1.993375	2.694802
-8.323808	0.646131	0.980761
-8.304132	0.945868	1.241907
-8.450082	1.210563	1.790891
-8.688493	1.400441	2.272697
-8.964745	1.533136	2.581724
-9.251468	1.642991	2.734788
-9.539228	1.750164	2.780388
-9.819841	1.873904	2.755693
-10.087828	2.023364	2.679551
-8.321777	0.652306	0.986414
-8.305529	0.958793	1.251154
-8.464208	1.224006	1.814962
-8.711267	1.412986	2.299907
-8.994956	1.545118	2.597491
-9.288048	1.656517	2.742076
-9.581832	1.766135	2.781421
-9.866445	1.896970	2.747604
-10.138057	2.053352	2.664936
-8.319745	0.658480	0.991843
-8.306925	0.971717	1.260040
-8.478334	1.237449	1.838154
-8.734040	1.425530	2.325897
-9.025166	1.557100	2.612610
-9.324628	1.670042	2.749064
-9.624437	1.782107	2.782412
-9.913049	1.920037	2.739843
-10.185311	2.087503	2.642982
-8.427641	0.472666	0.653837
-8.286824	0.785698	0.899228
-8.382658	1.117149	1.501112
-8.625362	1.365665	2.099158
-8.939123	1.522974	2.511478
-9.267366	1.648869	2.726143
-9.596779	1.771739	2.779968
-9.914818	1.920913	2.743816
-10.210867	2.109143	2.639179
-8.423498	0.477675	0.657945
-8.288221	0.798623	0.912672
-8.391948	1.134294	1.522785
-8.648135	1.378210	2.126503
-8.969334	1.534956	2.534955
-9.303945	1.662395	2.732684
-9.639383	1.787710	2.780880
-9.959813	1.946933	2.732262
-10.255510	2.146948	2.613724
-8.419355	0.482683	0.661909
-8.289617	0.811548	0.925750
-8.401239	1.151438	1.543714
-8.670908	1.390754	2.152983
-8.999544	1.546938	2.557500
-9.340525	1.675920	2.738991
-9.681276	1.805323	2.779309
-10.004461	1.973590	2.720119
-10.300153	2.184752	2.591602
-8.415212	0.487692	0.665736
-8.291014	0.824472	0.938473
-8.410530	1.168583	1.563920
-8.693682	1.403299	2.178605
-9.029755	1.558920	2.579145
-9.377105	1.689445	2.745075
-9.722055	1.825506	2.774020
-10.049109	2.000247	2.708392
-10.344796	2.222556	2.573995
-8.411069	0.492700	0.669432
-8.292411	0.837397	0.950851
-8.422129	1.183960	1.586795
-8.716455	1.415844	2.203377
-9.059965	1.570902	2.596300
-9.413642	1.703084	2.750786
-9.762834	1.845689	2.768911
-10.093757	2.026903	2.697227
-10.384779	2.265053	2.548340
-8.406926	0.497709	0.673005
-8.293807	0.850322	0.962895
-8.436255	1.197403	1.612688
-8.739229	1.428389	2.227312
-9.090176	1.582884	2.608936
-9.450161	1.716774	2.756230
-9.803612	1.865872	2.763973
-10.138405	2.053560	2.686508
-10.422869	2.309454	2.520001
-8.402783	0.502717	0.676459
-8.295204	0.863247	0.974613
-8.450380	1.210846	1.637911
-8.762002	1.440933	2.250425
-9.120501	1.594567	2.621553
-9.486679	1.730464	2.761491
-9.844391	1.886055	2.758787
-10.180660	2.083564	2.670927
-10.460959	2.353856	2.492536
-8.398640	0.507726	0.679802
-8.296601	0.876172	0.986017
-8.464506	1.224289	1.662458
-8.784776	1.453478	2.272735
-9.150984	1.605838	2.634303
-9.523197	1.744154	2.766577
-9.885169	1.906238	2.753214
-10.220343	2.117168	2.650293
-10.499048	2.398257	2.465943
-8.394497	0.512734	0.683038
-8.297997	0.889096	0.997115
-8.478631	1.237732	1.686328
-8.807549	1.466023	2.294262
-9.181467	1.617109	2.646630
-9.559715	1.757844	2.771496
-9.925827	1.926642	2.747508
-10.260026	2.150772	2.630285
-10.534459	2.444620	2.436487
-8.390354	0.517743	0.686172
-8.299394	0.902021	1.007918
-8.492757	1.251175	1.709522
-8.830323	1.478568	2.315027
-9.211950	1.628380	2.658551
-9.596234	1.771534	2.776256
-9.964894	1.949967	2.737940
-10.299709	2.184376	2.610891
-10.565290	2.494336	2.405097
-8.386210	0.522751	0.689210
-8.300791	0.914946	1.018435
-8.506883	1.264618	1.732044
-8.853993	1.489211	2.337515
-9.242433	1.639651	2.670083
-9.632752	1.785224	2.778350
-10.003961	1.973292	2.728662
-10.339392	2.217980	2.592096
-10.596121	2.544051	2.374594
-8.382067	0.527760	0.692154
-8.302187	0.927871	1.028673
-8.521008	1.278061	1.753902
-8.878161	1.498796	2.360596
-9.272917	1.650922	2.681242
-9.669104	1.799299	2.778507
-10.043028	1.996616	2.719663
-10.375936	2.254744	2.569201
-10.626952	2.593767	2.344996
-8.377924	0.532768	0.695010
-8.303584	0.940796	1.038644
-8.535134	1.291505	1.775105
-8.902330	1.508382	2.382904
-9.303400	1.662193	2.692043
-9.704057	1.816598	2.774571
-10.082095	2.019941	2.710933
-10.409793	2.294212	2.546635
-10.654714	2.644928	2.312495
-8.373781	0.537777	0.697780
-8.304980	0.953720	1.048354
-8.549260	1.304948	1.795662
-8.926498	1.517967	2.404456
-9.333883	1.673464	2.702500
-9.739010	1.833898	2.770751
-10.121162	2.043266	2.702460
-10.443651	2.333680	2.524671
-10.673385	2.700368	2.269686
-8.369638	0.542785	0.700470
-8.306377	0.966645	1.057812
-8.563385	1.318391	1.815588
-8.950666	1.527553	2.425270
-9.364366	1.684735	2.712627
-9.773963	1.851198	2.767041
-10.160229	2.066590	2.694235
-10.477508	2.373148	2.503305
-10.692057	2.755808	2.228004
-8.365495	0.547794	0.703083
-8.308054	0.979483	1.067274
-8.577511	1.331834	1.834894
-8.974835	1.537138	2.445082
-9.394838	1.696034	2.722404
-9.808916	1.868497	2.763438
-10.195097	2.095790	2.678319
-10.511366	2.412616	2.482532
-10.710729	2.811248	2.195281
-8.361352	0.552802	0.705621
-8.314248	0.990912	1.080497
-8.591637	1.345277	1.853597
-8.999003	1.546724	2.459762
-9.425270	1.707443	2.731751
-9.843869	1.885797	2.759937
-10.229820	2.125193	2.662676
-10.541004	2.455173	2.456728
-10.727405	2.867079	2.161588
-8.357209	0.557811	0.708088
-8.320442	1.002342	1.093494
-8.607772	1.355976	1.874977
-9.023172	1.556309	2.474022
-9.455702	1.718851	2.737222
-9.878822	1.903097	2.756533
-10.264542	2.154597	2.647444
-10.568409	2.499365	2.428640
-10.731055	2.925465	2.115014
-8.353066	0.562819	0.710486
-8.326636	1.013771	1.106264
-8.624852	1.365384	1.897321
-9.047340	1.565895	2.487874
-9.486134	1.730260	2.740873
-9.913775	1.920396	2.753224
-10.299265	2.184000	2.632616
-10.595814	2.543557	2.401275
-10.734705	2.983851	2.069331
-8.349472	0.568131	0.714074
-8.332830	1.025201	1.118811
-8.641932	1.374793	1.918613
-9.071509	1.575480	2.501331
-9.516566	1.741668	2.744422
-9.947652	1.939672	2.747646
-10.333987	2.213403	2.618180
-10.623220	2.587748	2.376961
-10.738355	3.042237	2.024697
-8.347440	0.574305	0.721103
-8.339024	1.036631	1.131136
-8.659012	1.384201	1.938049
-9.095677	1.585066	2.514405
-9.546998	1.753077	2.747876
-9.981138	1.959665	2.741370
-10.367092	2.244435	2.601799
-10.650379	2.632056	2.353846
-10.742005	3.100623	1.983531
-8.345409	0.580479	0.727968
-8.345217	1.048060	1.143241
-8.676092	1.393610	1.957047
-9.119955	1.594365	2.527420
-9.577430	1.764485	2.751236
-10.014624	1.979657	2.734943
-10.396718	2.278970	2.580863
-10.666976	2.681336	2.319781
-10.732074	3.158127	1.935211
-8.343377	0.586654	0.734675
-8.351411	1.059490	1.155129
-8.693172	1.403018	1.975610
-9.144342	1.603382	2.540374
-9.607862	1.775893	2.754507
-10.048110	1.999650	2.728375
-10.426343	2.313504	2.560424
-10.683573	2.730616	2.286416
-10.720903	3.215551	1.886426
-8.341346	0.592828	0.741227
-8.357605	1.070919	1.166802
-8.710252	1.412427	1.993739
-9.168728	1.612399	2.552967
-9.638294	1.787302	2.757693
-10.081596	2.019643	2.721974
-10.455969	2.348039	2.540481
-10.700170	2.779896	2.253800
-10.709732	3.272975	1.838566
-8.339314	0.599003	0.747629
-8.363799	1.082349	1.178263
-8.727332	1.421835	2.011437
-9.193115	1.621416	2.565208
-9.668582	1.799041	2.760441
-10.115082	2.039635	2.715735
-10.485594	2.382573	2.521381
-10.716767	2.829176	2.221978
-10.698562	3.330399	1.791816
-8.337283	0.605177	0.753887
-8.369993	1.093779	1.189515
-8.744413	1.431244	2.028710
-9.217501	1.630432	2.577109
-9.697710	1.813457	2.760278
-10.148568	2.059628	2.709652
-10.515219	2.417108	2.505555
-10.728180	2.879473	2.186190
-10.676995	3.384476	1.736496
-8.335252	0.611351	0.760005
-8.376187	1.105208	1.200561
-8.761493	1.440653	2.045562
-9.241888	1.639449	2.588680
-9.726837	1.827873	2.760120
-10.179772	2.082812	2.700001
-10.540697	2.454679	2.485311
-10.731424	2.931372	2.147245
-10.652566	3.437631	1.684118
-8.333220	0.617526	0.765986
-8.382380	1.116638	1.211403
-8.778573	1.450061	2.062000
-9.266274	1.648466	2.599933
-9.755965	1.842290	2.759965
-10.209534	2.108015	2.688243
-10.564677	2.493347	2.463777
-10.734668	2.983270	2.111200
-10.628137	3.490786	1.634334
-8.331189	0.623700	0.771835
-8.388574	1.128067	1.222045
-8.795653	1.459470	2.078030
-9.290661	1.657483	2.610877
-9.785093	1.856706	2.759814
-10.239297	2.133218	2.676750
-10.588656	2.532014	2.442703
-10.737913	3.035169	2.075802
-10.603708	3.543941	1.585669
-8.329157	0.629875	0.777556
-8.394768	1.139497	1.232490
-8.812733	1.468878	2.093659
-9.315047	1.666499	2.621523
-9.814220	1.871122	2.759667
-10.269059	2.158421	2.665515
-10.612636	2.570682	2.422092
-10.741157	3.087067	2.041120
-10.576262	3.595411	1.535315
-8.327126	0.636049	0.783152
-8.400962	1.150927	1.242741
-8.829813	1.478287	2.108895
-9.339434	1.675516	2.631879
-9.843348	1.885539	2.759524
-10.298821	2.183624	2.654533
-10.636616	2.609350	2.401946
-10.735909	3.138415	2.000104
-10.543805	3.644081	1.481340
-8.325094	0.642223	0.788628
-8.407156	1.162356	1.252801
-8.847410	1.486600	2.124767
-9.363820	1.684533	2.641956
-9.872475	1.899955	2.758290
-10.328583	2.208827	2.643797
-10.656417	2.649985	2.378298
-10.725979	3.189458	1.955816
-10.511348	3.692751	1.432565
-8.323063	0.648398	0.793987
-8.413350	1.173786	1.262674
-8.865536	1.493789	2.141303
-9.388207	1.693550	2.651763
-9.901603	1.914372	2.755975
-10.358249	2.234127	2.633184
-10.670939	2.693105	2.350125
-10.716050	3.240502	1.912393
-10.478892	3.741421	1.389609
-8.321031	0.654572	0.799231
-8.421707	1.183559	1.274002
-8.883662	1.500978	2.157457
-9.412553	1.702675	2.658998
-9.930409	1.929378	2.753123
-10.383642	2.263728	2.617690
-10.685462	2.736225	2.323045
-10.706120	3.291546	1.874819
-10.445777	3.789589	1.347064
-8.319000	0.660746	0.804366
-8.431124	1.192521	1.285981
-8.901789	1.508167	2.173234
-9.436898	1.711802	2.664990
-9.958314	1.946038	2.748697
-10.409035	2.293329	2.602502
-10.699984	2.779345	2.298077
-10.696190	3.342589	1.837929
-10.407332	3.833682	1.300042
-8.316968	0.666921	0.809393
-8.440542	1.201483	1.297813
-8.919915	1.515356	2.188639
-9.461244	1.720929	2.670842
-9.986219	1.962699	2.744368
-10.434429	2.322930	2.587617
-10.714507	2.822465	2.273591
-10.674524	3.389854	1.792144
-10.368886	3.877775	1.254299
-8.314937	0.673095	0.814316
-8.449959	1.210445	1.309499
-8.938041	1.522545	2.203679
-9.485589	1.730055	2.676559
-10.014124	1.979359	2.740133
-10.459822	2.352531	2.573033
-10.727332	2.865918	2.248256
-10.652809	3.437103	1.746892
-10.330441	3.921868	1.211270
-8.312905	0.679270	0.819138
-8.459376	1.219407	1.321038
-8.956168	1.529735	2.218359
-9.509935	1.739182	2.682145
-10.042029	1.996020	2.735988
-10.485215	2.382132	2.558745
-10.730171	2.911329	2.215457
-10.631094	3.484351	1.702382
-10.291093	3.965087	1.175995
-8.310874	0.685444	0.823861
-8.468793	1.228369	1.332430
-8.974294	1.536924	2.232686
-9.534280	1.748309	2.687605
-10.069934	2.012680	2.731933
-10.510608	2.411733	2.544752
-10.733010	2.956740	2.183109
-10.609380	3.531600	1.658768
-10.248311	4.004986	1.137687
-8.308842	0.691618	0.828489
-8.478210	1.237331	1.343674
-8.992420	1.544113	2.246668
-9.558626	1.757436	2.692941
-10.097839	2.029341	2.727963
-10.533539	2.443136	2.528625
-10.735849	3.002151	2.151267
-10.587403	3.578703	1.618195
-10.205530	4.044885	1.100304
-8.306811	0.697793	0.833024
-8.487627	1.246293	1.354771
-9.010547	1.551302	2.260311
-9.582971	1.766562	2.698159
-10.125744	2.046001	2.724075
-10.554093	2.476280	2.510478
-10.738688	3.047563	2.119984
-10.558553	3.621966	1.574689
-10.162749	4.084784	1.063915
-8.304779	0.703967	0.837468
-8.497044	1.255255	1.365720
-9.028673	1.558491	2.273622
-9.607317	1.775689	2.703261
-10.153649	2.062662	2.720269
-10.574647	2.509424	2.492664
-10.741526	3.092974	2.089304
-10.529703	3.665228	1.531930
-10.118612	4.123068	1.026916
-8.302748	0.710142	0.841825
-8.506461	1.264217	1.376523
-9.046799	1.565680	2.286610
-9.631662	1.784816	2.708251
-10.179328	2.082436	2.713524
-10.595201	2.542568	2.475184
-10.736020	3.137844	2.056175
-10.500852	3.708490	1.490050
-10.071875	4.158252	0.993815
-8.300716	0.716316	0.846097
-8.515878	1.273179	1.387179
-9.064926	1.572869	2.299280
-9.656008	1.793943	2.713133
-10.204130	2.103439	2.705729
-10.615755	2.575712	2.458038
-10.727331	3.182507	2.022262
-10.472002	3.751753	1.449165
-10.025137	4.193436	0.963702
-8.298685	0.722490	0.850285
-8.525295	1.282141	1.397690
-9.083052	1.580058	2.311642
-9.679712	1.804549	2.716637
-10.228932	2.124441	2.698080
-10.636309	2.608855	2.442464
-10.718643	3.227170	1.988725
-10.441888	3.794049	1.408203
-9.978399	4.228620	0.934262
-8.304662	0.950770	1.245458
-8.697131	1.405199	1.770742
-9.265343	1.648121	2.513700
-9.837517	1.882653	2.745089
-10.349174	2.226263	2.651564
-10.686090	2.738091	2.352166
-10.695004	3.345291	1.870531
-10.374838	3.870949	1.302663
-9.907017	4.271897	0.866069
-8.305360	0.957232	1.250057
-8.708518	1.411471	1.780277
-9.283633	1.654884	2.522098
-9.860819	1.894186	2.744889
-10.371585	2.249672	2.641283
-10.698538	2.775051	2.331094
-10.676004	3.386634	1.832408
-10.340664	3.910142	1.265379
-9.856731	4.301790	0.840624
-8.306058	0.963695	1.254566
-8.719905	1.417744	1.789658
-9.301922	1.661647	2.530296
-9.884121	1.905719	2.744692
-10.392746	2.274340	2.629827
-10.710986	2.812011	2.310399
-10.657003	3.427976	1.795976
-10.306491	3.949336	1.229093
-9.806445	4.331683	0.815685
-8.399280	1.147824	1.655371
-8.890756	1.503792	2.094095
-9.466667	1.722962	2.647367
-10.023099	1.984718	2.739961
-10.486592	2.383736	2.566719
-10.731810	2.937552	2.210313
-10.610033	3.530179	1.678056
-10.236540	4.015964	1.140269
-9.734983	4.369368	0.764482
-8.402377	1.153539	1.659788
-8.902841	1.508584	2.101485
-9.484927	1.729807	2.652420
-10.045423	1.998046	2.736861
-10.507753	2.408404	2.555818
-10.734244	2.976476	2.184206
-10.591032	3.571522	1.642275
-10.198512	4.051430	1.108448
-9.682759	4.395730	0.736913
-8.405474	1.159253	1.664116
-8.914925	1.513377	2.108738
-9.503186	1.736652	2.657360
-10.067747	2.011375	2.733824
-10.527802	2.433885	2.544086
-10.736677	3.015400	2.158509
-10.566634	3.609849	1.603805
-10.160484	4.086895	1.077409
-9.630535	4.422091	0.714674
-8.541420	1.297486	2.020350
-9.082586	1.579874	2.345871
-9.658572	1.794904	2.722692
-10.193812	2.094701	2.707736
-10.600060	2.550402	2.465359
-10.736123	3.137312	2.050432
-10.506568	3.699920	1.489644
-10.087903	4.146186	0.999698
-9.558815	4.456021	0.673388
-8.546128	1.301967	2.024191
-9.094670	1.584666	2.350452
-9.676341	1.802881	2.724406
-10.213653	2.111503	2.701563
-10.617188	2.578022	2.452462
-10.728676	3.175595	2.021564
-10.481324	3.737774	1.454179
-10.046358	4.177461	0.972904
-9.504117	4.476766	0.647476
-8.550837	1.306448	2.027955
-9.106755	1.589459	2.354940
-9.693817	1.811530	2.725496
-10.233494	2.128305	2.695509
-10.634316	2.605642	2.440387
-10.721229	3.213877	1.993058
-10.456080	3.775629	1.419618
-10.004813	4.208736	0.946696
-9.449419	4.497512	0.622115
-8.555545	1.310929	2.031644
-9.118939	1.593990	2.359555
-9.711294	1.820180	2.726563
-10.253336	2.145107	2.689350
-10.650875	2.633530	2.428082
-10.713782	3.252160	1.964951
-10.427300	3.810781	1.383118
-9.962524	4.238900	0.920069
-9.394721	4.518257	0.600693
-8.560254	1.315410	2.035259
-9.131133	1.598498	2.364097
-9.728771	1.828830	2.727608
-10.273177	2.161909	2.683291
-10.661248	2.664330	2.410992
-10.706334	3.290443	1.937280
-10.397398	3.845075	1.350947
-9.917826	4.265472	0.890771
-9.339962	4.538818	0.580624
-8.564962	1.319892	2.038803
-9.143326	1.603006	2.368548
-9.746247	1.837480	2.728631
-10.293019	2.178711	2.677348
-10.671621	2.695130	2.394159
-10.698887	3.328726	1.910074
-10.367495	3.879370	1.319418
-9.873127	4.292043	0.862134
-9.283786	4.555142	0.557572
-8.569671	1.324373	2.042278
-9.155519	1.607515	2.372913
-9.763724	1.846130	2.729633
-10.312860	2.195512	2.671518
-10.681994	2.725930	2.377587
-10.685850	3.365208	1.879481
-10.337593	3.913664	1.288571
-9.828428	4.318615	0.838354
-9.227609	4.571466	0.534977
-8.739156	1.428349	2.335686
-9.328890	1.671618	2.545495
-9.915959	1.921477	2.744780
-10.420285	2.306443	2.614765
-10.726647	2.858513	2.284028
-10.633684	3.478716	1.750863
-10.261433	3.992748	1.181565
-9.745196	4.364213	0.783712
-9.150806	4.593784	0.496037
-8.744850	1.431485	2.338762
-9.341083	1.676126	2.547994
-9.933001	1.930925	2.743667
-10.437214	2.326177	2.606306
-10.728894	2.890906	2.263014
-10.617398	3.514152	1.721322
-10.228159	4.023781	1.154611
-9.698774	4.387645	0.760220
-9.094630	4.610109	0.477359
-8.750543	1.434621	2.341778
-9.353276	1.680634	2.550442
-9.949744	1.940921	2.742098
-10.454143	2.345911	2.598002
-10.730922	2.923343	2.242577
-10.601112	3.549589	1.692295
-10.194884	4.054813	1.128366
-9.652353	4.411078	0.737226
-9.037712	4.623462	0.456754
-8.756236	1.437757	2.344736
-9.365470	1.685143	2.552842
-9.966487	1.950918	2.740559
-10.471072	2.365645	2.589851
-10.732950	2.955780	2.222411
-10.583632	3.584359	1.662895
-10.161610	4.085846	1.102694
-9.605932	4.434510	0.715730
-8.980453	4.635447	0.435511
-8.761930	1.440893	2.347637
-9.377663	1.689651	2.555194
-9.983230	1.960914	2.739051
-10.488001	2.385379	2.581850
-10.734978	2.988216	2.202527
-10.561994	3.616805	1.630812
-10.127755	4.116185	1.076955
-9.558686	4.456070	0.696602
-8.923194	4.647433	0.415370
-8.767623	1.444029	2.350482
-9.389854	1.694166	2.557496
-9.999973	1.970910	2.737571
-10.504929	2.405113	2.574000
-10.737005	3.020653	2.182936
-10.540357	3.649252	1.599264
-10.091403	4.143551	1.049005
-9.510065	4.474510	0.675347
-8.865935	4.659418	0.398440
-8.773316	1.447166	2.353274
-9.402026	1.698729	2.559714
-10.016716	1.980906	2.736120
-10.521858	2.424847	2.566331
-10.739033	3.053089	2.163645
-10.518719	3.681699	1.568299
-10.055051	4.170916	1.021684
-9.461445	4.492951	0.654485
-8.808676	4.671404	0.381846
-8.779010	1.450302	2.356014
-9.414199	1.703292	2.561890
-10.033459	1.990903	2.734696
-10.535794	2.446772	2.556218
-10.741061	3.085526	2.144661
-10.497081	3.714146	1.540260
-10.018700	4.198282	0.995009
-9.412824	4.511391	0.634021
-8.750553	4.677996	0.361643
-8.784703	1.453438	2.358703
-9.426372	1.707856	2.564024
-10.050202	2.000899	2.733298
-10.549496	2.468868	2.546069
-10.739927	3.117758	2.124027
-10.475443	3.746592	1.512904
-9.982348	4.225647	0.971024
-9.364204	4.529831	0.613963
-8.692415	4.684494	0.341756
-8.976552	1.537819	2.570852
-9.607865	1.775895	2.676529
-10.198209	2.098425	2.711371
-10.634674	2.606219	2.461603
-10.712140	3.260598	1.987158
-10.395089	3.847723	1.380160
-9.885652	4.284597	0.891730
-9.271451	4.558726	0.564166
-8.611814	4.693503	0.310612
-8.982594	1.540215	2.572705
-9.620037	1.780458	2.677553
-10.213090	2.111026	2.707251
-10.648377	2.628315	2.452095
-10.705934	3.292500	1.965994
-10.369459	3.877118	1.351055
-9.846541	4.307848	0.868394
-9.221516	4.573237	0.545116
-8.553676	4.700000	0.294501
-8.988636	1.542612	2.574523
-9.632210	1.785021	2.678559
-10.227971	2.123628	2.703205
-10.657316	2.652653	2.439202
-10.699728	3.324402	1.945147
-10.343829	3.906513	1.325801
-9.807430	4.331098	0.845566
-9.171582	4.587747	0.526433
-8.495274	4.702871	0.276094
-8.994678	1.545008	2.576308
-9.644383	1.789585	2.679545
-10.242852	2.136229	2.699231
-10.665614	2.677293	2.426027
-10.690404	3.355300	1.922645
-10.318198	3.935909	1.301473
-9.767542	4.352933	0.824312
-9.121647	4.602258	0.508119
-8.436808	4.704860	0.258542
-9.000720	1.547405	2.578060
-9.656556	1.794148	2.680513
-10.257733	2.148831	2.695328
-10.673913	2.701933	2.413049
-10.676832	3.384831	1.897707
-10.291730	3.964493	1.276860
-9.726923	4.373436	0.805358
-9.071613	4.616366	0.490687
-8.378341	4.706849	0.242372
-9.006762	1.549801	2.579780
-9.668585	1.799042	2.681206
-10.272615	2.161432	2.691494
-10.682211	2.726573	2.400518
-10.663260	3.414361	1.873031
-10.263209	3.991092	1.250829
-9.686305	4.393940	0.786739
-9.020716	4.627019	0.473055
-8.319875	4.708839	0.226499
-9.012804	1.552197	2.581468
-9.680236	1.804808	2.681213
-10.287496	2.174034	2.687726
-10.690510	2.751213	2.388824
-10.649689	3.443892	1.848642
-10.234688	4.017691	1.225318
-9.645686	4.414443	0.768458
-8.969819	4.637673	0.455741
-8.261403	4.709702	0.210145
-9.018846	1.554594	2.583126
-9.691887	1.810575	2.681221
-10.302377	2.186635	2.684024
-10.698808	2.775853	2.377306
-10.636117	3.473423	1.824564
-10.206167	4.044291	1.200343
-9.605067	4.434946	0.750520
-8.918922	4.648327	0.438744
-8.202921	4.708293	0.192534
-9.024888	1.556990	2.584755
-9.703538	1.816342	2.681228
-10.317258	2.199236	2.680386
-10.707107	2.800493	2.365963
-10.622545	3.502953	1.800819
-10.177646	4.070890	1.175919
-9.563858	4.454108	0.731946
-8.868025	4.658981	0.422067
-8.144439	4.706884	0.176236
-9.030931	1.559386	2.586355
-9.715189	1.822108	2.681235
-10.332139	2.211838	2.676810
-10.715406	2.825133	2.354792
-10.608973	3.532484	1.777425
-10.149125	4.097489	1.152055
-9.521315	4.470244	0.711524
-8.817128	4.669635	0.405710
-8.085957	4.705474	0.162439
-9.246988	1.641335	2.720166
-9.905761	1.916430	2.733098
-10.462323	2.355446	2.610352
-10.735633	2.998702	2.224955
-10.528457	3.667096	1.621174
-10.039560	4.182578	1.039276
-9.408774	4.512927	0.646961
-8.715994	4.681859	0.360719
-8.002666	4.701157	0.133075
-9.253085	1.643589	2.720773
-9.917412	1.922196	2.732637
-10.475020	2.370247	2.605096
-10.737255	3.024651	2.210223
-10.510426	3.694135	1.597534
-10.008402	4.206035	1.018007
-9.366231	4.529063	0.630387
-8.664316	4.687635	0.344059
-7.944435	4.695544	0.116561
-9.259181	1.645843	2.721370
-9.928812	1.928424	2.731824
-10.487716	2.385048	2.599927
-10.738878	3.050600	2.196050
-10.492394	3.721174	1.574297
-9.977243	4.229491	0.997196
-9.323185	4.543693	0.613060
-8.612638	4.693410	0.327708
-7.886204	4.689930	0.101418
-9.265278	1.648098	2.721955
-9.939974	1.935088	2.730688
-10.500413	2.399848	2.594846
-10.740500	3.076549	2.182405
-10.474363	3.748213	1.551479
-9.944035	4.249891	0.974441
-9.279492	4.556390	0.594691
-8.560960	4.699186	0.314098
-7.827973	4.684317	0.087906
-9.271375	1.650352	2.722531
-9.951136	1.941752	2.729571
-10.513110	2.414649	2.589849
-10.742122	3.102499	2.168961
-10.456331	3.775252	1.529090
-9.910511	4.269820	0.951790
-9.235800	4.569086	0.576657
-8.509095	4.702401	0.299396
-7.769889	4.677553	0.073858
-9.277471	1.652606	2.723096
-9.962298	1.948417	2.728474
-10.525287	2.429829	2.584528
-10.737921	3.128070	2.152426
-10.436141	3.800641	1.505856
-9.876987	4.289748	0.933008
-9.192107	4.581783	0.560689
-8.457125	4.704169	0.283985
-7.712117	4.668359	0.058431
-9.283568	1.654860	2.723652
-9.973460	1.955081	2.727396
-10.535564	2.446401	2.577816
-10.732956	3.153592	2.135627
-10.414782	3.825137	1.483416
-9.843463	4.309677	0.914994
-9.148415	4.594479	0.545930
-8.405155	4.705937	0.268835
-7.654345	4.659166	0.043268
-9.289665	1.657114	2.724198
-9.984622	1.961745	2.726336
-10.545841	2.462973	2.571204
-10.727991	3.179114	2.119000
-10.393424	3.849633	1.461319
-9.809939	4.329606	0.897298
-9.104722	4.607176	0.531426
-8.353185	4.707705	0.253946
-7.596572	4.649972	0.028369
-9.295761	1.659368	2.724735
-9.995784	1.968409	2.725294
-10.556118	2.479545	2.564691
-10.723027	3.204636	2.102551
-10.372065	3.874129	1.439578
-9.775951	4.348688	0.879318
-9.060723	4.618645	0.516369
-8.301215	4.709473	0.239931
-7.538934	4.640125	0.014114
-9.301858	1.661623	2.725263
-10.006946	1.975074	2.724269
-10.566395	2.496117	2.558275
-10.718062	3.230157	2.086286
-10.350706	3.898625	1.418204
-9.741135	4.366262	0.860588
-9.016188	4.627967	0.500168
-8.249236	4.709409	0.226075
-7.482215	4.625796	-0.001415
-9.307954	1.663877	2.725782
-10.018108	1.981738	2.723261
-10.576672	2.512689	2.551955
-10.713097	3.255679	2.070211
-10.329348	3.923121	1.397208
-9.706319	4.383837	0.842191
-8.971653	4.637289	0.484243
-8.197252	4.708156	0.211694
-7.425495	4.611467	-0.016699
-9.314051	1.666131	2.726292
-10.029270	1.988402	2.722270
-10.586949	2.529261	2.545728
-10.708132	3.281201	2.054330
-10.307989	3.947617	1.376597
-9.671503	4.401411	0.824130
-8.927119	4.646611	0.468594
-8.145268	4.706904	0.197550
-7.368776	4.597138	-0.031737
-9.320148	1.668385	2.726794
-10.040432	1.995066	2.721295
-10.597226	2.545833	2.539595
-10.703168	3.306723	2.038648
-10.285123	3.970655	1.355155
-9.636687	4.418985	0.806408
-8.882584	4.655933	0.454485
-8.093284	4.705651	0.183643
-7.312304	4.581968	-0.047069
-7.439577	4.615024	-0.247453
-7.332999	4.588100	-0.247453
-7.228596	4.553799	-0.282437
-7.124416	4.518741	-0.321022
-7.022827	4.476847	-0.357869
-6.921603	4.433989	-0.395826
-6.825107	4.381410	-0.449699
-6.729451	4.327334	-0.506715
-6.638617	4.265429	-0.556379
-7.649256	4.658356	-0.157809
-7.510709	4.632994	-0.169424
-7.374040	4.598468	-0.214264
-7.239299	4.557401	-0.271639
-7.105870	4.512007	-0.311887
-6.976066	4.457048	-0.364221
-6.849702	4.395018	-0.428404
-6.727032	4.325685	-0.485397
-6.610551	4.246302	-0.556329
-7.642837	4.657334	-0.157809
-7.498104	4.629810	-0.172862
-7.355134	4.593691	-0.217704
-7.214658	4.549108	-0.277377
-7.075942	4.499336	-0.325909
-6.940152	4.441843	-0.372516
-6.809888	4.372991	-0.443354
-6.684062	4.296401	-0.516506
-6.562953	4.212370	-0.576697
-7.636418	4.656313	-0.157809
-7.485500	4.626626	-0.176010
-7.336227	4.588915	-0.220854
-7.190016	4.540816	-0.282631
-7.046014	4.486664	-0.338749
-6.904793	4.425496	-0.384220
-6.770074	4.350964	-0.457045
-6.641092	4.267116	-0.540864
-6.517917	4.175033	-0.609182
-7.629999	4.655291	-0.157809
-7.472896	4.623442	-0.178904
-7.317450	4.583699	-0.225174
-7.165374	4.532524	-0.287459
-7.016086	4.473993	-0.349122
-6.870667	4.406616	-0.403757
-6.730717	4.328196	-0.472333
-6.598122	4.237831	-0.554484
-6.472881	4.137697	-0.636320
-7.623580	4.654270	-0.157809
-7.460291	4.620258	-0.181573
-7.298969	4.577480	-0.232289
-7.140733	4.524231	-0.291912
-6.986158	4.461321	-0.355558
-6.836541	4.387736	-0.421784
-6.693118	4.302572	-0.496472
-6.556377	4.206919	-0.573135
-6.427845	4.100361	-0.651312
-7.837338	4.685220	-0.096102
-7.641230	4.657079	-0.119309
-7.447342	4.616986	-0.173206
-7.256713	4.563261	-0.239314
-7.070090	4.496858	-0.308278
-6.888969	4.416742	-0.379149
-6.716823	4.318728	-0.467031
-6.554420	4.205296	-0.563640
-6.403956	4.076589	-0.658644
-7.830868	4.684596	-0.096102
-7.628392	4.655036	-0.120532
-7.428435	4.612210	-0.177969
-7.232072	4.554968	-0.247322
-7.040162	4.484186	-0.318499
-6.854843	4.397862	-0.394629
-6.679224	4.293104	-0.486895
-6.514388	4.172108	-0.585525
-6.364384	4.033506	-0.689525
-7.824398	4.683972	-0.096102
-7.615554	4.652993	-0.121679
-7.409529	4.607433	-0.182438
-7.207430	4.546676	-0.254837
-7.010234	4.471515	-0.328093
-6.820717	4.378982	-0.409166
-6.641626	4.267480	-0.505548
-6.474356	4.138921	-0.606077
-6.324812	3.990423	-0.718553
-7.817928	4.683348	-0.096102
-7.602716	4.650950	-0.122758
-7.390623	4.602657	-0.186640
-7.182788	4.538384	-0.261903
-6.980306	4.458843	-0.337115
-6.786590	4.360102	-0.422840
-6.604027	4.241856	-0.523086
-6.434324	4.105733	-0.625400
-6.285636	3.947014	-0.747015
-7.811458	4.682725	-0.096102
-7.589877	4.648907	-0.123775
-7.371716	4.597881	-0.190599
-7.158147	4.530091	-0.268559
-6.950378	4.446172	-0.345612
-6.752464	4.341222	-0.435719
-6.566883	4.215628	-0.541276
-6.397318	4.069363	-0.653338
-6.250917	3.899928	-0.784977
-7.804988	4.682101	-0.096102
-7.577039	4.646864	-0.124734
-7.352810	4.593104	-0.194334
-7.133505	4.521799	-0.274837
-6.920450	4.433500	-0.353629
-6.719458	4.320523	-0.452481
-6.531855	4.186588	-0.566041
-6.362144	4.031067	-0.680863
-6.216198	3.852842	-0.813248
-7.798518	4.681477	-0.096102
-7.564201	4.644821	-0.125641
-7.333903	4.588328	-0.197864
-7.108939	4.513307	-0.281220
-6.891759	4.418285	-0.367149
-6.687230	4.298560	-0.471004
-6.496827	4.157549	-0.583515
-6.326969	3.992771	-0.703796
-6.181480	3.805756	-0.839975
-7.792047	4.680854	-0.096102
-7.551362	4.642778	-0.126499
-7.315178	4.582935	-0.202522
-7.084997	4.503169	-0.290864
-6.863320	4.402552	-0.379819
-6.655003	4.276596	-0.484952
-6.461799	4.128510	-0.598890
-6.291794	3.954475	-0.725518
-6.150037	3.756450	-0.873350
-7.785600	4.680053	-0.096817
-7.538663	4.640057	-0.128693
-7.296697	4.576716	-0.208299
-7.061054	4.493032	-0.298629
-6.834882	4.386818	-0.390122
-6.622775	4.254633	-0.498182
-6.426771	4.099471	-0.613467
-6.260524	3.912957	-0.756177
-6.119090	3.706808	-0.906151
-7.779181	4.679031	-0.098360
-7.526059	4.636872	-0.131696
-7.278216	4.570497	-0.213354
-7.037112	4.482895	-0.305085
-6.806443	4.371085	-0.399909
-6.590548	4.232669	-0.510743
-6.395078	4.066924	-0.636679
-6.229663	3.871103	-0.786342
-6.088142	3.657166	-0.927893
-7.772762	4.678010	-0.099828
-7.513454	4.633688	-0.134551
-7.259735	4.564277	-0.218160
-7.013170	4.472758	-0.311224
-6.778005	4.355352	-0.409216
-6.559329	4.209365	-0.525856
-6.364300	4.033415	-0.661294
-6.198802	3.829249	-0.811842
-6.060541	3.605632	-0.953340
-7.766343	4.676988	-0.101225
-7.500850	4.630504	-0.137269
-7.241253	4.558058	-0.222737
-6.989227	4.462621	-0.317068
-6.749566	4.339618	-0.418075
-6.529305	4.184475	-0.543918
-6.333522	3.999906	-0.684740
-6.168917	3.786734	-0.834628
-6.033987	3.553505	-0.979800
-7.759923	4.675967	-0.102556
-7.488246	4.627320	-0.139860
-7.222772	4.551839	-0.227099
-6.965285	4.452483	-0.322638
-6.722092	4.322319	-0.429831
-6.499281	4.159584	-0.561137
-6.302744	3.966397	-0.703769
-6.141408	3.742608	-0.861528
-6.007433	3.501378	-1.005001
-7.753504	4.674945	-0.103826
-7.475642	4.624135	-0.142332
-7.204291	4.545620	-0.231261
-6.941342	4.442346	-0.327952
-6.695236	4.304016	-0.443132
-6.469257	4.134693	-0.577562
-6.273989	3.931219	-0.724457
-6.113899	3.698482	-0.887188
-5.981648	3.448872	-1.025917
-7.747085	4.673924	-0.105039
-7.463037	4.620951	-0.144694
-7.185810	4.539401	-0.235237
-6.917400	4.432209	-0.333028
-6.668379	4.285713	-0.455844
-6.439233	4.109802	-0.593238
-6.246986	3.894596	-0.748152
-6.086390	3.654356	-0.911662
-5.956430	3.396086	-1.043084
-7.740666	4.672902	-0.106199
-7.450433	4.617767	-0.146952
-7.167329	4.533181	-0.239038
-6.894549	4.419828	-0.342080
-6.641523	4.267410	-0.468003
-6.410425	4.083633	-0.606986
-6.219982	3.857974	-0.770832
-6.061988	3.608472	-0.938067
-5.931213	3.343300	-1.059491
-7.734247	4.671881	-0.107309
-7.437829	4.614583	-0.149113
-7.148847	4.526962	-0.242676
-6.871798	4.407242	-0.351128
-6.614667	4.249107	-0.479639
-6.384044	4.054911	-0.625572
-6.192979	3.821351	-0.792541
-6.038385	3.562137	-0.959093
-5.905498	3.290760	-1.074260
-7.508730	4.632495	-0.169985
-7.235430	4.556099	-0.221275
-6.970428	4.454661	-0.319072
-6.720286	4.321088	-0.428001
-6.491616	4.153229	-0.561858
-6.290752	3.953341	-0.708056
-6.127919	3.720970	-0.871324
-5.992523	3.471637	-1.016441
-5.867718	3.216599	-1.094517
-7.502428	4.630902	-0.171717
-7.223110	4.551952	-0.223588
-6.952471	4.447058	-0.322610
-6.698801	4.306445	-0.437926
-6.466596	4.132487	-0.574568
-6.267326	3.922182	-0.727587
-6.103848	3.682360	-0.892482
-5.970108	3.424717	-1.032243
-5.841163	3.164472	-1.101386
-7.496126	4.629310	-0.173375
-7.210789	4.547806	-0.225800
-6.934514	4.439455	-0.325993
-6.677316	4.291803	-0.447423
-6.441576	4.111744	-0.586717
-6.244180	3.890791	-0.746906
-6.079919	3.643670	-0.912957
-5.947693	3.377796	-1.046745
-5.810122	3.115066	-1.098867
-7.489823	4.627718	-0.174961
-7.198468	4.543660	-0.227917
-6.916557	4.431852	-0.329232
-6.655831	4.277161	-0.456518
-6.416880	4.090661	-0.599105
-6.221034	3.859400	-0.765419
-6.059265	3.603127	-0.937927
-5.925277	3.330875	-1.060620
-5.776194	3.067409	-1.084691
-7.270625	4.567942	-0.262406
-7.003276	4.468569	-0.309133
-6.749147	4.339386	-0.413069
-6.516823	4.174127	-0.544296
-6.311911	3.976376	-0.692908
-6.143691	3.746270	-0.853614
-6.005200	3.496995	-1.001622
-5.879923	3.240556	-1.090037
-5.728037	2.999764	-1.062279
-7.264465	4.565869	-0.263791
-6.991305	4.463500	-0.311169
-6.732439	4.329370	-0.418292
-6.496807	4.157533	-0.554088
-6.289926	3.952441	-0.705534
-6.123060	3.713176	-0.871494
-5.985131	3.456164	-1.020028
-5.856318	3.194222	-1.096014
-5.685882	2.959461	-1.028562
-7.258305	4.563796	-0.265115
-6.979333	4.458432	-0.313115
-6.716325	4.318388	-0.425179
-6.476791	4.140939	-0.563455
-6.270459	3.926431	-0.721143
-6.102428	3.680081	-0.888589
-5.965518	3.415108	-1.033045
-5.832714	3.147887	-1.101727
-5.642319	2.920418	-0.992080
-7.252144	4.561723	-0.266383
-6.967362	4.453363	-0.314980
-6.700211	4.307407	-0.431778
-6.456775	4.124345	-0.572422
-6.251170	3.900272	-0.736492
-6.081796	3.646987	-0.904942
-5.945904	3.374052	-1.045128
-5.803097	3.105198	-1.095690
-5.598755	2.881374	-0.956979
-7.051484	4.488980	-0.341767
-6.792338	4.363281	-0.396669
-6.552518	4.203719	-0.519354
-6.341251	4.008320	-0.666703
-6.165054	3.780538	-0.829430
-6.022173	3.530312	-0.982205
-5.895537	3.271208	-1.084094
-5.746252	3.025350	-1.070707
-5.531664	2.835618	-0.874865
-7.045498	4.486446	-0.343062
-6.780962	4.356988	-0.399065
-6.537506	4.191274	-0.526374
-6.323664	3.989172	-0.677371
-6.147861	3.752959	-0.844113
-6.004470	3.495561	-0.996779
-5.874884	3.230665	-1.089192
-5.714111	2.984761	-1.053906
-5.481580	2.805390	-0.824435
-7.039513	4.483912	-0.344301
-6.769587	4.350695	-0.401358
-6.522494	4.178828	-0.533095
-6.306076	3.970024	-0.687580
-6.130668	3.725381	-0.858171
-5.987239	3.460577	-1.011587
-5.854230	3.190122	-1.094070
-5.675388	2.950056	-1.022437
-5.431495	2.775162	-0.776117
-6.851871	4.396217	-0.427135
-6.609560	4.245627	-0.491598
-6.391088	4.062579	-0.626697
-6.209007	3.843088	-0.787870
-6.058175	3.600987	-0.945967
-5.931942	3.344827	-1.063311
-5.795522	3.094558	-1.092350
-5.603422	2.885557	-0.949870
-5.358267	2.741825	-0.678812
-6.846183	4.393071	-0.428875
-6.598818	4.238306	-0.493973
-6.377897	4.048218	-0.634749
-6.193576	3.822161	-0.798671
-6.043423	3.572027	-0.958465
-5.915117	3.309643	-1.073100
-5.769134	3.057492	-1.081036
-5.562293	2.854103	-0.911787
-5.303318	2.721752	-0.624520
-6.840495	4.389924	-0.430540
-6.588075	4.230984	-0.496246
-6.364707	4.033857	-0.642458
-6.178146	3.801234	-0.808999
-6.028670	3.543068	-0.970423
-5.897414	3.274892	-1.080816
-5.742746	3.020425	-1.070202
-5.517773	2.827234	-0.867430
-5.248369	2.701679	-0.572671
-6.671029	4.287518	-0.532024
-6.445854	4.115291	-0.592478
-6.255291	3.905860	-0.742686
-6.096647	3.670808	-0.904868
-5.967113	3.418447	-1.036842
-5.841035	3.164220	-1.103495
-5.666863	2.942415	-1.008084
-5.436780	2.778352	-0.762132
-5.173135	2.675158	-0.496143
-6.665658	4.283858	-0.533506
-6.435846	4.106994	-0.594713
-6.243718	3.890165	-0.750781
-6.082892	3.648745	-0.914478
-5.953103	3.389122	-1.045197
-5.821267	3.130721	-1.103121
-5.632980	2.912048	-0.979790
-5.391135	2.753832	-0.719519
-5.116825	2.659304	-0.455347
-6.660286	4.280197	-0.534924
-6.425838	4.098697	-0.596851
-6.232145	3.874469	-0.758526
-6.070789	3.625748	-0.926840
-5.939094	3.359797	-1.053185
-5.798649	3.098950	-1.093962
-5.599097	2.881680	-0.952648
-5.342292	2.735989	-0.671895
-5.060515	2.643450	-0.416456
-6.654915	4.276537	-0.536280
-6.416242	4.089966	-0.599874
-6.220572	3.858774	-0.765943
-6.058987	3.602581	-0.938262
-5.925084	3.330471	-1.060829
-5.776030	3.067179	-1.084614
-5.562886	2.854461	-0.920353
-5.293449	2.718147	-0.626166
-5.004205	2.627596	-0.385730
-6.504226	4.163683	-0.627226
-6.298034	3.961268	-0.701644
-6.130642	3.725338	-0.864992
-5.992322	3.471215	-1.013035
-5.864956	3.211177	-1.093849
-5.701801	2.973729	-1.042242
-5.472000	2.799608	-0.808529
-5.206622	2.686429	-0.525728
-4.928360	2.606528	-0.341265
-6.499222	4.159535	-0.628652
-6.289240	3.951694	-0.704419
-6.120326	3.708791	-0.871784
-5.981114	3.447755	-1.022011
-5.850204	3.182218	-1.096817
-5.672759	2.947700	-1.018230
-5.433045	2.776097	-0.771992
-5.157114	2.670647	-0.493035
-4.871755	2.591754	-0.317330
-6.494218	4.155386	-0.630018
-6.281429	3.941309	-0.709160
-6.110010	3.692244	-0.878285
-5.969906	3.424295	-1.028510
-5.835451	3.153259	-1.099657
-5.643717	2.921670	-0.995143
-5.393143	2.754565	-0.733584
-5.107061	2.656555	-0.458848
-4.815150	2.576979	-0.298092
-6.489214	4.151238	-0.631326
-6.273714	3.930845	-0.713904
-6.099695	3.675697	-0.884513
-5.958699	3.400834	-1.034537
-5.817903	3.125995	-1.097098
-5.614674	2.895641	-0.972952
-5.350405	2.738953	-0.691524
-5.057007	2.642462	-0.426173
-4.758545	2.562204	-0.290202
-6.484210	4.147089	-0.632580
-6.265999	3.920382	-0.718456
-6.089379	3.659150	-0.890483
-5.947491	3.377374	-1.040316
-5.799054	3.099519	-1.092238
-5.585632	2.869612	-0.951627
-5.307667	2.723341	-0.653375
-5.006954	2.628370	-0.394977
-4.701940	2.547429	-0.282639
-6.479206	4.142941	-0.633784
-6.258283	3.909918	-0.722827
-6.079305	3.642465	-0.896640
-5.936283	3.353913	-1.045862
-5.780205	3.073043	-1.087139
-5.552970	2.848476	-0.921954
-5.264929	2.707729	-0.616720
-4.956900	2.614277	-0.374375
-4.645162	2.533346	-0.274276
-6.474202	4.138792	-0.634940
-6.250568	3.899455	-0.727028
-6.070454	3.625090	-0.904677
-5.925075	3.330453	-1.051188
-5.761357	3.046567	-1.080097
-5.519580	2.828324	-0.891467
-5.222191	2.692117	-0.581564
-4.906661	2.600865	-0.355355
-4.588348	2.519406	-0.266024
-6.341291	4.008364	-0.741780
-6.150990	3.757977	-0.831359
-5.998009	3.482879	-0.992128
-5.859278	3.200031	-1.089051
-5.673507	2.948370	-1.025170
-5.417650	2.766806	-0.775794
-5.121531	2.660629	-0.480537
-4.817615	2.577622	-0.305423
-4.512097	2.500695	-0.256642
-6.336894	4.003577	-0.743521
-6.144112	3.746946	-0.835040
-5.989510	3.465329	-0.997662
-5.847476	3.176864	-1.091010
-5.649305	2.926679	-1.007474
-5.382359	2.750626	-0.741808
-5.077734	2.648298	-0.453231
-4.767299	2.564489	-0.293870
-4.455284	2.486755	-0.253926
-6.459190	4.126347	-0.638149
-6.227422	3.868064	-0.738703
-6.043899	3.572963	-0.927004
-5.890183	3.260698	-1.063932
-5.699623	2.971777	-1.050721
-5.419411	2.767869	-0.808284
-5.091732	2.652239	-0.483956
-4.755715	2.561465	-0.301510
-4.418594	2.475331	-0.256999
-6.454186	4.122199	-0.639140
-6.219707	3.857600	-0.742313
-6.035048	3.555587	-0.933902
-5.878381	3.237530	-1.067597
-5.675421	2.950086	-1.034850
-5.384290	2.751331	-0.777348
-5.047935	2.639908	-0.459092
-4.705400	2.548332	-0.290554
-4.363680	2.455165	-0.263704
-6.449182	4.118050	-0.640096
-6.211992	3.847137	-0.745794
-6.026197	3.538212	-0.940553
-5.866579	3.214363	-1.071129
-5.651219	2.928395	-1.019492
-5.347657	2.737949	-0.742717
-5.004138	2.627577	-0.435162
-4.654947	2.535747	-0.284009
-4.308766	2.434998	-0.270172
-6.444178	4.113902	-0.641018
-6.204277	3.836673	-0.749154
-6.017345	3.520836	-0.946967
-5.854777	3.191196	-1.074534
-5.627017	2.906704	-1.004628
-5.311025	2.724567	-0.709214
-4.960342	2.615246	-0.412142
-4.604446	2.523356	-0.277426
-4.253851	2.414832	-0.276414
-6.439174	4.109753	-0.641908
-6.196561	3.826210	-0.752398
-6.008494	3.503460	-0.953158
-5.842975	3.168028	-1.077820
-5.602815	2.885013	-0.990241
-5.274392	2.711186	-0.676857
-4.916410	2.603409	-0.389318
-4.553944	2.510964	-0.271072
-4.198937	2.394666	-0.283126
-6.434170	4.105605	-0.642767
-6.188846	3.815746	-0.755532
-5.999642	3.486085	-0.959136
-5.831173	3.144861	-1.080993
-5.578290	2.863758	-0.975633
-5.237760	2.697804	-0.645652
-4.872384	2.591918	-0.367591
-4.503443	2.498572	-0.264938
-4.147023	2.367753	-0.299728
-6.429166	4.101456	-0.643598
-6.181131	3.805283	-0.758561
-5.991061	3.468576	-0.965298
-5.816206	3.123612	-1.079279
-5.550466	2.846965	-0.954192
-5.201128	2.684422	-0.620086
-4.828358	2.580426	-0.353599
-4.452942	2.486180	-0.259012
-4.095269	2.340480	-0.316318
-6.424162	4.097308	-0.644401
-6.173796	3.794561	-0.762068
-5.982655	3.450981	-0.971502
-5.801127	3.102432	-1.076873
-5.522641	2.830172	-0.933086
-5.163997	2.672585	-0.593516
-4.784332	2.568935	-0.340084
-4.403645	2.469841	-0.260582
-4.043515	2.313207	-0.332390
-6.419167	4.093150	-0.645210
-6.166919	3.783529	-0.766143
-5.974249	3.433385	-0.977488
-5.786049	3.081251	-1.073856
-5.494816	2.813378	-0.912567
-5.126457	2.662016	-0.566184
-4.740306	2.557443	-0.327028
-4.354833	2.451916	-0.265838
-3.991762	2.285934	-0.347958
-6.414770	4.088363	-0.648117
-6.160042	3.772498	-0.770091
-5.965844	3.415790	-0.982233
-5.770970	3.060070	-1.070935
-5.466991	2.796585	-0.892630
-5.088916	2.651446	-0.539764
-4.696280	2.545952	-0.314411
-4.306020	2.433990	-0.270929
-3.942171	2.255184	-0.368011
-6.288529	3.950920	-0.758880
-6.070210	3.624611	-0.870075
-5.896074	3.272261	-1.046500
-5.675787	2.950413	-1.041460
-5.348601	2.738294	-0.772910
-4.974317	2.619181	-0.441159
-4.593795	2.520742	-0.280617
-4.219633	2.402266	-0.279880
-3.878631	2.209066	-0.410992
-6.284663	3.945695	-0.761718
-6.064309	3.613027	-0.873808
-5.887222	3.254885	-1.048717
-5.656425	2.933061	-1.030481
-5.318074	2.727143	-0.747668
-4.936748	2.608718	-0.423418
-4.549606	2.509899	-0.275508
-4.172278	2.381062	-0.289433
-3.831287	2.174703	-0.436605
-6.280805	3.940463	-0.764493
-6.058408	3.601444	-0.877423
-5.878371	3.237510	-1.050849
-5.637064	2.915708	-1.019826
-5.287547	2.715991	-0.723174
-4.899011	2.598868	-0.405500
-4.505418	2.499056	-0.270563
-4.126275	2.356819	-0.303555
-3.783944	2.140340	-0.461405
-6.276948	3.935231	-0.767181
-6.052507	3.589860	-0.880926
-5.869519	3.220134	-1.052914
-5.617702	2.898355	-1.009483
-5.257020	2.704840	-0.699421
-4.861275	2.589018	-0.388194
-4.461229	2.488214	-0.265775
-4.080271	2.332576	-0.317258
-3.741037	2.100839	-0.493488
-6.273090	3.930000	-0.769787
-6.046606	3.578276	-0.884322
-5.860668	3.202759	-1.054915
-5.598340	2.881002	-0.999440
-5.226493	2.693688	-0.676403
-4.823538	2.579168	-0.371477
-4.417757	2.475023	-0.264064
-4.034268	2.308334	-0.330555
-3.700129	2.059021	-0.525353
-6.269233	3.924768	-0.772313
-6.040705	3.566692	-0.887615
-5.851816	3.185383	-1.056854
-5.578711	2.864012	-0.989185
-5.195966	2.682537	-0.654110
-4.785802	2.569318	-0.355840
-4.375046	2.459339	-0.265470
-3.988264	2.284091	-0.343461
-3.659222	2.017202	-0.553304
-6.160620	3.773425	-0.890786
-5.963943	3.411812	-0.981762
-5.765222	3.051996	-1.069431
-5.453795	2.788621	-0.884813
-5.068784	2.645778	-0.528035
-4.670639	2.539598	-0.307864
-4.276057	2.422987	-0.273977
-3.911886	2.233203	-0.383789
-3.604340	1.961098	-0.602371
-6.157182	3.767910	-0.892689
-5.958339	3.400082	-0.983994
-5.753913	3.036111	-1.067136
-5.431535	2.775187	-0.870364
-5.037501	2.636970	-0.508307
-4.632763	2.530304	-0.297477
-4.233346	2.407302	-0.278196
-3.869804	2.202659	-0.405625
-3.569915	1.913809	-0.639553
-6.153743	3.762394	-0.894533
-5.952735	3.388352	-0.986157
-5.742603	3.020225	-1.064910
-5.409276	2.761752	-0.856335
-5.006218	2.628163	-0.489242
-4.594887	2.521010	-0.287425
-4.190953	2.390903	-0.283199
-3.827721	2.172114	-0.426826
-3.535568	1.866452	-0.674874
-6.150304	3.756878	-0.896322
-5.947131	3.376621	-0.988255
-5.731294	3.004340	-1.062751
-5.385381	2.751730	-0.838558
-4.974934	2.619355	-0.470819
-4.557011	2.511716	-0.282019
-4.150700	2.369691	-0.294119
-3.785638	2.141570	-0.447401
-3.501222	1.819096	-0.703186
-6.249944	3.898609	-0.783882
-6.011200	3.508774	-0.902698
-5.801114	3.102413	-1.057482
-5.467411	2.796839	-0.918510
-5.039830	2.637626	-0.548126
-4.596767	2.521472	-0.306325
-4.163485	2.376428	-0.289670
-3.775901	2.134502	-0.440520
-3.478608	1.787917	-0.709866
-6.143427	3.745847	-0.899743
-5.935924	3.353161	-0.992269
-5.704586	2.976224	-1.052574
-5.336538	2.733887	-0.801716
-4.912211	2.602313	-0.440905
-4.481260	2.493129	-0.274397
-4.070194	2.327266	-0.315726
-3.710684	2.069810	-0.502347
-3.441172	1.718964	-0.768654
-6.139989	3.740331	-0.901381
-5.930320	3.341431	-0.994189
-5.690065	2.963210	-1.045989
-5.312116	2.724966	-0.783990
-4.880763	2.594105	-0.427897
-4.443384	2.483835	-0.270751
-4.029941	2.306053	-0.326444
-3.674321	2.032638	-0.530571
-3.413512	1.667414	-0.803093
-6.136550	3.734815	-0.902971
-5.924716	3.329701	-0.996055
-5.675543	2.950195	-1.039579
-5.287695	2.716045	-0.766718
-4.849316	2.585897	-0.415276
-4.406610	2.470930	-0.271336
-3.989688	2.284841	-0.336867
-3.637959	1.995466	-0.553962
-3.385852	1.615865	-0.836532
-6.133111	3.729300	-0.904518
-5.919112	3.317970	-0.997868
-5.661022	2.937181	-1.033336
-5.263273	2.707124	-0.749893
-4.817869	2.577688	-0.403027
-4.370000	2.457486	-0.272512
-3.950794	2.261444	-0.349733
-3.601958	1.957989	-0.576621
-3.359249	1.563764	-0.867537
-6.129673	3.723784	-0.906022
-5.913409	3.306289	-0.999514
-5.646501	2.924166	-1.027255
-5.238852	2.698203	-0.733622
-4.786422	2.569480	-0.391139
-4.333391	2.444042	-0.273656
-3.913972	2.234717	-0.366380
-3.571428	1.915895	-0.606107
-3.332694	1.511638	-0.893687
-6.040804	3.566886	-0.997938
-5.837305	3.156899	-1.054054
-5.523788	2.830864	-0.958431
-5.103519	2.655557	-0.599379
-4.661332	2.537314	-0.328066
-4.224193	2.403941	-0.278700
-3.830214	2.173924	-0.412184
-3.518197	1.842501	-0.671835
-3.297288	1.442325	-0.941237
-6.037853	3.561094	-0.999362
-5.831404	3.145315	-1.054693
-5.507093	2.820788	-0.948787
-5.078492	2.648511	-0.583264
-4.629769	2.529569	-0.320496
-4.188077	2.389387	-0.283193
-3.793392	2.147198	-0.428806
-3.487667	1.800407	-0.699192
-3.269963	1.390600	-0.965582
-6.034903	3.555302	-1.000747
-5.824041	3.134618	-1.053496
-5.490398	2.810712	-0.939383
-5.053465	2.641465	-0.569299
-4.598206	2.521824	-0.313142
-4.153574	2.371205	-0.291755
-3.758291	2.118477	-0.447702
-3.460989	1.755897	-0.726382
-3.242638	1.338876	-0.986427
-6.031952	3.549510	-1.002095
-5.816502	3.124028	-1.052114
-5.473703	2.800636	-0.930213
-5.028438	2.634419	-0.555920
-4.566643	2.514080	-0.305996
-4.119072	2.353023	-0.300096
-3.726474	2.085952	-0.471277
-3.436403	1.710075	-0.755443
-3.215297	1.287160	-1.001528
-6.029002	3.543718	-1.003406
-5.808963	3.113437	-1.050769
-5.457008	2.790560	-0.921268
-5.003412	2.627373	-0.542912
-4.535079	2.506335	-0.299049
-4.084569	2.334841	-0.308223
-3.694657	2.053426	-0.494286
-3.411816	1.664253	-0.783786
-3.182235	1.238898	-1.009252
-6.026051	3.537926	-1.004683
-5.801423	3.102847	-1.049460
-5.440314	2.780484	-0.912543
-4.978385	2.620326	-0.530261
-4.503516	2.498590	-0.292294
-4.050067	2.316659	-0.316144
-3.662840	2.020901	-0.516724
-3.387230	1.618432	-0.811394
-3.149172	1.190635	-1.016756
-6.023101	3.532135	-1.005926
-5.793884	3.092257	-1.048184
-5.423619	2.770408	-0.904030
-4.953358	2.613280	-0.517958
-4.471953	2.490845	-0.285724
-4.015564	2.298477	-0.323865
-3.631023	1.988375	-0.538592
-3.363521	1.572152	-0.839238
-3.116110	1.142373	-1.024046
-6.020150	3.526343	-1.007137
-5.786344	3.081666	-1.046942
-5.406924	2.760333	-0.895722
-4.928258	2.606502	-0.505717
-4.440390	2.483100	-0.279332
-3.981061	2.280295	-0.331670
-3.599950	1.955222	-0.560824
-3.339918	1.525817	-0.866427
-3.075888	1.100255	-1.020900
-6.017200	3.520551	-1.008318
-5.778805	3.071076	-1.045732
-5.388906	2.753018	-0.884824
-4.903101	2.599935	-0.493594
-4.409817	2.472108	-0.279404
-3.948163	2.259534	-0.342422
-3.573237	1.918389	-0.584684
-3.316314	1.479482	-0.889982
-3.033220	1.060235	-1.009127
-6.014249	3.514759	-1.009468
-5.771265	3.060486	-1.044551
-5.370590	2.746327	-0.873530
-4.877943	2.593369	-0.481798
-4.379309	2.460904	-0.280350
-3.916601	2.236626	-0.355337
-3.546523	1.881556	-0.607817
-3.292498	1.433258	-0.910326
-2.990552	1.020215	-0.997611
-6.011299	3.508967	-1.010591
-5.763726	3.049895	-1.043401
-5.352274	2.739636	-0.862471
-4.852785	2.586802	-0.470320
-4.348801	2.449701	-0.281272
-3.885039	2.213717	-0.367961
-3.519809	1.844724	-0.630430
-3.268209	1.387280	-0.929621
-2.944270	0.985212	-0.980758
-6.008349	3.503175	-1.011685
-5.756187	3.039305	-1.042278
-5.333958	2.732945	-0.851644
-4.827627	2.580236	-0.459149
-4.318294	2.438497	-0.282171
-3.853477	2.190809	-0.380300
-3.493095	1.807891	-0.652520
-3.243920	1.341303	-0.948393
-2.892792	0.957422	-0.956155
-6.005398	3.497383	-1.012754
-5.748647	3.028715	-1.041183
-5.315642	2.726254	-0.841042
-4.802470	2.573669	-0.448276
-4.287786	2.427294	-0.283049
-3.821915	2.167900	-0.392359
-3.468433	1.769771	-0.676258
-3.219631	1.295325	-0.966652
-2.841314	0.929633	-0.929572
-6.002448	3.491591	-1.013796
-5.741108	3.018124	-1.040113
-5.297325	2.719563	-0.830661
-4.777312	2.567102	-0.437692
-4.257278	2.416091	-0.283905
-3.790353	2.144992	-0.404145
-3.446920	1.729677	-0.702779
-3.191133	1.251887	-0.979841
-2.789836	0.901843	-0.899884
-6.078474	3.640833	-0.925223
-5.823262	3.133523	-1.015081
-5.405917	2.759725	-0.918833
-4.864389	2.589831	-0.515810
-4.317505	2.438208	-0.287231
-3.821371	2.167506	-0.384730
-3.452829	1.740688	-0.678802
-3.183596	1.240885	-0.967979
-2.753713	0.887321	-0.884431
-6.075523	3.635041	-0.927192
-5.815723	3.122933	-1.014365
-5.387802	2.752614	-0.908773
-4.839231	2.583264	-0.504884
-4.286997	2.427004	-0.287592
-3.789809	2.144597	-0.395934
-3.431315	1.700594	-0.703870
-3.154208	1.197985	-0.979490
-2.697421	0.871403	-0.846290
-6.072573	3.629249	-0.929118
-5.808183	3.112343	-1.013665
-5.369486	2.745923	-0.898527
-4.814073	2.576698	-0.494218
-4.256489	2.415801	-0.288341
-3.759740	2.119959	-0.408797
-3.409802	1.660501	-0.728414
-3.124819	1.155086	-0.988793
-2.641129	0.855486	-0.808487
-5.990923	3.468287	-1.018271
-5.707506	2.978841	-1.032078
-5.224061	2.692799	-0.790990
-4.676623	2.541066	-0.401583
-4.138751	2.363394	-0.294677
-3.678395	2.036803	-0.467766
-3.361817	1.568806	-0.796631
-3.063667	1.088793	-0.995518
-2.566234	0.834308	-0.745497
-5.988121	3.462422	-1.019480
-5.697825	2.970165	-1.028708
-5.205744	2.686109	-0.781508
-4.651373	2.534870	-0.394199
-4.109999	2.348242	-0.299094
-3.651124	2.008924	-0.484086
-3.341164	1.528263	-0.817577
-3.025740	1.053219	-0.991356
-2.508734	0.825520	-0.701121
-5.985319	3.456557	-1.020662
-5.688144	2.961489	-1.025410
-5.187428	2.679418	-0.772224
-4.626122	2.528675	-0.386987
-4.081247	2.333091	-0.303416
-3.623852	1.981045	-0.500067
-3.320510	1.487720	-0.838044
-2.987813	1.017646	-0.987281
-2.450339	0.822001	-0.653060
-5.982517	3.450692	-1.021818
-5.678463	2.952812	-1.022182
-5.168728	2.673917	-0.762131
-4.600872	2.522479	-0.379944
-4.052495	2.317939	-0.308714
-3.597746	1.952182	-0.516950
-3.299853	1.447179	-0.858029
-2.946686	0.986516	-0.977591
-2.391945	0.818483	-0.605652
-5.979715	3.444827	-1.022949
-5.668782	2.944136	-1.019023
-5.149958	2.668632	-0.752058
-4.575621	2.516283	-0.373062
-4.023743	2.302787	-0.314092
-3.574848	1.920611	-0.536891
-3.278600	1.406949	-0.876974
-2.900927	0.961814	-0.958139
-2.333551	0.814965	-0.559609
-5.903396	3.286635	-1.080902
-5.542104	2.841918	-0.985415
-5.004554	2.627694	-0.632597
-4.440857	2.483215	-0.314887
-3.916419	2.236494	-0.345126
-3.507813	1.828184	-0.612091
-3.231011	1.316866	-0.930303
-2.822093	0.919257	-0.924467
-2.256557	0.817006	-0.473966
-5.900446	3.280844	-1.081109
-5.530974	2.835201	-0.980620
-4.985784	2.622410	-0.623935
-4.416370	2.474514	-0.312966
-3.890118	2.217403	-0.354067
-3.484916	1.796614	-0.629133
-3.208576	1.277349	-0.943487
-2.776334	0.894555	-0.904950
-2.198399	0.823313	-0.422406
-5.897495	3.275052	-1.081312
-5.519844	2.828484	-0.975921
-4.967014	2.617125	-0.615463
-4.391964	2.465552	-0.311319
-3.863816	2.198313	-0.362828
-3.464920	1.763223	-0.648347
-3.182861	1.239812	-0.953100
-2.726602	0.879655	-0.874716
-2.140241	0.829620	-0.374824
-5.894545	3.269260	-1.081510
-5.508714	2.821766	-0.971317
-4.948244	2.611840	-0.607177
-4.367558	2.456589	-0.309709
-3.837514	2.179222	-0.371413
-3.446480	1.728857	-0.668667
-3.157146	1.202274	-0.962476
-2.676564	0.865506	-0.842543
-2.082082	0.835928	-0.328426
-5.891594	3.263468	-1.081704
-5.497584	2.815049	-0.966803
-4.929407	2.606802	-0.598865
-4.343151	2.447626	-0.308134
-3.811212	2.160132	-0.380037
-3.428040	1.694491	-0.688608
-3.131431	1.164737	-0.971621
-2.626527	0.851357	-0.810699
-2.024706	0.846350	-0.280120
-5.888644	3.257676	-1.081894
-5.486454	2.808332	-0.962377
-4.910539	2.601877	-0.590638
-4.318745	2.438663	-0.306594
-3.784911	2.141042	-0.388586
-3.409600	1.660124	-0.708165
-3.105141	1.127693	-0.979928
-2.576489	0.837208	-0.779242
-1.968291	0.861835	-0.229726
-5.885693	3.251884	-1.082080
-5.475324	2.801614	-0.958038
-4.891670	2.596952	-0.582586
-4.294339	2.429700	-0.305087
-3.760053	2.120279	-0.398675
-3.391161	1.625758	-0.727333
-3.071955	1.096566	-0.979001
-2.525860	0.826551	-0.745711
-1.911876	0.877321	-0.186789
-5.882743	3.246093	-1.082262
-5.464194	2.794897	-0.953783
-4.872802	2.592027	-0.574706
-4.269932	2.420738	-0.303611
-3.737327	2.097046	-0.411087
-3.373196	1.591144	-0.746525
-3.038769	1.065439	-0.975568
-2.473954	0.823424	-0.706661
-1.855461	0.892806	-0.144869
-5.879792	3.240301	-1.082441
-5.453064	2.788180	-0.949609
-4.853934	2.587102	-0.566993
-4.245526	2.411775	-0.302167
-3.714600	2.073814	-0.423283
-3.355493	1.556393	-0.765549
-3.005583	1.034313	-0.972202
-2.422048	0.820297	-0.667738
-1.800437	0.912104	-0.101061
-5.876842	3.234509	-1.082615
-5.441934	2.781463	-0.945515
-4.835065	2.582177	-0.559442
-4.221120	2.402812	-0.300754
-3.691874	2.050581	-0.435266
-3.337790	1.521641	-0.784175
-2.972396	1.003186	-0.968902
-2.370142	0.817170	-0.629288
-1.747286	0.936539	-0.054347
-5.873891	3.228717	-1.082786
-5.430804	2.774745	-0.941498
-4.816197	2.577252	-0.552050
-4.196713	2.393849	-0.299369
-3.669147	2.027349	-0.447038
-3.320088	1.486890	-0.802403
-2.933805	0.979563	-0.958860
-2.318236	0.814042	-0.591413
-1.694136	0.960975	-0.014993
-5.870941	3.222925	-1.082954
-5.419674	2.768028	-0.937556
-4.797329	2.572327	-0.544812
-4.173679	2.381800	-0.300583
-3.646421	2.004116	-0.458600
-3.302385	1.452139	-0.817795
-2.893767	0.957949	-0.947143
-2.266450	0.815933	-0.550750
-1.640985	0.985411	0.021917
-5.867990	3.217133	-1.083119
-5.408544	2.761311	-0.933687
-4.778461	2.567402	-0.537725
-4.150678	2.369679	-0.301833
-3.623695	1.980884	-0.469956
-3.284237	1.417620	-0.832445
-2.853728	0.936335	-0.935584
-2.214754	0.821540	-0.508472
-1.589445	1.012970	0.060541
-5.865040	3.211342	-1.083280
-5.396790	2.755897	-0.928907
-4.759592	2.562477	-0.530783
-4.127676	2.357558	-0.304135
-3.601430	1.957262	-0.481537
-3.266020	1.383137	-0.846737
-2.813690	0.914721	-0.923723
-2.163058	0.827146	-0.466913
-1.538722	1.042115	0.099589
-5.775914	3.067015	-1.085677
-5.247998	2.701544	-0.847811
-4.617338	2.526519	-0.436505
-4.008195	2.294594	-0.317157
-3.528991	1.857384	-0.551244
-3.213520	1.284565	-0.904166
-2.721235	0.878137	-0.881071
-2.075222	0.836672	-0.374870
-1.472239	1.080317	0.160482
-5.772144	3.061720	-1.084366
-5.235788	2.697083	-0.842926
-4.598400	2.521872	-0.431086
-3.985193	2.282472	-0.320128
-3.509910	1.831075	-0.565500
-3.191478	1.252391	-0.914281
-2.677452	0.865757	-0.859167
-2.024319	0.846456	-0.334711
-1.421690	1.109746	0.191905
-5.768374	3.056425	-1.083080
-5.223577	2.692623	-0.838128
-4.579462	2.517225	-0.425780
-3.962463	2.269913	-0.323418
-3.490829	1.804766	-0.579499
-3.169437	1.220216	-0.923797
-2.633670	0.853377	-0.837454
-1.974172	0.860221	-0.292543
-1.372591	1.141552	0.224658
-5.764605	3.051129	-1.081819
-5.211366	2.688162	-0.833415
-4.560524	2.512578	-0.420583
-3.941422	2.254641	-0.328966
-3.472755	1.777825	-0.594071
-3.147395	1.188041	-0.930859
-2.589887	0.840996	-0.815043
-1.924026	0.873985	-0.251287
-1.323492	1.173358	0.256659
-5.760835	3.045834	-1.080582
-5.199155	2.683702	-0.828785
-4.541586	2.507931	-0.415491
-3.920381	2.239369	-0.334417
-3.457389	1.749187	-0.610606
-3.125353	1.155866	-0.937772
-2.546104	0.828616	-0.790467
-1.873879	0.887750	-0.211050
-1.274393	1.205164	0.287871
-5.757065	3.040539	-1.079368
-5.186944	2.679241	-0.824237
-4.522648	2.503284	-0.410503
-3.899339	2.224097	-0.339773
-3.442022	1.720548	-0.626873
-3.102039	1.124783	-0.943311
-2.500828	0.825043	-0.760528
-1.823733	0.901515	-0.172915
-1.225241	1.236886	0.312300
-5.753296	3.035244	-1.078177
-5.174489	2.675539	-0.819243
-4.503710	2.498637	-0.405615
-3.878298	2.208824	-0.345614
-3.426655	1.691910	-0.642869
-3.073594	1.098103	-0.943824
-2.455410	0.822307	-0.730239
-1.776450	0.923132	-0.134081
-1.175858	1.268248	0.335350
-5.632104	2.911263	-1.000801
-5.018430	2.631601	-0.714251
-4.360735	2.454083	-0.345198
-3.767080	2.127462	-0.382983
-3.367915	1.580777	-0.721442
-2.990764	1.020414	-0.959233
-2.354171	0.816207	-0.646186
-1.695333	0.960425	-0.046275
-1.110741	1.309604	0.377747
-5.627264	2.906925	-0.998254
-5.005917	2.628078	-0.710013
-4.342431	2.447361	-0.343503
-3.748899	2.108877	-0.391699
-3.353163	1.551819	-0.735713
-2.961686	0.994614	-0.955730
-2.308754	0.813471	-0.615377
-1.648089	0.982145	-0.009492
-1.061360	1.340966	0.400071
-5.622424	2.902587	-0.995754
-4.993405	2.624555	-0.705850
-4.324129	2.440640	-0.341842
-3.730721	2.090293	-0.400274
-3.338413	1.522864	-0.749721
-2.927373	0.976090	-0.946111
-2.263476	0.816256	-0.581524
-1.601866	1.005832	0.022434
-1.010894	1.370469	0.416563
-4.404336	2.470095	-0.254719
-3.905920	2.228873	-0.352539
-3.515372	1.838606	-0.617649
-3.249097	1.351102	-0.928393
-2.878909	0.949928	-0.949287
-2.346647	0.815754	-0.535417
-1.802535	0.911139	-0.036021
-1.315839	1.178316	0.338211
-0.838980	1.463764	0.520727
-4.399825	2.468438	-0.255551
-3.898141	2.223227	-0.354885
-3.506907	1.826934	-0.622992
-3.240118	1.334105	-0.933673
-2.857764	0.938513	-0.939782
-2.317864	0.814020	-0.513474
-1.771970	0.925191	-0.012269
-1.283570	1.199219	0.356513
-0.799058	1.480233	0.518442
-4.178805	2.384502	-0.302785
-3.730421	2.089987	-0.441778
-3.409816	1.660526	-0.755257
-3.148548	1.189723	-0.997001
-2.721903	0.878326	-0.849446
-2.190891	0.824127	-0.364685
-1.675808	0.969401	0.086843
-1.212902	1.244722	0.406149
-0.740836	1.502289	0.518031
-4.175790	2.382913	-0.303926
-3.725655	2.085115	-0.443988
-3.404982	1.651517	-0.759168
-3.140844	1.178478	-0.997920
-2.705508	0.873690	-0.838386
-2.170564	0.826332	-0.348149
-1.654135	0.979365	0.100175
-1.189890	1.259337	0.415795
-0.712157	1.513154	0.515550
-4.173252	2.381575	-0.304875
-3.721642	2.081012	-0.445830
-3.400912	1.643932	-0.762424
-3.134357	1.169009	-0.998686
-2.691702	0.869786	-0.829146
-2.153448	0.828188	-0.334405
-1.635886	0.987755	0.111271
-1.170512	1.271644	0.423813
-0.688007	1.522303	0.513483
-4.171113	2.380448	-0.305668
-3.718262	2.077557	-0.447367
-3.397483	1.637542	-0.765142
-3.128892	1.161032	-0.999324
-2.680072	0.866498	-0.821415
-2.139030	0.829752	-0.322956
-1.620630	0.995050	0.120749
-1.154188	1.282011	0.430495
-0.667664	1.530009	0.511524
-4.169313	2.379499	-0.306330
-3.715415	2.074646	-0.448651
-3.394596	1.632161	-0.767413
-3.124291	1.154315	-0.999857
-2.670279	0.863728	-0.814942
-2.126888	0.831068	-0.313407
-1.608276	1.002149	0.129608
-1.140442	1.290741	0.436070
-0.650533	1.536499	0.508908
-4.167798	2.378701	-0.306883
-3.713020	2.072198	-0.449724
-3.392167	1.627634	-0.769310
-3.120420	1.148664	-1.000302
-2.662040	0.861399	-0.809524
-2.116674	0.832176	-0.305440
-1.597883	1.008121	0.137013
-1.128878	1.298085	0.440724
-0.636121	1.541958	0.506721
-3.959002	2.267401	-0.421932
-3.571047	1.915371	-0.579156
-3.306849	1.460903	-0.890819
-3.005524	1.034258	-1.000187
-2.528858	0.826732	-0.683904
-2.005503	0.851621	-0.180642
-1.521138	1.052219	0.220134
-1.075009	1.332297	0.476825
-0.598961	1.553815	0.498168
-3.958018	2.266687	-0.422404
-3.569620	1.913402	-0.579989
-3.305194	1.457654	-0.891851
-3.001977	1.030931	-0.999186
-2.522790	0.826366	-0.678908
-1.998469	0.853552	-0.174952
-1.513760	1.056459	0.224199
-1.066799	1.337511	0.479089
-0.588237	1.555984	0.494919
-3.957192	2.266087	-0.422799
-3.568421	1.911749	-0.580687
-3.303803	1.454924	-0.892713
-2.998998	1.028137	-0.998349
-2.517693	0.826059	-0.674723
-1.992560	0.855174	-0.170194
-1.507562	1.060020	0.227601
-1.059902	1.341891	0.480983
-0.579229	1.557807	0.492198
-3.956497	2.265583	-0.423130
-3.567412	1.910358	-0.581272
-3.302633	1.452627	-0.893437
-2.996491	1.025785	-0.997647
-2.513405	0.825801	-0.671210
-1.987588	0.856538	-0.166206
-1.502347	1.063017	0.230453
-1.054100	1.345576	0.482571
-0.571649	1.559340	0.489916
-3.955909	2.265156	-0.423409
-3.566559	1.909183	-0.581764
-3.301645	1.450686	-0.894046
-2.994373	1.023799	-0.997056
-2.509782	0.825583	-0.668250
-1.983388	0.857691	-0.162848
-1.497941	1.065548	0.232856
-1.049198	1.348690	0.483907
-0.565246	1.560635	0.487993
-3.955415	2.264798	-0.423643
-3.565842	1.908194	-0.582178
-3.300813	1.449054	-0.894557
-2.992592	1.022128	-0.996560
-2.506734	0.825399	-0.665764
-1.979855	0.858661	-0.160031
-1.494235	1.067678	0.234871
-1.045074	1.351309	0.485029
-0.559859	1.561725	0.486379
-3.954999	2.264496	-0.423839
-3.565239	1.907362	-0.582525
-3.300114	1.447681	-0.894986
-2.991093	1.020723	-0.996143
-2.504171	0.825245	-0.663676
-1.976883	0.859477	-0.157667
-1.491117	1.069469	0.236564
-1.041605	1.353512	0.485970
-0.555328	1.562641	0.485023
-3.954652	2.264244	-0.424003
-3.564735	1.906667	-0.582815
-3.299515	1.446541	-0.895329
-2.989841	1.019548	-0.995796
-2.502028	0.825116	-0.661947
-1.974399	0.860159	-0.155695
-1.488512	1.070966	0.237976
-1.038706	1.355353	0.486755
-0.551541	1.563407	0.483891
-3.766739	2.127113	-0.555489
-3.449656	1.734776	-0.723125
-3.214440	1.285908	-0.989826
-2.857319	0.938273	-0.931357
-2.371376	0.817244	-0.507366
-1.872716	0.888069	-0.050944
-1.419403	1.111228	0.299524
-0.990776	1.381387	0.509997
-0.523023	1.569176	0.472319
-3.766525	2.126895	-0.555633
-3.449368	1.734238	-0.723338
-3.213922	1.285152	-0.989866
-2.856244	0.937693	-0.930747
-2.369852	0.817152	-0.506258
-1.870950	0.888554	-0.049830
-1.417609	1.112390	0.300646
-0.988629	1.382552	0.510400
-0.520330	1.569721	0.471367
-3.766347	2.126713	-0.555753
-3.449127	1.733790	-0.723516
-3.213491	1.284523	-0.989900
-2.855349	0.937209	-0.930240
-2.368583	0.817076	-0.505337
-1.869478	0.888958	-0.048904
-1.416115	1.113358	0.301579
-0.986840	1.383522	0.510736
-0.518086	1.570174	0.470574
-3.766197	2.126560	-0.555854
-3.448924	1.733412	-0.723665
-3.213127	1.283992	-0.989928
-2.854594	0.936802	-0.929812
-2.367512	0.817011	-0.504560
-1.868237	0.889299	-0.048123
-1.414854	1.114174	0.302366
-0.985332	1.384341	0.511019
-0.516194	1.570557	0.469907
-3.766071	2.126431	-0.555939
-3.448754	1.733094	-0.723790
-3.212821	1.283546	-0.989952
-2.853960	0.936459	-0.929453
-2.366613	0.816957	-0.503908
-1.867195	0.889585	-0.047467
-1.413796	1.114860	0.303026
-0.984066	1.385028	0.511256
-0.514605	1.570879	0.469346
-3.765966	2.126323	-0.556009
-3.448612	1.732829	-0.723895
-3.212566	1.283174	-0.989971
-2.853430	0.936174	-0.929154
-2.365863	0.816912	-0.503364
-1.866325	0.889824	-0.046921
-1.412913	1.115432	0.303576
-0.983008	1.385602	0.511454
-0.513279	1.571147	0.468879
-3.765877	2.126233	-0.556069
-3.448492	1.732606	-0.723983
-3.212352	1.282860	-0.989988
-2.852984	0.935933	-0.928902
-2.365230	0.816874	-0.502906
-1.865591	0.890025	-0.046461
-1.412168	1.115914	0.304040
-0.982117	1.386086	0.511621
-0.512161	1.571373	0.468485
-3.765803	2.126157	-0.556119
-3.448392	1.732419	-0.724057
-3.212172	1.282598	-0.990002
-2.852612	0.935732	-0.928691
-2.364702	0.816842	-0.502524
-1.864979	0.890193	-0.046076
-1.411546	1.116317	0.304427
-0.981373	1.386490	0.511760
-0.511227	1.571562	0.468156
-3.765749	2.126101	-0.556156
-3.448318	1.732281	-0.724111
-3.212039	1.282404	-0.990012
-2.852336	0.935583	-0.928535
-2.364311	0.816818	-0.502241
-1.864526	0.890318	-0.045792
-1.411086	1.116615	0.304713
-0.980822	1.386788	0.511863
-0.510536	1.571702	0.467913
-3.765702	2.126053	-0.556187
-3.448254	1.732163	-0.724158
-3.211925	1.282238	-0.990021
-2.852099	0.935455	-0.928402
-2.363976	0.816798	-0.501999
-1.864137	0.890424	-0.045548
-1.410691	1.116871	0.304959
-0.980350	1.387045	0.511951
-0.509944	1.571822	0.467704
-3.601874	1.957873	-0.712702
-3.350935	1.547444	-0.867466
-3.108631	1.131456	-1.032701
-2.708665	0.874583	-0.808655
-2.233753	0.819479	-0.342537
-1.766649	0.927637	0.056261
-1.344675	1.159636	0.365413
-0.934091	1.412148	0.527045
-0.483870	1.577096	0.451547
-3.601845	1.957833	-0.712726
-3.350890	1.547356	-0.867490
-3.108547	1.131333	-1.032696
-2.708475	0.874529	-0.808516
-2.233507	0.819506	-0.342327
-1.766379	0.927761	0.056444
-1.344384	1.159824	0.365554
-0.933744	1.412337	0.527063
-0.483433	1.577184	0.451387
-3.601818	1.957797	-0.712747
-3.350849	1.547276	-0.867512
-3.108471	1.131223	-1.032691
-2.708303	0.874481	-0.808391
-2.233285	0.819530	-0.342138
-1.766136	0.927873	0.056609
-1.344122	1.159994	0.365682
-0.933430	1.412507	0.527078
-0.483040	1.577264	0.451242
-3.601798	1.957770	-0.712763
-3.350819	1.547216	-0.867528
-3.108414	1.131139	-1.032688
-2.708173	0.874444	-0.808297
-2.233117	0.819548	-0.341995
-1.765952	0.927958	0.056735
-1.343923	1.160123	0.365779
-0.933192	1.412636	0.527090
-0.482742	1.577324	0.451132
-3.601786	1.957753	-0.712773
-3.350799	1.547178	-0.867538
-3.108378	1.131087	-1.032685
-2.708091	0.874421	-0.808237
-2.233012	0.819560	-0.341905
-1.765836	0.928011	0.056813
-1.343799	1.160203	0.365840
-0.933043	1.412717	0.527098
-0.482555	1.577362	0.451063
-3.601767	1.957727	-0.712788
-3.350771	1.547122	-0.867554
-3.108325	1.131008	-1.032682
-2.707970	0.874386	-0.808149
-2.232855	0.819577	-0.341771
-1.765664	0.928090	0.056930
-1.343613	1.160324	0.365930
-0.932821	1.412838	0.527109
-0.482276	1.577418	0.450961
-3.601757	1.957713	-0.712797
-3.350755	1.547091	-0.867562
-3.108295	1.130966	-1.032680
-2.707903	0.874368	-0.808101
-2.232769	0.819586	-0.341698
-1.765570	0.928133	0.056994
-1.343512	1.160389	0.365980
-0.932700	1.412904	0.527115
-0.482124	1.577449	0.450905
-3.601748	1.957700	-0.712804
-3.350741	1.547063	-0.867570
-3.108268	1.130926	-1.032679
-2.707842	0.874350	-0.808056
-2.232690	0.819594	-0.341631
-1.765484	0.928173	0.057053
-1.343418	1.160450	0.366025
-0.932588	1.412964	0.527120
-0.481984	1.577477	0.450853
-3.601739	1.957688	-0.712811
-3.350727	1.547036	-0.867577
-3.108243	1.130890	-1.032677
-2.707785	0.874334	-0.808014
-2.232616	0.819602	-0.341568
-1.765403	0.928211	0.057108
-1.343331	1.160506	0.366068
-0.932483	1.413021	0.527125
-0.481853	1.577504	0.450805
-3.474292	1.780690	-0.869115
-3.261615	1.374797	-0.978793
-2.984624	1.014655	-1.002034
-2.567792	0.834749	-0.661411
-2.112065	0.832676	-0.205611
-1.677241	0.968742	0.149341
-1.282221	1.200093	0.416812
-0.889779	1.436196	0.535716
-0.457974	1.582334	0.434226
-3.474286	1.780679	-0.869121
-3.261603	1.374775	-0.978796
-2.984596	1.014629	-1.002022
-2.567743	0.834735	-0.661376
-2.112001	0.832683	-0.205566
-1.677171	0.968775	0.149389
-1.282146	1.200142	0.416849
-0.889688	1.436245	0.535720
-0.457860	1.582357	0.434182
-3.474280	1.780668	-0.869126
-3.261591	1.374753	-0.978799
-2.984570	1.014604	-1.002011
-2.567697	0.834722	-0.661345
-2.111942	0.832689	-0.205524
-1.677106	0.968805	0.149433
-1.282075	1.200187	0.416884
-0.889604	1.436291	0.535724
-0.457755	1.582378	0.434142
-3.474275	1.780658	-0.869131
-3.261581	1.374734	-0.978801
-2.984545	1.014581	-1.002001
-2.567654	0.834709	-0.661315
-2.111886	0.832695	-0.205486
-1.677045	0.968833	0.149474
-1.282010	1.200230	0.416916
-0.889526	1.436333	0.535728
-0.457657	1.582398	0.434104
-3.474271	1.780651	-0.869135
-3.261573	1.374718	-0.978803
-2.984526	1.014563	-1.001993
-2.567620	0.834700	-0.661292
-2.111842	0.832700	-0.205455
-1.676997	0.968855	0.149507
-1.281958	1.200264	0.416942
-0.889464	1.436367	0.535731
-0.457579	1.582414	0.434074
-3.474267	1.780643	-0.869139
-3.261565	1.374703	-0.978805
-2.984508	1.014546	-1.001986
-2.567588	0.834691	-0.661270
-2.111801	0.832705	-0.205426
-1.676951	0.968876	0.149537
-1.281909	1.200295	0.416966
-0.889405	1.436399	0.535734
-0.457505	1.582429	0.434046
-3.474263	1.780636	-0.869142
-3.261558	1.374690	-0.978807
-2.984491	1.014530	-1.001979
-2.567558	0.834682	-0.661249
-2.111762	0.832709	-0.205398
-1.676909	0.968895	0.149566
-1.281863	1.200325	0.416988
-0.889350	1.436429	0.535737
-0.457436	1.582443	0.434020
-3.474260	1.780630	-0.869146
-3.261551	1.374677	-0.978809
-2.984475	1.014515	-1.001972
-2.567529	0.834674	-0.661230
-2.111726	0.832713	-0.205373
-1.676869	0.968914	0.149593
-1.281820	1.200353	0.417009
-0.889298	1.436457	0.535739
-0.457371	1.582456	0.433995
-3.474257	1.780624	-0.869149
-3.261544	1.374664	-0.978810
-2.984460	1.014501	-1.001966
-2.567503	0.834667	-0.661212
-2.111691	0.832717	-0.205349
-1.676831	0.968931	0.149618
-1.281779	1.200379	0.417029
-0.889250	1.436483	0.535742
-0.457311	1.582468	0.433971
-3.474254	1.780618	-0.869152
-3.261538	1.374653	-0.978812
-2.984445	1.014488	-1.001960
-2.567478	0.834660	-0.661194
-2.111659	0.832720	-0.205326
-1.676796	0.968947	0.149642
-1.281741	1.200404	0.417048
-0.889205	1.436508	0.535744
-0.457254	1.582480	0.433950
-3.474251	1.780613	-0.869155
-3.261533	1.374642	-0.978813
-2.984432	1.014475	-1.001955
-2.567455	0.834653	-0.661178
-2.111629	0.832723	-0.205305
-1.676763	0.968962	0.149664
-1.281706	1.200427	0.417065
-0.889162	1.436531	0.535746
-0.457200	1.582491	0.433929
-3.474248	1.780608	-0.869157
-3.261527	1.374632	-0.978815
-2.984420	1.014464	-1.001950
-2.567433	0.834647	-0.661163
-2.111601	0.832726	-0.205285
-1.676732	0.968977	0.149685
-1.281672	1.200449	0.417082
-0.889122	1.436553	0.535748
-0.457150	1.582501	0.433910
-3.474245	1.780603	-0.869160
-3.261522	1.374623	-0.978816
-2.984408	1.014452	-1.001945
-2.567412	0.834641	-0.661149
-2.111574	0.832729	-0.205267
-1.676702	0.968990	0.149705
-1.281641	1.200469	0.417097
-0.889084	1.436573	0.535750
-0.457102	1.582510	0.433892
-3.474243	1.780599	-0.869162
-3.261518	1.374614	-0.978817
-2.984397	1.014442	-1.001941
-2.567392	0.834636	-0.661136
-2.111549	0.832732	-0.205249
-1.676675	0.969003	0.149724
-1.281611	1.200488	0.417112
-0.889049	1.436593	0.535752
-0.457058	1.582519	0.433875
-3.474241	1.780594	-0.869164
-3.261513	1.374605	-0.978818
-2.984387	1.014432	-1.001936
-2.567374	0.834630	-0.661123
-2.111525	0.832735	-0.205233
-1.676649	0.969015	0.149741
-1.281583	1.200506	0.417126
-0.889015	1.436611	0.535754
-0.457016	1.582528	0.433859
-0.751237	1.498349	0.362124
-0.671705	1.528478	0.362124
-0.591240	1.555377	0.342392
-0.507880	1.572239	0.261025
-0.424519	1.589101	0.199587
-0.340500	1.600923	0.169724
-0.255604	1.606038	0.099934
-0.170707	1.611153	0.060174
-0.085727	1.613559	0.044244
-0.751233	1.498351	0.362124
-0.671697	1.528481	0.362124
-0.591228	1.555379	0.342382
-0.507864	1.572242	0.261014
-0.424499	1.589105	0.199587
-0.340475	1.600925	0.169705
-0.255575	1.606040	0.099915
-0.170675	1.611155	0.060174
-0.085690	1.613559	0.044231
-0.751229	1.498352	0.362124
-0.671690	1.528484	0.362124
-0.591217	1.555382	0.342372
-0.507849	1.572245	0.261004
-0.424480	1.589109	0.199587
-0.340452	1.600926	0.169687
-0.255548	1.606041	0.099898
-0.170644	1.611157	0.060174
-0.085656	1.613559	0.044220
-0.551145	1.563487	0.199587
-0.490751	1.575704	0.199587
-0.430358	1.587920	0.199587
-0.369836	1.599156	0.191577
-0.308330	1.602862	0.121835
-0.246824	1.606567	0.060174
-0.185318	1.610273	0.060174
-0.123799	1.613559	0.056773
-0.062177	1.613559	0.026682
-0.551142	1.563488	0.199587
-0.490745	1.575705	0.199587
-0.430348	1.587922	0.199587
-0.369823	1.599157	0.191562
-0.308313	1.602863	0.121821
-0.246804	1.606568	0.060174
-0.185295	1.610274	0.060174
-0.123772	1.613559	0.056760
-0.062147	1.613559	0.026669
-0.551139	1.563489	0.199587
-0.490739	1.575706	0.199587
-0.430339	1.587924	0.199587
-0.369810	1.599158	0.191548
-0.308298	1.602863	0.121807
-0.246785	1.606569	0.060174
-0.185273	1.610275	0.060174
-0.123747	1.613559	0.056747
-0.062119	1.613559	0.026657
-0.551136	1.563489	0.199587
-0.490733	1.575708	0.199587
-0.430330	1.587926	0.199587
-0.369798	1.599158	0.191535
-0.308283	1.602864	0.121794
-0.246767	1.606570	0.060174
-0.185252	1.610277	0.060174
-0.123723	1.613559	0.056736
-0.062092	1.613559	0.026645
-0.551133	1.563490	0.199587
-0.490727	1.575709	0.199587
-0.430322	1.587928	0.199587
-0.369787	1.599159	0.191523
-0.308269	1.602865	0.121781
-0.246751	1.606571	0.060174
-0.185232	1.610278	0.060174
-0.123701	1.613559	0.056725
-0.062067	1.613559	0.026634
-0.551130	1.563490	0.199587
-0.490722	1.575710	0.199587
-0.430314	1.587929	0.199587
-0.369777	1.599160	0.191511
-0.308256	1.602866	0.121770
-0.246735	1.606572	0.060174
-0.185214	1.610279	0.060174
-0.123680	1.613559	0.056715
-0.062043	1.613559	0.026625
-0.551128	1.563491	0.199587
-0.490717	1.575711	0.199587
-0.430307	1.587931	0.199587
-0.369767	1.599160	0.191500
-0.308243	1.602867	0.121759
-0.246720	1.606573	0.060174
-0.185197	1.610280	0.060174
-0.123660	1.613559	0.056706
-0.062021	1.613559	0.026615
-0.551126	1.563491	0.199587
-0.490713	1.575712	0.199587
-0.430300	1.587932	0.199587
-0.369757	1.599161	0.191490
-0.308232	1.602867	0.121748
-0.246706	1.606574	0.060174
-0.185180	1.610281	0.060174
-0.123641	1.613559	0.056696
-0.062000	1.613559	0.026606
-0.551123	1.563492	0.199587
-0.490708	1.575713	0.199587
-0.430293	1.587933	0.199587
-0.369749	1.599161	0.191480
-0.308221	1.602868	0.121739
-0.246693	1.606575	0.060174
-0.185165	1.610282	0.060174
-0.123624	1.613559	0.056688
-0.061980	1.613559	0.026597
-0.551121	1.563492	0.199587
-0.490704	1.575713	0.199587
-0.430287	1.587934	0.199587
-0.369740	1.599162	0.191472
-0.308211	1.602869	0.121730
-0.246681	1.606576	0.060174
-0.185151	1.610283	0.060174
-0.123607	1.613559	0.056680
-0.061962	1.613559	0.026590
-0.551120	1.563493	0.199587
-0.490701	1.575714	0.199587
-0.430282	1.587936	0.199587
-0.369733	1.599162	0.191463
-0.308201	1.602869	0.121721
-0.246669	1.606576	0.060174
-0.185137	1.610284	0.060174
-0.123592	1.613559	0.056673
-0.061944	1.613559	0.026582
-0.339283	1.600997	0.060174
-0.301643	1.603264	0.060174
-0.264003	1.605532	0.060174
-0.226363	1.607800	0.060174
-0.188723	1.610067	0.060174
-0.151083	1.612335	0.060174
-0.113411	1.613559	0.046328
-0.075700	1.613559	0.016234
-0.037989	1.613559	0.000000
-0.339281	1.600997	0.060174
-0.301640	1.603265	0.060174
-0.263998	1.605532	0.060174
-0.226356	1.607800	0.060174
-0.188715	1.610068	0.060174
-0.151073	1.612336	0.060174
-0.113399	1.613559	0.046319
-0.075686	1.613559	0.016225
-0.037974	1.613559	0.000000
-0.339280	1.600997	0.060174
-0.301637	1.603265	0.060174
-0.263993	1.605533	0.060174
-0.226350	1.607801	0.060174
-0.188707	1.610068	0.060174
-0.151064	1.612336	0.060174
-0.113388	1.613559	0.046311
-0.075674	1.613559	0.016217
-0.037960	1.613559	0.000000
-0.339278	1.600997	0.060174
-0.301634	1.603265	0.060174
-0.263989	1.605533	0.060174
-0.226344	1.607801	0.060174
-0.188700	1.610069	0.060174
-0.151055	1.612337	0.060174
-0.113377	1.613559	0.046303
-0.075662	1.613559	0.016209
-0.037946	1.613559	0.000000
-0.339277	1.600997	0.060174
-0.301631	1.603265	0.060174
-0.263985	1.605533	0.060174
-0.226339	1.607801	0.060174
-0.188693	1.610069	0.060174
-0.151046	1.612337	0.060174
-0.113368	1.613559	0.046296
-0.075651	1.613559	0.016202
-0.037934	1.613559	0.000000
-0.339276	1.600997	0.060174
-0.301628	1.603265	0.060174
-0.263981	1.605533	0.060174
-0.226333	1.607802	0.060174
-0.188686	1.610070	0.060174
-0.151039	1.612338	0.060174
-0.113359	1.613559	0.046289
-0.075640	1.613559	0.016195
-0.037922	1.613559	0.000000
-0.339274	1.600997	0.060174
-0.301626	1.603265	0.060174
-0.263977	1.605534	0.060174
-0.226329	1.607802	0.060174
-0.188680	1.610070	0.060174
-0.151031	1.612338	0.060174
-0.113350	1.613559	0.046282
-0.075630	1.613559	0.016188
-0.037911	1.613559	0.000000
-0.339273	1.600997	0.060174
-0.301624	1.603266	0.060174
-0.263974	1.605534	0.060174
-0.226324	1.607802	0.060174
-0.188674	1.610070	0.060174
-0.151024	1.612339	0.060174
-0.113342	1.613559	0.046276
-0.075621	1.613559	0.016182
-0.037901	1.613559	0.000000
-0.339272	1.600997	0.060174
-0.301621	1.603266	0.060174
-0.263971	1.605534	0.060174
-0.226320	1.607802	0.060174
-0.188669	1.610071	0.060174
-0.151018	1.612339	0.060174
-0.113334	1.613559	0.046271
-0.075613	1.613559	0.016177
-0.037891	1.613559	0.000000
-0.339271	1.600997	0.060174
-0.301619	1.603266	0.060174
-0.263967	1.605534	0.060174
-0.226316	1.607803	0.060174
-0.188664	1.610071	0.060174
-0.151012	1.612339	0.060174
-0.113327	1.613559	0.046265
-0.075604	1.613559	0.016172
-0.037882	1.613559	0.000000
-0.339270	1.600997	0.060174
-0.301617	1.603266	0.060174
-0.263965	1.605534	0.060174
-0.226312	1.607803	0.060174
-0.188659	1.610071	0.060174
-0.151006	1.612340	0.060174
-0.113321	1.613559	0.046261
-0.075597	1.613559	0.016167
-0.037873	1.613559	0.000000
-0.117706	1.613559	0.000000
-0.104643	1.613559	0.000000
-0.091581	1.613559	0.000000
-0.078518	1.613559	0.000000
-0.065455	1.613559	0.000000
-0.052392	1.613559	0.000000
-0.039329	1.613559	0.000000
-0.026266	1.613559	0.000000
-0.013203	1.613559	0.000000
-0.117706	1.613559	0.000000
-0.104642	1.613559	0.000000
-0.091578	1.613559	0.000000
-0.078514	1.613559	0.000000
-0.065451	1.613559	0.000000
-0.052387	1.613559	0.000000
-0.039323	1.613559	0.000000
-0.026260	1.613559	0.000000
-0.013196	1.613559	0.000000
-0.117705	1.613559	0.000000
-0.104640	1.613559	0.000000
-0.091576	1.613559	0.000000
-0.078511	1.613559	0.000000
-0.065447	1.613559	0.000000
-0.052382	1.613559	0.000000
-0.039318	1.613559	0.000000
-0.026253	1.613559	0.000000
-0.013189	1.613559	0.000000
-0.117704	1.613559	0.000000
-0.104639	1.613559	0.000000
-0.091574	1.613559	0.000000
-0.078508	1.613559	0.000000
-0.065443	1.613559	0.000000
-0.052378	1.613559	0.000000
-0.039313	1.613559	0.000000
-0.026247	1.613559	0.000000
-0.013182	1.613559	0.000000
-0.117703	1.613559	0.000000
-0.104637	1.613559	0.000000
-0.091571	1.613559	0.000000
-0.078506	1.613559	0.000000
-0.065440	1.613559	0.000000
-0.052374	1.613559	0.000000
-0.039308	1.613559	0.000000
-0.026242	1.613559	0.000000
-0.013176	1.613559	0.000000
-0.117703	1.613559	0.000000
-0.104636	1.613559	0.000000
-0.091569	1.613559	0.000000
-0.078503	1.613559	0.000000
-0.065436	1.613559	0.000000
-0.052370	1.613559	0.000000
-0.039303	1.613559	0.000000
-0.026237	1.613559	0.000000
-0.013170	1.613559	0.000000
-0.117702	1.613559	0.000000
-0.104635	1.613559	0.000000
-0.091568	1.613559	0.000000
-0.078500	1.613559	0.000000
-0.065433	1.613559	0.000000
-0.052366	1.613559	0.000000
-0.039299	1.613559	0.000000
-0.026232	1.613559	0.000000
-0.013165	1.613559	0.000000
-0.000009	1.613559	3.141593
-0.000018	1.613559	3.141593
-0.000027	1.613559	3.141593
-0.000037	1.613559	3.141593
-0.000046	1.613559	3.141593
-0.000055	1.613559	3.141593
-0.000064	1.613559	3.141593
-0.000073	1.613559	3.141593
-0.000082	1.613559	3.141593
-0.000009	1.613559	3.141593
-0.000017	1.613559	3.141593
-0.000026	1.613559	3.141593
-0.000034	1.613559	3.141593
-0.000043	1.613559	3.141593
-0.000052	1.613559	3.141593
-0.000060	1.613559	3.141593
-0.000069	1.613559	3.141593
-0.000078	1.613559	3.141593
