-11.253850	0.000000	0.000000	0.000000
-11.259008	0.014298	0.021141	0.000000
-11.259768	0.014771	0.021847	0.004000
-11.260339	0.014960	0.022145	0.016000
-11.261126	0.015201	0.022512	0.036000
-11.261940	0.015477	0.022918	0.064000
-11.262563	0.015768	0.023374	0.100000
-11.263026	0.015998	0.023713	0.144000
-11.263281	0.016117	0.023894	0.196000
-11.263308	0.016168	0.023961	0.256000
-11.263304	0.016244	0.024051	0.321000
-11.263265	0.016361	0.024193	0.386000
-11.263155	0.016467	0.024298	0.451000
-11.262642	0.016771	0.024633	0.516000
-11.260613	0.017549	0.025500	0.581000
-11.255452	0.019018	0.027133	0.646000
-11.245651	0.020393	0.028475	0.711000
-11.235935	0.021689	0.029739	0.776000
-11.221399	0.022803	0.030433	0.841000
-11.201190	0.022225	0.028195	0.906000
-11.177881	0.020662	0.025348	0.971000
-11.147446	0.018306	0.021778	1.036000
-11.109582	0.014706	0.016525	1.101000
-11.071742	0.011401	0.011655	1.166000
-11.038293	0.007817	0.006539	1.231000
-10.999113	0.002822	-0.000395	1.296000
-10.970530	0.000508	-0.003435	1.361000
-10.932298	-0.002725	-0.007557	1.426000
-10.887885	-0.006160	-0.011647	1.491000
-10.846121	-0.007815	-0.013297	1.556000
-10.803125	-0.008691	-0.013685	1.621000
-10.758571	-0.008178	-0.012034	1.686000
-10.720169	-0.007281	-0.009793	1.751000
-10.678740	-0.005760	-0.006509	1.816000
-10.638010	-0.003968	-0.002718	1.881000
-10.587234	-0.001443	0.001776	1.946000
-10.544467	0.000781	0.005179	2.011000
-10.497267	0.003584	0.009234	2.076000
-10.454362	0.006700	0.013432	2.141000
-10.391732	0.010909	0.018881	2.206000
-10.339843	0.014123	0.023145	2.271000
-10.287622	0.017616	0.026746	2.336000
-10.240216	0.021150	0.029968	2.401000
-10.189036	0.025384	0.033623	2.466000
-10.133261	0.029953	0.037382	2.531000
-10.089294	0.033624	0.040160	2.596000
-10.033011	0.037809	0.043099	2.661000
-9.986414	0.041462	0.045803	2.726000
-9.932087	0.045633	0.048211	2.791000
-9.882767	0.049798	0.050280	2.856000
-9.834904	0.053808	0.052078	2.921000
-9.779120	0.058927	0.054384	2.986000
-9.715335	0.064649	0.057185	3.051000
-9.654378	0.069682	0.059444	3.116000
-9.605406	0.076392	0.065256	3.181000
-9.556210	0.084158	0.071704	3.246000
-9.505582	0.092977	0.079411	3.311000
-9.458397	0.102975	0.088985	3.376000
-9.406647	0.116725	0.102632	3.441000
-9.356638	0.131615	0.117223	3.506000
-9.297619	0.154471	0.140480	3.571000
-9.238888	0.186996	0.176002	3.636000
-9.199938	0.210141	0.200214	3.701000
-9.147685	0.242988	0.233066	3.766000
-9.093130	0.280147	0.267501	3.831000
-9.044714	0.318861	0.302860	3.896000
-8.996300	0.359753	0.337096	3.961000
-8.961042	0.391537	0.360814	4.026000
-8.921243	0.433716	0.393065	4.091000
-8.887695	0.478785	0.430892	4.156000
-8.858568	0.522255	0.468649	4.221000
-8.827923	0.573420	0.513149	4.286000
-8.801443	0.624129	0.556803	4.351000
-8.785004	0.667028	0.595704	4.416000
-8.770841	0.708981	0.633472	4.481000
-8.756654	0.761208	0.680430	4.546000
-8.744924	0.813252	0.726591	4.611000
-8.736373	0.858544	0.765961	4.676000
-8.729864	0.902048	0.803299	4.741000
-8.723828	0.955451	0.848653	4.806000
-8.719982	1.006877	0.891563	4.871000
-8.718547	1.053356	0.930126	4.936000
-8.718622	1.096722	0.965848	5.001000
-8.720801	1.146899	1.007336	5.066000
-8.725005	1.196510	1.048288	5.131000
-8.731306	1.246215	1.089499	5.196000
-8.738926	1.289196	1.125842	5.261000
-8.749013	1.336198	1.165942	5.326000
-8.759903	1.379305	1.203457	5.391000
-8.774551	1.428273	1.246952	5.456000
-8.791218	1.476357	1.290695	5.521000
-8.805963	1.513381	1.325434	5.586000
-8.826360	1.559869	1.370750	5.651000
-8.848404	1.604966	1.416414	5.716000
-8.870095	1.645310	1.458691	5.781000
-8.898362	1.693391	1.511662	5.846000
-8.926293	1.735973	1.561694	5.911000
-8.956245	1.777929	1.612736	5.976000
-8.992493	1.823449	1.671162	6.041000
-9.026103	1.861612	1.720815	6.106000
-9.075952	1.910906	1.785191	6.171000
-9.124231	1.953056	1.840440	6.236000
-9.171511	1.990388	1.891510	6.301000
-9.215482	2.022096	1.936710	6.366000
-9.256595	2.049581	1.978599	6.431000
-9.303304	2.078186	2.024444	6.496000
-9.364779	2.110507	2.083831	6.561000
-9.418131	2.133890	2.133927	6.626000
-9.471182	2.155069	2.181156	6.691000
-9.534641	2.177085	2.235029	6.756000
-9.580991	2.191093	2.273378	6.821000
-9.635895	2.204494	2.318024	6.886000
-9.700874	2.217255	2.368600	6.951000
-9.761261	2.229295	2.412507	7.016000
-9.818320	2.242067	2.449784	7.081000
-9.877759	2.254474	2.487998	7.146000
-9.928716	2.266223	2.516778	7.211000
-9.981422	2.283847	2.537321	7.276000
-10.033891	2.309307	2.544849	7.341000
-10.090119	2.347236	2.536998	7.406000
-10.137499	2.386662	2.520928	7.471000
-10.174915	2.425058	2.499963	7.536000
-10.210323	2.466377	2.477338	7.601000
-10.239301	2.505124	2.455222	7.666000
-10.269877	2.551607	2.428501	7.731000
-10.300586	2.607461	2.393985	7.796000
-10.321475	2.657024	2.359424	7.861000
-10.338358	2.704128	2.327052	7.926000
-10.353374	2.753417	2.293617	7.991000
-10.365636	2.802421	2.260324	8.056000
-10.376124	2.858528	2.221133	8.121000
-10.382950	2.914420	2.179982	8.186000
-10.386738	2.976387	2.132696	8.251000
-10.386394	3.034702	2.087775	8.316000
-10.383083	3.086658	2.046212	8.381000
-10.377178	3.138318	2.004556	8.446000
-10.367551	3.194752	1.958310	8.511000
-10.355735	3.249990	1.912872	8.576000
-10.341160	3.305615	1.866877	8.641000
-10.324844	3.357610	1.823373	8.706000
-10.307030	3.406714	1.781638	8.771000
-10.282768	3.466553	1.730755	8.836000
-10.258285	3.520411	1.684255	8.901000
-10.231305	3.573362	1.637216	8.966000
-10.201255	3.624719	1.589730	9.031000
-10.170686	3.672696	1.544722	9.096000
-10.141570	3.715340	1.504209	9.161000
-10.101289	3.766394	1.452017	9.226000
-10.061690	3.814669	1.404877	9.291000
-10.025824	3.855161	1.364620	9.356000
-9.988320	3.893729	1.324217	9.421000
-9.942071	3.937831	1.276773	9.486000
-9.885783	3.987946	1.222359	9.551000
-9.842648	4.023746	1.183241	9.616000
-9.786564	4.065969	1.133813	9.681000
-9.741707	4.097243	1.095890	9.746000
-9.693173	4.129257	1.056467	9.811000
-9.646194	4.158556	1.020056	9.876000
-9.584175	4.194936	0.973620	9.941000
-9.542385	4.218058	0.943586	10.006000
-9.486664	4.248248	0.906378	10.071000
-9.443154	4.270136	0.878356	10.136000
-9.394404	4.294200	0.849438	10.201000
-9.337789	4.319543	0.815530	10.266000
-9.287369	4.340163	0.785691	10.331000
-9.212704	4.367009	0.741444	10.396000
-9.154947	4.386778	0.709056	10.461000
-9.099399	4.404309	0.678785	10.526000
-9.040444	4.421312	0.647313	10.591000
-8.988551	4.435370	0.620226	10.656000
-8.940959	4.447616	0.595875	10.721000
-8.882200	4.461253	0.565698	10.786000
-8.829270	4.472778	0.540028	10.851000
-8.778532	4.482726	0.515871	10.916000
-8.728887	4.491446	0.492389	10.981000
-8.684964	4.498120	0.471894	11.046000
-8.643240	4.503948	0.453116	11.111000
-8.591595	4.510485	0.430380	11.176000
-8.534578	4.516671	0.405856	11.241000
-8.475022	4.522801	0.382051	11.306000
-8.408606	4.528105	0.355271	11.371000
-8.347601	4.531563	0.330550	11.436000
-8.294320	4.533847	0.309505	11.501000
-8.235876	4.534918	0.286444	11.566000
-8.191656	4.534824	0.268918	11.631000
-8.144566	4.533921	0.250333	11.696000
-8.083393	4.531204	0.225937	11.761000
-8.017644	4.527600	0.200994	11.826000
-7.963811	4.523344	0.180526	11.891000
-7.909751	4.517681	0.159491	11.956000
-7.859709	4.511595	0.140334	12.021000
-7.805703	4.503766	0.119492	12.086000
-7.757841	4.496358	0.101512	12.151000
-7.693877	4.485375	0.077892	12.216000
-7.642643	4.475277	0.058517	12.281000
-7.588916	4.463611	0.038015	12.346000
-7.543856	4.452724	0.020415	12.411000
-7.496440	4.440227	0.001586	12.476000
-7.445395	4.425455	-0.018918	12.541000
-7.392488	4.408731	-0.040589	12.606000
-7.345437	4.391034	-0.062445	12.671000
-7.293391	4.370229	-0.086536	12.736000
-7.236164	4.345857	-0.112611	12.801000
-7.186526	4.322984	-0.136112	12.866000
-7.143460	4.301419	-0.157845	12.931000
-7.097475	4.277323	-0.181026	12.996000
-7.037538	4.245311	-0.209790	13.061000
-6.988415	4.217899	-0.233298	13.126000
-6.935153	4.182790	-0.263826	13.191000
-6.884523	4.147303	-0.293422	13.256000
-6.840429	4.114617	-0.319600	13.321000
-6.801132	4.083472	-0.344147	13.386000
-6.758449	4.047580	-0.371546	13.451000
-6.709273	4.003675	-0.403771	13.516000
-6.665729	3.961741	-0.433738	13.581000
-6.623771	3.918985	-0.463322	13.646000
-6.584033	3.875892	-0.492171	13.711000
-6.548978	3.836204	-0.517668	13.776000
-6.514957	3.795622	-0.543214	13.841000
-6.477759	3.748927	-0.571832	13.906000
-6.440883	3.702194	-0.597937	13.971000
-6.405926	3.655121	-0.623259	14.036000
-6.370429	3.605000	-0.649283	14.101000
-6.337285	3.560753	-0.667941	14.166000
-6.305379	3.518527	-0.684631	14.231000
-6.279106	3.482155	-0.698959	14.296000
-6.251206	3.443054	-0.714548	14.361000
-6.222278	3.402276	-0.730123	14.426000
-6.190199	3.362928	-0.740309	14.491000
-6.151138	3.320789	-0.745758	14.556000
-6.105003	3.274978	-0.747967	14.621000
-6.061286	3.234020	-0.747941	14.686000
-6.007591	3.191071	-0.740877	14.751000
-5.967645	3.162644	-0.731984	14.816000
-5.929192	3.136390	-0.723101	14.881000
-5.887248	3.110487	-0.710719	14.946000
-5.836735	3.082301	-0.693374	15.011000
-5.793249	3.058206	-0.679561	15.076000
-5.748001	3.034583	-0.663712	15.141000
-5.701472	3.012867	-0.645837	15.206000
-5.654596	2.992178	-0.626448	15.271000
-5.600440	2.968716	-0.605883	15.336000
-5.557031	2.950523	-0.589896	15.401000
-5.509414	2.932647	-0.571800	15.466000
-5.465713	2.917159	-0.555341	15.531000
-5.420030	2.902169	-0.538531	15.596000
-5.376333	2.888359	-0.522949	15.661000
-5.317434	2.871034	-0.502222	15.726000
-5.265875	2.855330	-0.486920	15.791000
-5.216142	2.840202	-0.473485	15.856000
-5.175874	2.828079	-0.463406	15.921000
-5.132008	2.814499	-0.453790	15.986000
-5.082736	2.799575	-0.443335	16.051000
-5.032095	2.782927	-0.435599	16.116000
-4.986586	2.767627	-0.429689	16.181000
-4.936488	2.750085	-0.424470	16.246000
-4.886835	2.731217	-0.421869	16.311000
-4.838082	2.711395	-0.421739	16.376000
-4.795010	2.693889	-0.421462	16.441000
-4.747969	2.676053	-0.420044	16.506000
-4.707658	2.656525	-0.424297	16.571000
-4.664421	2.632331	-0.432734	16.636000
-4.626341	2.607982	-0.444074	16.701000
-4.586604	2.580008	-0.458354	16.766000
-4.546956	2.550206	-0.474784	16.831000
-4.511444	2.522186	-0.489838	16.896000
-4.481630	2.497716	-0.503154	16.961000
-4.448519	2.468762	-0.518302	17.026000
-4.414371	2.437760	-0.535174	17.091000
-4.378114	2.402342	-0.553952	17.156000
-4.341838	2.364987	-0.573039	17.221000
-4.311045	2.332014	-0.589837	17.286000
-4.276239	2.293034	-0.608661	17.351000
-4.242852	2.253677	-0.628044	17.416000
-4.205919	2.207367	-0.649954	17.481000
-4.170887	2.161490	-0.669495	17.546000
-4.141152	2.122488	-0.685021	17.611000
-4.111050	2.084048	-0.697800	17.676000
-4.084429	2.046100	-0.712479	17.741000
-4.049787	1.999921	-0.725467	17.806000
-4.019546	1.962553	-0.733262	17.871000
-3.984766	1.922058	-0.739286	17.936000
-3.956098	1.888889	-0.744210	18.001000
-3.925914	1.855039	-0.748430	18.066000
-3.895011	1.823082	-0.750544	18.131000
-3.857244	1.787501	-0.751260	18.196000
-3.820931	1.756491	-0.749430	18.261000
-3.779763	1.725823	-0.743330	18.326000
-3.733887	1.694384	-0.733997	18.391000
-3.695403	1.671319	-0.722643	18.456000
-3.652492	1.649768	-0.704747	18.521000
-3.602396	1.626802	-0.682436	18.586000
-3.545102	1.602627	-0.657016	18.651000
-3.500245	1.585769	-0.636468	18.716000
-3.456986	1.570947	-0.616278	18.781000
-3.401617	1.553482	-0.590232	18.846000
-3.352829	1.540180	-0.565976	18.911000
-3.303811	1.528757	-0.541383	18.976000
-3.254306	1.518424	-0.517467	19.041000
-3.196166	1.508421	-0.488864	19.106000
-3.145969	1.501012	-0.464353	19.171000
-3.094256	1.494770	-0.439286	19.236000
-3.039829	1.490428	-0.412277	19.301000
-2.985694	1.487564	-0.385784	19.366000
-2.930795	1.484223	-0.361496	19.431000
-2.886440	1.482429	-0.342401	19.496000
-2.840685	1.481828	-0.322371	19.557000
-2.791342	1.482079	-0.301157	19.610000
-2.748697	1.483245	-0.282555	19.655000
-2.710417	1.485069	-0.265607	19.692000
-2.668423	1.487356	-0.247119	19.721000
-2.629385	1.489641	-0.230868	19.742000
-2.573917	1.494588	-0.206990	19.755000
-2.526824	1.499076	-0.187811	19.761558
-2.485848	1.503334	-0.171573	19.767296
-2.441838	1.509061	-0.153797	19.772316
-2.394956	1.515553	-0.135542	19.776709
-2.337080	1.524303	-0.112942	19.780570
-2.280078	1.533241	-0.092368	19.784003
-2.234088	1.541022	-0.076534	19.787054
-2.178829	1.551666	-0.056835	19.789765
-2.129613	1.562402	-0.038710	19.792176
-2.079143	1.573774	-0.020987	19.794319
-2.042451	1.582012	-0.009001	19.796223
-1.997686	1.591869	0.004569	19.797916
-1.955169	1.601768	0.017271	19.799421
-1.900067	1.612562	0.029592	19.800759
-1.835299	1.623016	0.039216	19.801948
-1.784386	1.631798	0.046950	19.803005
-1.745901	1.638184	0.051945	19.803944
-1.707454	1.644566	0.056791	19.804779
-1.655785	1.652918	0.062777	19.805522
-1.613630	1.657595	0.064165	19.806182
-1.560254	1.662793	0.064874	19.806768
-1.516055	1.667130	0.065331	19.807289
-1.463123	1.671653	0.064804	19.807753
-1.414284	1.675254	0.063535	19.808165
-1.369252	1.677955	0.061964	19.808531
-1.330915	1.680431	0.060940	19.808856
-1.290609	1.682639	0.059366	19.809146
-1.253663	1.684411	0.057719	19.809403
-1.216087	1.686127	0.056083	19.809631
-1.176402	1.687828	0.054366	19.809835
-1.146178	1.688884	0.052983	19.810015
-1.116417	1.689647	0.051637	19.810176
-1.081594	1.690753	0.050508	19.810319
-1.053890	1.691305	0.049497	19.810445
-1.025665	1.691656	0.048310	19.810558
-0.999297	1.691796	0.047022	19.810658
-0.971723	1.691721	0.045441	19.810748
-0.947204	1.691494	0.043888	19.810827
-0.923613	1.691177	0.042251	19.810897
-0.901747	1.690788	0.040565	19.810960
-0.875249	1.690146	0.038322	19.811015
-0.852336	1.689519	0.036374	19.811065
-0.832981	1.689308	0.035141	19.811109
-0.813706	1.688877	0.033642	19.811148
-0.795566	1.688600	0.032431	19.811182
-0.778783	1.688167	0.031137	19.811213
-0.762863	1.687792	0.030016	19.811241
-0.744442	1.687404	0.028830	19.811265
-0.725378	1.687036	0.027695	19.811287
-0.711357	1.686826	0.027000	19.811306
-0.693777	1.686653	0.026222	19.811323
-0.679763	1.686375	0.025442	19.811338
-0.663946	1.686167	0.024737	19.811352
-0.651595	1.686161	0.024420	19.811364
-0.637660	1.686099	0.023988	19.811375
-0.622884	1.685870	0.023328	19.811384
-0.610085	1.685781	0.022931	19.811393
-0.597759	1.685738	0.022589	19.811400
-0.588798	1.685571	0.022163	19.811407
-0.578191	1.685421	0.021715	19.811413
-0.568164	1.685377	0.021494	19.811418
-0.558470	1.685325	0.021197	19.811423
-0.548848	1.685272	0.020955	19.811427
-0.540252	1.685114	0.020537	19.811431
-0.530610	1.685217	0.020507	19.811434
-0.523516	1.685188	0.020292	19.811437
-0.517059	1.685136	0.020062	19.811439
-0.510449	1.685281	0.020205	19.811442
-0.504918	1.685395	0.020262	19.811444
-0.498106	1.685595	0.020367	19.811446
-0.490927	1.685645	0.020358	19.811447
-0.484031	1.685536	0.020052	19.811449
-0.478400	1.685326	0.019609	19.811450
-0.472077	1.685592	0.019891	19.811451
-0.466611	1.685723	0.019968	19.811452
-0.461980	1.685352	0.019324	19.811453
-0.456200	1.685198	0.018938	19.811454
-0.450980	1.685986	0.019905	19.811455
-0.447269	1.685956	0.019764	19.811455
-0.443708	1.685448	0.018984	19.811456
-0.439509	1.685171	0.018625	19.811456
-0.435044	1.685515	0.019018	19.811457
-0.431331	1.686354	0.020092	19.811457
-0.428940	1.686081	0.019656	19.811457
-0.427024	1.685320	0.018556	19.811458
-0.425107	1.684726	0.017731	19.811458
-0.423263	1.684610	0.017623	19.811458
-0.420779	1.684318	0.017207	19.811459
-0.417655	1.684952	0.018041	19.811459
-0.415533	1.685918	0.019347	19.811459
-0.413668	1.686609	0.020272	19.811459
-0.412244	1.687105	0.020928	19.811459
-0.411668	1.686844	0.020556	19.811459
-0.411662	1.686355	0.019874	19.811459
-0.411547	1.686477	0.020046	19.811460
-0.411621	1.686442	0.019997	19.811460
-0.411586	1.686317	0.019830	19.811460
-0.411411	1.686324	0.019827	19.811460
-0.411209	1.686164	0.019607	19.811460
-0.411050	1.685990	0.019354	19.811460
-0.410757	1.685884	0.019201	19.811460
-0.410362	1.685785	0.019050	19.811460
-0.409777	1.685586	0.018754	19.811460
-0.409286	1.685316	0.018360	19.811460
