0.000000
0.078032
0.042756
0.056234
0.042815
0.044991
0.061593
0.054853
0.053069
0.039898
0.046492
0.037612
0.050521
0.042847
0.051623
0.039109
0.041572
0.061269
0.051569
0.040370
0.043007
0.052632
0.058690
0.045671
0.044363
0.040444
0.051997
0.042811
0.053815
0.053534
0.065675
0.053163
0.059864
0.056826
0.051518
0.056669
0.048366
0.054851
0.058521
0.052677
0.060295
0.055915
0.038774
0.037593
0.042111
0.039012
0.052785
0.040847
0.044896
0.042427
0.048519
0.042098
0.045416
0.037785
0.041451
0.062095
0.042272
0.045863
0.047035
0.045304
0.053304
0.043163
0.062838
0.043880
0.044482
0.044526
0.050767
0.044375
0.049033
0.039730
0.039915
0.040758
0.049091
0.039582
0.040608
0.048793
0.039732
0.054736
0.039347
0.052721
0.048248
0.044202
0.046118
0.051085
0.063102
0.047047
0.044027
0.043531
0.041530
0.043941
0.068285
0.050197
0.047098
0.040680
0.042215
0.044604
0.053444
0.047346
0.049385
0.045054
0.045495
0.048716
0.046865
0.050563
0.056070
0.056240
0.043881
0.050672
0.046608
0.045103
0.046632
0.042499
0.044053
0.057830
0.040828
0.046357
0.052694
0.061270
0.050151
0.050748
0.053689
0.048939
0.040926
0.046725
0.048444
0.058817
0.046813
0.048644
0.053966
0.064351
0.067458
0.054620
0.047302
0.049853
0.044118
0.043740
0.047381
0.041812
0.045635
0.041620
0.055379
0.038647
0.036637
0.039392
0.039009
0.040560
0.042428
0.044630
0.041206
0.041702
0.040839
0.041398
0.038230
0.039817
0.039990
0.040290
0.051015
0.039448
0.039104
0.049353
0.049304
0.059139
0.039800
0.042162
0.045442
0.040378
0.039254
0.043975
0.046113
0.040630
0.043454
0.045163
0.044559
0.041021
0.041465
0.052686
0.037129
0.040010
0.041259
0.041090
0.042593
0.043049
0.041294
0.040292
0.038342
0.042864
0.055680
0.037818
0.042477
0.040509
0.047565
0.045719
0.047267
0.044748
0.042005
0.041746
0.051220
0.047736
0.055711
0.053487
0.048381
0.058244
0.047989
0.056720
0.056359
0.058431
0.057771
0.048066
0.046335
0.043756
0.049394
0.048846
0.047677
0.045421
0.050829
0.057674
0.050457
0.044826
0.049946
0.049974
0.061882
0.049574
0.058778
0.042872
0.044028
0.043683
0.044685
0.045265
0.056265
0.061343
0.053627
0.047465
0.047364
0.042094
0.045148
0.045154
0.046110
0.043807
0.050523
0.050183
0.055756
0.043309
0.056991
0.045920
0.047009
0.061440
0.048329
0.046332
0.066859
0.048701
0.065966
0.044823
0.044721
0.053436
0.052857
0.050435
0.044866
0.046602
0.046902
0.063303
0.047928
0.052158
0.046712
0.046629
0.043652
0.049441
0.044070
0.045213
0.050828
0.046669
0.060722
0.057875
0.046241
0.051565
0.046282
0.046445
0.052470
0.051577
0.045906
0.050626
0.045628
0.048687
0.045975
0.046820
0.044872
0.047914
0.046769
0.047468
0.045387
0.048163
0.071450
0.072834
0.059188
0.062613
0.070590
0.069673
0.065914
0.054444
0.069281
0.071777
0.064390
0.077764
0.044380
0.047253
0.048584
0.050054
0.044902
0.048299
0.041873
0.052971
0.042880
0.043801
0.044373
0.051883
0.052907
0.047955
0.043402
0.055377
0.046330
0.046756
0.044412
0.046273
0.048137
0.065797
0.050027
0.048784
0.054513
0.066684
0.063649
0.049568
0.046333
0.046140
0.047044
0.048781
0.047627
0.046579
0.047015
0.053438
0.048812
0.050997
0.051064
0.052404
0.047635
0.051408
0.057697
0.058172
0.051184
0.044409
0.062295
0.048515
0.045580
0.044904
0.043901
0.046438
0.045408
0.046519
0.058397
0.045411
0.047863
0.063688
0.047892
0.047701
0.065270
0.046324
0.056596
0.059224
0.053077
0.060205
0.053377
0.053230
0.060985
0.049399
0.052737
0.064349
0.051415
0.053450
0.055407
0.063842
0.056826
0.059537
0.065362
0.061155
0.056972
0.056700
0.063125
0.076106
0.057302
0.057689
0.080732
0.049887
0.000110
