0.000000	0.000000	0.000000	0.000000	0.000000	0.000000	0.000000	0.000000	0.000000	0.000000
-0.009224	-0.009212	-0.009340	-0.009328	-0.000688	-0.000688	0.000688	0.000688	0.000000	0.040000
-0.003696	-0.003682	-0.003742	-0.003727	-0.002052	-0.002044	0.002052	0.002044	0.000000	0.120000
0.017383	0.017693	0.017618	0.017932	0.009698	0.009528	-0.009698	-0.009528	0.000000	0.200000
0.050933	0.053613	0.051702	0.054422	0.028623	0.027192	-0.028623	-0.027192	0.000000	0.280000
0.087630	0.095474	0.089075	0.097049	0.048749	0.044741	-0.048749	-0.044741	0.000000	0.360000
0.123281	0.138269	0.125438	0.140688	0.066285	0.059091	-0.066285	-0.059091	0.000000	0.440000
0.158352	0.181605	0.161227	0.184902	0.080156	0.069875	-0.080156	-0.069875	0.000000	0.500000
0.193508	0.224885	0.197088	0.229045	0.088583	0.076197	-0.088583	-0.076197	0.000000	0.500000
0.237041	0.260705	0.241032	0.265094	0.054383	0.049442	-0.054383	-0.049442	0.000000	0.500000
0.277793	0.299080	0.282249	0.303877	0.041712	0.038742	-0.041712	-0.038742	0.000000	0.500000
0.316356	0.339348	0.321384	0.344742	0.039559	0.036877	-0.039559	-0.036877	0.000000	0.500000
0.357037	0.377822	0.362511	0.383614	0.031674	0.029931	-0.031674	-0.029931	0.000000	0.500000
0.398714	0.415482	0.404556	0.421570	0.022875	0.021952	-0.022875	-0.021952	0.000000	0.500000
0.440598	0.452998	0.446775	0.459350	0.015306	0.014887	-0.015306	-0.014887	0.000000	0.500000
0.480645	0.488418	0.487107	0.494984	0.008793	0.008654	-0.008793	-0.008654	0.000000	0.500000
0.496575	0.491514	0.502561	0.497439	-0.005599	-0.005542	0.005599	0.005542	0.000000	0.500000
0.505839	0.484169	0.510944	0.489056	-0.024322	-0.023279	0.024322	0.023279	0.000000	0.500000
0.510779	0.480328	0.515362	0.484639	-0.034434	-0.032376	0.034434	0.032376	0.000000	0.500000
0.511008	0.480151	0.515566	0.484434	-0.034905	-0.032793	0.034905	0.032793	0.000000	0.500000
0.510859	0.480266	0.515433	0.484567	-0.034599	-0.032522	0.034599	0.032522	0.000000	0.500000
0.510296	0.480701	0.514932	0.485069	-0.033442	-0.031499	0.033442	0.031499	0.000000	0.500000
0.509371	0.481417	0.514107	0.485893	-0.031545	-0.029810	0.031545	0.029810	0.000000	0.500000
0.516084	0.476262	0.520065	0.479936	-0.045383	-0.041868	0.045383	0.041868	0.000000	0.500000
0.522696	0.471276	0.525868	0.474136	-0.059155	-0.053300	0.059155	0.053300	0.000000	0.500000
0.523035	0.471022	0.526164	0.473840	-0.059864	-0.053874	0.059864	0.053874	0.000000	0.500000
0.521906	0.471866	0.525179	0.474825	-0.057503	-0.051957	0.057503	0.051957	0.000000	0.500000
0.519038	0.474022	0.522667	0.477336	-0.051521	-0.047031	0.051521	0.047031	0.000000	0.500000
0.516379	0.476037	0.520326	0.479675	-0.045996	-0.042389	0.045996	0.042389	0.000000	0.500000
0.514372	0.477567	0.518553	0.481449	-0.041840	-0.038837	0.041840	0.038837	0.000000	0.500000
0.505002	0.484825	0.510193	0.489807	-0.022619	-0.021715	0.022619	0.021715	0.000000	0.500000
0.503060	0.486353	0.508443	0.491557	-0.018672	-0.018052	0.018672	0.018052	0.000000	0.500000
0.500071	0.488720	0.505740	0.494260	-0.012627	-0.012340	0.012627	0.012340	0.000000	0.500000
0.497061	0.491124	0.503004	0.496996	-0.006572	-0.006494	0.006572	0.006494	0.000000	0.500000
0.495890	0.492065	0.501936	0.498064	-0.004227	-0.004194	0.004227	0.004194	0.000000	0.500000
0.484582	0.501306	0.491518	0.508482	0.018770	0.018144	-0.018770	-0.018144	0.000000	0.500000
0.469971	0.513688	0.477780	0.522223	0.050660	0.046346	-0.050660	-0.046346	0.000000	0.500000
0.454469	0.527418	0.462861	0.537157	0.087682	0.075529	-0.087682	-0.075529	0.000000	0.500000
0.440030	0.540823	0.448650	0.551418	0.125686	0.102170	-0.125686	-0.102170	0.000000	0.500000
0.431518	0.549042	0.440130	0.559999	0.149968	0.117697	-0.149968	-0.117697	0.000000	0.500000
0.433599	0.547010	0.442222	0.557889	0.143891	0.113911	-0.143891	-0.113911	0.000000	0.500000
0.434741	0.545901	0.443368	0.556734	0.140596	0.111831	-0.140596	-0.111831	0.000000	0.500000
0.421850	0.558701	0.430321	0.569920	0.179522	0.135234	-0.179522	-0.135234	0.000000	0.500000
0.407547	0.573732	0.415546	0.584994	0.227826	0.161135	-0.227826	-0.161135	0.000000	0.500000
0.394231	0.588714	0.401493	0.599558	0.278943	0.185442	-0.278943	-0.185442	0.000000	0.500000
0.382295	0.603215	0.388622	0.613197	0.331401	0.207696	-0.331401	-0.207696	0.000000	0.500000
0.371727	0.617211	0.376971	0.625919	0.384920	0.228116	-0.384920	-0.228116	0.000000	0.500000
0.371124	0.618051	0.376298	0.626668	0.388223	0.229310	-0.388223	-0.229310	0.000000	0.500000
0.370981	0.618250	0.376139	0.626846	0.389008	0.229593	-0.389008	-0.229593	0.000000	0.500000
0.362021	0.631432	0.366006	0.638383	0.442247	0.247901	-0.442247	-0.247901	0.000000	0.500000
0.352937	0.646540	0.355426	0.651099	0.506397	0.267967	-0.506397	-0.267967	0.000000	0.500000
0.345486	0.661081	0.346390	0.662812	0.571184	0.286437	-0.571184	-0.286437	0.000000	0.500000
0.344727	0.662726	0.345444	0.664104	0.578694	0.288479	-0.578694	-0.288479	0.000000	0.500000
0.350653	0.650737	0.352698	0.654533	0.524795	0.273378	-0.524795	-0.273378	0.000000	0.500000
0.358246	0.637449	0.361654	0.643513	0.467400	0.256005	-0.467400	-0.256005	0.000000	0.500000
0.367211	0.623631	0.371906	0.631605	0.410432	0.237163	-0.410432	-0.237163	0.000000	0.500000
0.358619	0.636840	0.362087	0.642998	0.464829	0.255192	-0.464829	-0.255192	0.000000	0.500000
0.350286	0.651428	0.352258	0.655095	0.527852	0.274264	-0.527852	-0.274264	0.000000	0.500000
0.343074	0.666450	0.343359	0.667004	0.595821	0.293065	-0.595821	-0.293065	0.000000	0.500000
0.339375	0.675678	0.338552	0.674038	0.639014	0.304229	-0.639014	-0.304229	0.000000	0.500000
0.345267	0.661552	0.346118	0.663183	0.573329	0.287022	-0.573329	-0.287022	0.000000	0.500000
0.352422	0.647470	0.354813	0.651864	0.510453	0.269172	-0.510453	-0.269172	0.000000	0.500000
0.360767	0.633395	0.364567	0.640066	0.450395	0.250562	-0.450395	-0.250562	0.000000	0.500000
0.370251	0.619276	0.375322	0.627758	0.393059	0.231047	-0.393059	-0.231047	0.000000	0.500000
0.378022	0.608722	0.383942	0.618256	0.352115	0.215849	-0.352115	-0.215849	0.000000	0.500000
0.379476	0.606826	0.385540	0.616522	0.344935	0.213060	-0.344935	-0.213060	0.000000	0.500000
0.388289	0.595786	0.395120	0.606267	0.304153	0.196443	-0.304153	-0.196443	0.000000	0.500000
0.399798	0.582317	0.407405	0.593397	0.256742	0.175235	-0.256742	-0.175235	0.000000	0.500000
0.412017	0.568929	0.420198	0.580226	0.212075	0.153032	-0.212075	-0.153032	0.000000	0.500000
0.423781	0.556742	0.432291	0.567922	0.173438	0.131737	-0.173438	-0.131737	0.000000	0.500000
0.433847	0.546769	0.442471	0.557638	0.143174	0.113460	-0.143174	-0.113460	0.000000	0.500000
0.444673	0.536443	0.453253	0.546793	0.113054	0.093651	-0.113054	-0.093651	0.000000	0.500000
0.454323	0.527551	0.462719	0.537300	0.088049	0.075802	-0.088049	-0.075802	0.000000	0.500000
0.440661	0.540224	0.449278	0.550787	0.123945	0.101015	-0.123945	-0.101015	0.000000	0.500000
0.427363	0.553149	0.435931	0.564239	0.162397	0.125244	-0.162397	-0.125244	0.000000	0.500000
0.416453	0.564260	0.424784	0.575547	0.197051	0.145002	-0.197051	-0.145002	0.000000	0.500000
0.428027	0.552488	0.436604	0.563559	0.160384	0.124039	-0.160384	-0.124039	0.000000	0.500000
0.438977	0.541827	0.447602	0.552472	0.128609	0.104097	-0.128609	-0.104097	0.000000	0.500000
0.450097	0.531411	0.458590	0.541438	0.098801	0.083645	-0.098801	-0.083645	0.000000	0.500000
0.460681	0.521839	0.468881	0.531128	0.072416	0.063917	-0.072416	-0.063917	0.000000	0.500000
0.461288	0.498370	0.468750	0.506432	0.043764	0.040506	-0.043764	-0.040506	0.000000	0.500000
0.446896	0.461123	0.453239	0.467667	0.017313	0.016779	-0.017313	-0.016779	0.000000	0.500000
0.431454	0.436196	0.437142	0.441947	0.005977	0.005912	-0.005977	-0.005912	0.000000	0.500000
0.389254	0.415872	0.395377	0.422414	0.037215	0.034832	-0.037215	-0.034832	0.000000	0.500000
0.414363	0.467820	0.421697	0.476101	0.070362	0.062310	-0.070362	-0.062310	0.000000	0.500000
0.425764	0.508771	0.433904	0.518498	0.106719	0.089257	-0.106719	-0.089257	0.000000	0.500000
0.420580	0.498261	0.428547	0.507700	0.101036	0.085242	-0.101036	-0.085242	0.000000	0.500000
0.419850	0.490268	0.427667	0.499395	0.091655	0.078462	-0.091655	-0.078462	0.000000	0.500000
0.420489	0.482813	0.428136	0.491593	0.080912	0.070449	-0.080912	-0.070449	0.000000	0.500000
0.419103	0.472876	0.426513	0.481237	0.069974	0.062006	-0.069974	-0.062006	0.000000	0.500000
0.411219	0.453811	0.418193	0.461506	0.056429	0.051128	-0.056429	-0.051128	0.000000	0.500000
0.407261	0.439394	0.413827	0.446478	0.042953	0.039810	-0.042953	-0.039810	0.000000	0.500000
0.396254	0.433975	0.402866	0.441217	0.051849	0.047339	-0.051849	-0.047339	0.000000	0.500000
0.420705	0.486708	0.428440	0.495656	0.085684	0.074041	-0.085684	-0.074041	0.000000	0.500000
0.439723	0.541115	0.448345	0.551725	0.126535	0.102732	-0.126535	-0.102732	0.000000	0.500000
0.425211	0.555301	0.433747	0.566448	0.168992	0.129146	-0.168992	-0.129146	0.000000	0.500000
0.411808	0.569152	0.419981	0.580448	0.212798	0.153411	-0.212798	-0.153411	0.000000	0.500000
0.401113	0.580836	0.408794	0.591958	0.251682	0.172836	-0.251682	-0.172836	0.000000	0.500000
0.394755	0.562379	0.402432	0.573316	0.237762	0.166089	-0.237762	-0.166089	0.000000	0.500000
0.385859	0.540125	0.393462	0.550768	0.223147	0.158760	-0.223147	-0.158760	0.000000	0.500000
0.371814	0.509011	0.379225	0.519157	0.205193	0.149391	-0.205193	-0.149391	0.000000	0.500000
0.363689	0.485898	0.370986	0.495646	0.186177	0.138995	-0.186177	-0.138995	0.000000	0.500000
0.360408	0.470225	0.367642	0.479663	0.168286	0.128732	-0.168286	-0.128732	0.000000	0.500000
0.382837	0.526589	0.390453	0.537064	0.208964	0.151394	-0.208964	-0.151394	0.000000	0.500000
0.399510	0.582643	0.407101	0.593713	0.257860	0.175762	-0.257860	-0.175762	0.000000	0.500000
0.387378	0.596895	0.394137	0.607309	0.308169	0.198142	-0.308169	-0.198142	0.000000	0.500000
0.376548	0.610666	0.382320	0.620025	0.359534	0.218689	-0.359534	-0.218689	0.000000	0.500000
0.378235	0.608443	0.384177	0.618001	0.351056	0.215439	-0.351056	-0.215439	0.000000	0.500000
0.383664	0.601489	0.390113	0.611599	0.325001	0.205109	-0.325001	-0.205109	0.000000	0.500000
0.379111	0.578233	0.385856	0.588520	0.298491	0.194024	-0.298491	-0.194024	0.000000	0.500000
0.366932	0.542024	0.373794	0.552161	0.269160	0.181007	-0.269160	-0.181007	0.000000	0.500000
0.348657	0.494375	0.355463	0.504026	0.233813	0.164134	-0.233813	-0.164134	0.000000	0.500000
0.337071	0.458112	0.343807	0.467267	0.199463	0.146312	-0.199463	-0.146312	0.000000	0.500000
0.359594	0.514857	0.366557	0.524826	0.241992	0.168163	-0.241992	-0.168163	0.000000	0.500000
0.379920	0.574818	0.386774	0.585189	0.290963	0.190761	-0.290963	-0.190761	0.000000	0.500000
0.385572	0.599113	0.392184	0.609386	0.316259	0.201521	-0.316259	-0.201521	0.000000	0.500000
0.390922	0.592619	0.397952	0.603276	0.292775	0.191551	-0.292775	-0.191551	0.000000	0.500000
0.390256	0.572865	0.397613	0.583665	0.263581	0.178434	-0.263581	-0.178434	0.000000	0.500000
0.384899	0.547730	0.392391	0.558392	0.236829	0.165629	-0.236829	-0.165629	0.000000	0.500000
0.361690	0.494119	0.368905	0.503976	0.203539	0.148507	-0.203539	-0.148507	0.000000	0.500000
0.337824	0.439288	0.344602	0.448102	0.165810	0.127272	-0.165810	-0.127272	0.000000	0.500000
0.323565	0.402191	0.329950	0.410128	0.133479	0.107272	-0.133479	-0.107272	0.000000	0.500000
0.318350	0.379264	0.324417	0.386493	0.104716	0.087849	-0.104716	-0.087849	0.000000	0.500000
0.343551	0.432014	0.350374	0.440594	0.141609	0.112473	-0.141609	-0.112473	0.000000	0.500000
0.366620	0.487342	0.373980	0.497125	0.182312	0.136819	-0.182312	-0.136819	0.000000	0.500000
0.403417	0.528943	0.411518	0.539564	0.171959	0.130879	-0.171959	-0.130879	0.000000	0.500000
0.421139	0.540442	0.429566	0.551256	0.156143	0.121479	-0.156143	-0.121479	0.000000	0.500000
0.412422	0.517330	0.420602	0.527591	0.139854	0.111360	-0.139854	-0.111360	0.000000	0.500000
0.395035	0.482863	0.402742	0.492284	0.121932	0.099672	-0.121932	-0.099672	0.000000	0.500000
0.373965	0.443149	0.381051	0.451546	0.101204	0.085362	-0.101204	-0.085362	0.000000	0.500000
0.352242	0.402902	0.358611	0.410187	0.078495	0.068609	-0.078495	-0.068609	0.000000	0.500000
0.342876	0.379625	0.348729	0.386106	0.058402	0.052743	-0.058402	-0.052743	0.000000	0.500000
0.351574	0.379777	0.357259	0.385918	0.043671	0.040426	-0.043671	-0.040426	0.000000	0.500000
0.391420	0.418948	0.397607	0.425570	0.038276	0.035760	-0.038276	-0.035760	0.000000	0.500000
0.433667	0.456105	0.440200	0.462976	0.028148	0.026763	-0.028148	-0.026763	0.000000	0.500000
0.474733	0.492645	0.481598	0.499769	0.020522	0.019776	-0.020522	-0.019776	0.000000	0.500000
0.463433	0.476117	0.469914	0.482775	0.014884	0.014488	-0.014884	-0.014488	0.000000	0.500000
0.445956	0.453729	0.451979	0.459857	0.009478	0.009315	-0.009478	-0.009315	0.000000	0.500000
0.421937	0.423122	0.427322	0.428521	0.001527	0.001522	-0.001527	-0.001522	0.000000	0.500000
0.410174	0.406165	0.415128	0.411071	-0.005366	-0.005314	0.005366	0.005314	0.000000	0.500000
0.392004	0.384192	0.396511	0.388610	-0.011055	-0.010835	0.011055	0.010835	0.000000	0.500000
0.397336	0.383840	0.401569	0.387929	-0.019112	-0.018462	0.019112	0.018462	0.000000	0.500000
0.425564	0.389112	0.428574	0.391865	-0.050825	-0.046451	0.050825	0.046451	0.000000	0.500000
0.481231	0.416582	0.482645	0.417806	-0.083927	-0.072520	0.083927	0.072520	0.000000	0.500000
0.529458	0.449672	0.530179	0.450284	-0.095823	-0.081167	0.095823	0.081167	0.000000	0.500000
0.539186	0.459240	0.540050	0.459975	-0.094035	-0.079891	0.094035	0.079891	0.000000	0.500000
0.537286	0.460598	0.538436	0.461585	-0.089979	-0.076965	0.089979	0.076965	0.000000	0.500000
0.522070	0.450775	0.523496	0.452006	-0.085519	-0.073698	0.085519	0.073698	0.000000	0.500000
0.487549	0.426038	0.489348	0.427610	-0.078131	-0.068172	0.078131	0.068172	0.000000	0.500000
0.466610	0.412820	0.468781	0.414741	-0.070567	-0.062363	0.070567	0.062363	0.000000	0.500000
0.446479	0.400545	0.449025	0.402828	-0.062158	-0.055720	0.062158	0.055720	0.000000	0.500000
0.430557	0.391772	0.433455	0.394409	-0.053699	-0.048837	0.053699	0.048837	0.000000	0.500000
0.443529	0.392013	0.445560	0.393807	-0.071167	-0.062829	0.071167	0.062829	0.000000	0.500000
0.500423	0.418870	0.500478	0.418917	-0.105027	-0.087609	0.105027	0.087609	0.000000	0.500000
0.554132	0.448293	0.552479	0.446957	-0.126989	-0.102131	0.126989	0.102131	0.000000	0.500000
0.550885	0.451045	0.549857	0.450204	-0.119187	-0.097106	0.119187	0.097106	0.000000	0.500000
0.546532	0.454061	0.546233	0.453812	-0.109793	-0.090861	0.109793	0.090861	0.000000	0.500000
0.540491	0.458312	0.541154	0.458874	-0.096825	-0.081878	0.096825	0.081878	0.000000	0.500000
0.534715	0.462447	0.536245	0.463771	-0.084507	-0.072950	0.084507	0.072950	0.000000	0.500000
0.516306	0.455464	0.518594	0.457481	-0.072333	-0.063733	0.072333	0.063733	0.000000	0.500000
0.484640	0.437363	0.487614	0.440047	-0.058608	-0.052856	0.058608	0.052856	0.000000	0.500000
0.460494	0.424648	0.464023	0.427903	-0.045815	-0.042236	0.045815	0.042236	0.000000	0.500000
0.472410	0.422252	0.474974	0.424544	-0.064371	-0.057487	0.064371	0.057487	0.000000	0.500000
0.486748	0.411989	0.487270	0.412430	-0.097973	-0.082691	0.097973	0.082691	0.000000	0.500000
0.545939	0.437618	0.543833	0.435930	-0.133028	-0.105920	0.133028	0.105920	0.000000	0.500000
0.566782	0.440373	0.562843	0.437313	-0.153815	-0.118311	0.153815	0.118311	0.000000	0.500000
0.561489	0.443867	0.558562	0.441554	-0.142232	-0.111530	0.142232	0.111530	0.000000	0.500000
0.557021	0.446863	0.554916	0.445174	-0.132495	-0.105589	0.132495	0.105589	0.000000	0.500000
0.539163	0.441596	0.538173	0.440785	-0.118970	-0.096965	0.118970	0.096965	0.000000	0.500000
0.490130	0.409536	0.490109	0.409518	-0.106144	-0.088376	0.106144	0.088376	0.000000	0.500000
0.446050	0.381420	0.446912	0.382157	-0.091556	-0.078107	0.091556	0.078107	0.000000	0.500000
0.420172	0.366929	0.421701	0.368265	-0.078520	-0.068467	0.078520	0.068467	0.000000	0.500000
0.407935	0.363581	0.410062	0.365477	-0.066097	-0.058856	0.066097	0.058856	0.000000	0.500000
0.403119	0.365162	0.405702	0.367502	-0.056370	-0.051032	0.056370	0.051032	0.000000	0.500000
0.458294	0.393068	0.459294	0.393925	-0.089684	-0.076750	0.089684	0.076750	0.000000	0.500000
0.517166	0.418807	0.515673	0.417598	-0.126336	-0.101716	0.126336	0.101716	0.000000	0.500000
0.567891	0.439649	0.563734	0.436430	-0.156249	-0.119697	0.156249	0.119697	0.000000	0.500000
0.564271	0.442023	0.560818	0.439318	-0.148315	-0.115130	0.148315	0.115130	0.000000	0.500000
0.554292	0.443469	0.552053	0.441677	-0.134282	-0.106696	0.134282	0.106696	0.000000	0.500000
0.513256	0.421973	0.512492	0.421345	-0.116521	-0.095356	0.116521	0.095356	0.000000	0.500000
0.470357	0.397843	0.470834	0.398246	-0.098405	-0.082995	0.098405	0.082995	0.000000	0.500000
0.448480	0.388426	0.449816	0.389583	-0.083616	-0.072289	0.083616	0.072289	0.000000	0.500000
0.436948	0.385737	0.438908	0.387468	-0.071890	-0.063390	0.071890	0.063390	0.000000	0.500000
0.439145	0.393463	0.441607	0.395669	-0.062925	-0.056334	0.062925	0.056334	0.000000	0.500000
0.445980	0.404169	0.448852	0.406772	-0.056101	-0.050812	0.056101	0.050812	0.000000	0.500000
0.465215	0.414792	0.467653	0.416966	-0.065866	-0.058673	0.065866	0.058673	0.000000	0.500000
0.522585	0.441229	0.523035	0.441609	-0.099533	-0.083789	0.099533	0.083789	0.000000	0.500000
0.558717	0.445720	0.556304	0.443795	-0.136187	-0.107868	0.136187	0.107868	0.000000	0.500000
0.563824	0.442319	0.560456	0.439677	-0.147335	-0.114556	0.147335	0.114556	0.000000	0.500000
0.558716	0.445721	0.556303	0.443796	-0.136185	-0.107867	0.136185	0.107867	0.000000	0.500000
0.549324	0.452122	0.548561	0.451493	-0.115814	-0.094889	0.115814	0.094889	0.000000	0.500000
0.534774	0.453954	0.535479	0.454553	-0.096145	-0.081396	0.096145	0.081396	0.000000	0.500000
0.497732	0.435727	0.499640	0.437397	-0.077016	-0.067325	0.077016	0.067325	0.000000	0.500000
0.480683	0.429017	0.483239	0.431298	-0.065255	-0.058190	0.065255	0.058190	0.000000	0.500000
0.470852	0.426454	0.473864	0.429182	-0.056458	-0.051104	0.056458	0.051104	0.000000	0.500000
0.457681	0.418476	0.460918	0.421436	-0.050828	-0.046454	0.050828	0.046454	0.000000	0.500000
0.472530	0.424946	0.475308	0.427445	-0.060700	-0.054548	0.060700	0.054548	0.000000	0.500000
0.529947	0.451273	0.530786	0.451987	-0.094172	-0.079988	0.094172	0.079988	0.000000	0.500000
0.556504	0.447212	0.554492	0.445595	-0.131372	-0.104890	0.131372	0.104890	0.000000	0.500000
0.569032	0.438907	0.564648	0.435526	-0.158753	-0.121109	0.158753	0.121109	0.000000	0.500000
0.564181	0.442083	0.560744	0.439390	-0.148116	-0.115014	0.148116	0.115014	0.000000	0.500000
0.559255	0.445359	0.556743	0.443359	-0.137359	-0.108585	0.137359	0.108585	0.000000	0.500000
0.553660	0.449144	0.552152	0.447920	-0.125196	-0.100989	0.125196	0.100989	0.000000	0.500000
0.543379	0.448668	0.542781	0.448175	-0.113745	-0.093514	0.113745	0.093514	0.000000	0.500000
0.519324	0.437220	0.519643	0.437489	-0.101347	-0.085059	0.101347	0.085059	0.000000	0.500000
0.503302	0.431918	0.504424	0.432880	-0.089325	-0.076489	0.089325	0.076489	0.000000	0.500000
0.500321	0.426758	0.501183	0.427493	-0.093123	-0.079236	0.093123	0.079236	0.000000	0.500000
0.509283	0.417829	0.508427	0.417127	-0.117875	-0.096247	0.117875	0.096247	0.000000	0.500000
0.566552	0.440524	0.562657	0.437496	-0.153310	-0.118022	0.153310	0.118022	0.000000	0.500000
0.563920	0.442255	0.560534	0.439599	-0.147546	-0.114680	0.147546	0.114680	0.000000	0.500000
0.558939	0.445571	0.556485	0.443615	-0.136671	-0.108164	0.136671	0.108164	0.000000	0.500000
0.548736	0.446687	0.547418	0.445614	-0.122950	-0.099548	0.122950	0.099548	0.000000	0.500000
0.517167	0.428914	0.516803	0.428612	-0.110912	-0.091616	0.110912	0.091616	0.000000	0.500000
0.491268	0.415626	0.491775	0.416056	-0.098258	-0.082892	0.098258	0.082892	0.000000	0.500000
0.469738	0.404976	0.470962	0.406032	-0.086458	-0.074390	0.086458	0.074390	0.000000	0.500000
0.460393	0.404150	0.462257	0.405786	-0.075331	-0.066040	0.075331	0.066040	0.000000	0.500000
0.456648	0.405271	0.458882	0.407253	-0.068670	-0.060882	0.068670	0.060882	0.000000	0.500000
0.478432	0.402094	0.478654	0.402280	-0.102447	-0.085825	0.102447	0.085825	0.000000	0.500000
0.537517	0.427862	0.535080	0.425922	-0.137648	-0.108761	0.137648	0.108761	0.000000	0.500000
0.576564	0.434077	0.570637	0.429614	-0.175344	-0.130106	0.175344	0.130106	0.000000	0.500000
0.575437	0.434792	0.569746	0.430492	-0.172856	-0.128796	0.172856	0.128796	0.000000	0.500000
0.569545	0.438574	0.565060	0.435119	-0.159881	-0.121740	0.159881	0.121740	0.000000	0.500000
0.558385	0.439646	0.555253	0.437180	-0.144907	-0.113124	0.144907	0.113124	0.000000	0.500000
0.533011	0.428477	0.531100	0.426941	-0.131150	-0.104751	0.131150	0.104751	0.000000	0.500000
0.501331	0.412113	0.500578	0.411494	-0.116609	-0.095414	0.116609	0.095414	0.000000	0.500000
0.474207	0.399213	0.474496	0.399456	-0.101383	-0.085084	0.101383	0.085084	0.000000	0.500000
0.478760	0.396107	0.478320	0.395743	-0.112456	-0.092653	0.112456	0.092653	0.000000	0.500000
0.508070	0.398344	0.505005	0.395941	-0.147732	-0.114789	0.147732	0.114789	0.000000	0.500000
0.569466	0.423266	0.562805	0.418315	-0.184268	-0.134693	0.184268	0.134693	0.000000	0.500000
0.589376	0.426151	0.580616	0.419817	-0.203756	-0.144108	0.203756	0.144108	0.000000	0.500000
0.584675	0.429017	0.576984	0.423374	-0.193304	-0.139160	0.193304	0.139160	0.000000	0.500000
0.576995	0.433804	0.570976	0.429279	-0.176296	-0.130604	0.176296	0.130604	0.000000	0.500000
0.559664	0.431590	0.555340	0.428256	-0.158895	-0.121188	0.158895	0.121188	0.000000	0.500000
0.515182	0.408149	0.512607	0.406110	-0.140783	-0.110660	0.140783	0.110660	0.000000	0.500000
0.481910	0.393339	0.480872	0.392491	-0.121214	-0.098426	0.121214	0.098426	0.000000	0.500000
0.507649	0.392715	0.503893	0.389809	-0.156759	-0.119986	0.156759	0.119986	0.000000	0.500000
0.548665	0.402397	0.541417	0.397082	-0.193648	-0.139327	0.193648	0.139327	0.000000	0.500000
0.601964	0.418728	0.590169	0.410523	-0.231873	-0.156264	0.231873	0.156264	0.000000	0.500000
0.605426	0.416752	0.592751	0.408028	-0.239635	-0.159329	0.239635	0.159329	0.000000	0.500000
0.599583	0.420104	0.588381	0.412255	-0.226541	-0.154086	0.226541	0.154086	0.000000	0.500000
0.591976	0.424588	0.582610	0.417870	-0.209549	-0.146749	0.209549	0.146749	0.000000	0.500000
0.567213	0.420238	0.560374	0.415171	-0.186518	-0.135822	0.186518	0.135822	0.000000	0.500000
0.527596	0.405319	0.523312	0.402027	-0.161477	-0.122628	0.161477	0.122628	0.000000	0.500000
0.522313	0.395384	0.517252	0.391553	-0.171579	-0.128118	0.171579	0.128118	0.000000	0.500000
0.526359	0.388160	0.519735	0.383276	-0.189783	-0.137441	0.189783	0.137441	0.000000	0.500000
0.577187	0.419994	0.569037	0.414064	-0.199232	-0.141995	0.199232	0.141995	0.000000	0.500000
0.580308	0.431723	0.573580	0.426717	-0.183624	-0.134368	0.183624	0.134368	0.000000	0.500000
0.573053	0.436313	0.567856	0.432357	-0.167598	-0.125982	0.167598	0.125982	0.000000	0.500000
0.564093	0.438759	0.560235	0.435758	-0.153085	-0.117893	0.153085	0.117893	0.000000	0.500000
0.541142	0.431196	0.538744	0.429284	-0.136960	-0.108341	0.136960	0.108341	0.000000	0.500000
0.515312	0.421363	0.514287	0.420526	-0.120041	-0.097664	0.120041	0.097664	0.000000	0.500000
0.511118	0.400708	0.508031	0.398288	-0.147775	-0.114814	0.147775	0.114814	0.000000	0.500000
0.528562	0.392968	0.522395	0.388383	-0.184081	-0.134599	0.184081	0.134599	0.000000	0.500000
0.582792	0.422702	0.574343	0.416574	-0.201537	-0.143077	0.201537	0.143077	0.000000	0.500000
0.579518	0.432217	0.572960	0.427326	-0.181874	-0.133480	0.181874	0.133480	0.000000	0.500000
0.572637	0.436580	0.567526	0.432683	-0.166683	-0.125486	0.166683	0.125486	0.000000	0.500000
0.564249	0.438786	0.560377	0.435775	-0.153230	-0.117976	0.153230	0.117976	0.000000	0.500000
0.543315	0.431710	0.540757	0.429677	-0.138824	-0.109476	0.138824	0.109476	0.000000	0.500000
0.514314	0.420489	0.513285	0.419648	-0.120130	-0.097722	0.120130	0.097722	0.000000	0.500000
0.552662	0.428252	0.548669	0.425158	-0.155627	-0.119344	0.155627	0.119344	0.000000	0.500000
0.584337	0.429224	0.576722	0.423631	-0.192555	-0.138797	0.192555	0.138797	0.000000	0.500000
0.601542	0.418971	0.589852	0.410830	-0.230926	-0.155882	0.230926	0.155882	0.000000	0.500000
0.598353	0.420820	0.587454	0.413154	-0.223789	-0.152939	0.223789	0.152939	0.000000	0.500000
0.591874	0.424648	0.582532	0.417946	-0.209322	-0.146647	0.209322	0.146647	0.000000	0.500000
0.585349	0.428602	0.577508	0.422860	-0.194803	-0.139884	0.194803	0.139884	0.000000	0.500000
0.578709	0.432725	0.572325	0.427951	-0.180084	-0.132564	0.180084	0.132564	0.000000	0.500000
0.570907	0.437693	0.566147	0.434044	-0.162874	-0.123401	0.162874	0.123401	0.000000	0.500000
0.587484	0.427298	0.579159	0.421243	-0.199546	-0.142143	0.199546	0.142143	0.000000	0.500000
0.604581	0.417232	0.592123	0.408634	-0.237740	-0.158592	0.237740	0.158592	0.000000	0.500000
0.622224	0.407579	0.605013	0.396306	-0.277458	-0.172498	0.277458	0.172498	0.000000	0.500000
0.627612	0.404787	0.608851	0.392687	-0.289637	-0.176125	0.289637	0.176125	0.000000	0.500000
0.618574	0.409513	0.602387	0.398797	-0.269219	-0.169876	0.269219	0.169876	0.000000	0.500000
0.609843	0.414273	0.596019	0.404882	-0.249557	-0.163065	0.249557	0.163065	0.000000	0.500000
0.600936	0.419320	0.589398	0.411269	-0.229571	-0.155331	0.229571	0.155331	0.000000	0.500000
0.563199	0.402983	0.554127	0.396491	-0.211271	-0.147520	0.211271	0.147520	0.000000	0.500000
0.596920	0.405728	0.583435	0.396562	-0.249123	-0.162906	0.249123	0.162906	0.000000	0.500000
0.627184	0.405006	0.608547	0.392972	-0.288669	-0.175848	0.288669	0.175848	0.000000	0.500000
0.645151	0.396227	0.621022	0.381408	-0.329407	-0.185939	0.329407	0.185939	0.000000	0.500000
0.639598	0.398848	0.617222	0.384894	-0.316798	-0.183161	0.316798	0.183161	0.000000	0.500000
0.629497	0.403828	0.610183	0.391437	-0.293903	-0.177326	0.293903	0.177326	0.000000	0.500000
0.600062	0.396452	0.584190	0.385966	-0.270788	-0.170386	0.270788	0.170386	0.000000	0.500000
0.556861	0.378496	0.544280	0.369945	-0.249130	-0.162909	0.249130	0.162909	0.000000	0.500000
0.516324	0.361542	0.506637	0.354759	-0.226998	-0.154276	0.226998	0.154276	0.000000	0.500000
0.580316	0.386182	0.565547	0.376354	-0.265227	-0.168557	0.265227	0.168557	0.000000	0.500000
0.634643	0.401256	0.613789	0.388071	-0.305560	-0.180425	0.305560	0.180425	0.000000	0.500000
0.654096	0.392186	0.627041	0.375964	-0.349749	-0.189780	0.349749	0.189780	0.000000	0.500000
0.672883	0.384455	0.639267	0.365248	-0.392556	-0.195340	0.392556	0.195340	0.000000	0.500000
0.670600	0.385338	0.637812	0.366497	-0.387350	-0.194843	0.387350	0.194843	0.000000	0.500000
0.660887	0.389271	0.631525	0.371976	-0.365211	-0.192178	0.365211	0.192178	0.000000	0.500000
0.651613	0.393285	0.625383	0.377454	-0.344099	-0.188792	0.344099	0.188792	0.000000	0.500000
0.642093	0.397660	0.618935	0.383318	-0.322461	-0.184446	0.322461	0.184446	0.000000	0.500000
0.659620	0.389805	0.630694	0.372711	-0.362324	-0.191765	0.362324	0.191765	0.000000	0.500000
0.672004	0.384793	0.638708	0.365728	-0.390550	-0.195154	0.390550	0.195154	0.000000	0.500000
0.668022	0.386354	0.636158	0.367925	-0.381471	-0.194223	0.381471	0.194223	0.000000	0.500000
0.657380	0.390759	0.629219	0.374020	-0.357224	-0.190996	0.357224	0.190996	0.000000	0.500000
0.648035	0.394900	0.622977	0.379630	-0.335961	-0.187263	0.335961	0.187263	0.000000	0.500000
0.638329	0.399458	0.616347	0.385702	-0.313920	-0.182483	0.313920	0.182483	0.000000	0.500000
0.629054	0.404052	0.609870	0.391730	-0.292901	-0.177048	0.292901	0.177048	0.000000	0.500000
0.625957	0.405636	0.607677	0.393790	-0.285895	-0.175042	0.285895	0.175042	0.000000	0.500000
0.643271	0.397105	0.619741	0.382579	-0.325136	-0.185032	0.325136	0.185032	0.000000	0.500000
0.661325	0.389087	0.631812	0.371724	-0.366208	-0.192318	0.366208	0.192318	0.000000	0.500000
0.679825	0.381869	0.643644	0.361545	-0.408394	-0.196554	0.408394	0.196554	0.000000	0.500000
0.678578	0.382322	0.642863	0.362200	-0.405548	-0.196369	0.405548	0.196369	0.000000	0.500000
0.672499	0.384602	0.639023	0.365457	-0.391681	-0.195260	0.391681	0.195260	0.000000	0.500000
0.661656	0.388949	0.632028	0.371533	-0.366962	-0.192422	0.366962	0.192422	0.000000	0.500000
0.650830	0.393635	0.624858	0.377927	-0.342317	-0.188468	0.342317	0.188468	0.000000	0.500000
0.668247	0.386265	0.636303	0.367800	-0.381984	-0.194279	0.381984	0.194279	0.000000	0.500000
0.685382	0.379908	0.647092	0.358684	-0.421076	-0.197207	0.421076	0.197207	0.000000	0.500000
0.680150	0.381751	0.643847	0.361375	-0.409135	-0.196600	0.409135	0.196600	0.000000	0.500000
0.673154	0.384351	0.639439	0.365101	-0.393173	-0.195396	0.393173	0.195396	0.000000	0.500000
0.666924	0.386793	0.635450	0.368539	-0.378967	-0.193940	0.378967	0.193940	0.000000	0.500000
0.660042	0.389626	0.630971	0.372466	-0.363285	-0.191904	0.363285	0.191904	0.000000	0.500000
0.653481	0.392457	0.626631	0.376332	-0.348348	-0.189541	0.348348	0.189541	0.000000	0.500000
0.667777	0.386452	0.636000	0.368062	-0.380911	-0.194160	0.380911	0.194160	0.000000	0.500000
0.685308	0.379934	0.647046	0.358721	-0.420907	-0.197200	0.420907	0.197200	0.000000	0.500000
0.703309	0.374271	0.657884	0.350098	-0.462004	-0.197448	0.462004	0.197448	0.000000	0.500000
0.718926	0.370257	0.666876	0.343450	-0.497652	-0.195457	0.497652	0.195457	0.000000	0.500000
0.713517	0.371550	0.663804	0.345663	-0.485306	-0.196368	0.485306	0.196368	0.000000	0.500000
0.702552	0.374487	0.657438	0.350440	-0.460274	-0.197494	0.460274	0.197494	0.000000	0.500000
0.708607	0.372813	0.660977	0.347754	-0.474100	-0.196994	0.474100	0.196994	0.000000	0.500000
0.721156	0.369754	0.668128	0.342566	-0.502738	-0.195016	0.502738	0.195016	0.000000	0.500000
0.731213	0.367715	0.673684	0.338785	-0.525678	-0.192563	0.525678	0.192563	0.000000	0.500000
0.738416	0.366487	0.677568	0.336287	-0.542099	-0.190364	0.542099	0.190364	0.000000	0.500000
0.726782	0.368567	0.671256	0.340409	-0.515574	-0.193735	0.515574	0.193735	0.000000	0.500000
0.711398	0.372085	0.662589	0.346556	-0.480470	-0.196662	0.480470	0.196662	0.000000	0.500000
0.697365	0.376021	0.654361	0.352833	-0.448433	-0.197677	0.448433	0.197677	0.000000	0.500000
0.695779	0.376508	0.653412	0.353582	-0.444812	-0.197687	0.444812	0.197687	0.000000	0.500000
0.713886	0.371458	0.664015	0.345509	-0.486149	-0.196314	0.486149	0.196314	0.000000	0.500000
0.712904	0.371703	0.663453	0.345919	-0.483907	-0.196457	0.483907	0.196457	0.000000	0.500000
0.697993	0.375831	0.654736	0.352539	-0.449865	-0.197667	0.449865	0.197667	0.000000	0.500000
0.678916	0.382199	0.643075	0.362022	-0.406319	-0.196420	0.406319	0.196420	0.000000	0.500000
0.668965	0.385980	0.636764	0.367401	-0.383620	-0.194457	0.383620	0.194457	0.000000	0.500000
0.657209	0.390833	0.629106	0.374120	-0.356835	-0.190935	0.356835	0.190935	0.000000	0.500000
0.653678	0.392370	0.626763	0.376214	-0.348798	-0.189618	0.348798	0.189618	0.000000	0.500000
0.647622	0.395088	0.622698	0.379883	-0.335023	-0.187078	0.335023	0.187078	0.000000	0.500000
0.665193	0.387492	0.634331	0.369514	-0.375023	-0.193470	0.375023	0.193470	0.000000	0.500000
0.654200	0.392140	0.627110	0.375902	-0.349984	-0.189820	0.349984	0.189820	0.000000	0.500000
0.642917	0.397271	0.619499	0.382801	-0.324332	-0.184858	0.324332	0.184858	0.000000	0.500000
0.635910	0.400634	0.614671	0.387253	-0.308432	-0.181148	0.308432	0.181148	0.000000	0.500000
0.633813	0.401666	0.613210	0.388610	-0.303679	-0.179943	0.303679	0.179943	0.000000	0.500000
0.630690	0.403225	0.611023	0.390651	-0.296605	-0.178068	0.296605	0.178068	0.000000	0.500000
0.626024	0.405602	0.607725	0.393746	-0.286047	-0.175087	0.286047	0.175087	0.000000	0.500000
0.621296	0.408067	0.604348	0.396936	-0.275364	-0.171845	0.275364	0.171845	0.000000	0.500000
0.622979	0.407183	0.605554	0.395794	-0.279164	-0.173024	0.279164	0.173024	0.000000	0.500000
0.613638	0.412181	0.598802	0.402216	-0.258095	-0.166119	0.258095	0.166119	0.000000	0.500000
0.605182	0.416891	0.592570	0.408203	-0.239088	-0.159117	0.239088	0.159117	0.000000	0.500000
0.598081	0.420979	0.587249	0.413354	-0.223179	-0.152683	0.223179	0.152683	0.000000	0.500000
0.595594	0.422438	0.585366	0.415184	-0.217621	-0.150311	0.217621	0.150311	0.000000	0.500000
0.605477	0.416723	0.592790	0.407991	-0.239751	-0.159374	0.239751	0.159374	0.000000	0.500000
0.606199	0.416315	0.593325	0.407474	-0.241370	-0.159997	0.241370	0.159997	0.000000	0.500000
0.604965	0.417014	0.592409	0.408358	-0.238602	-0.158928	0.238602	0.158928	0.000000	0.500000
0.595829	0.422299	0.585545	0.415010	-0.218148	-0.150538	0.218148	0.150538	0.000000	0.500000
0.586527	0.427881	0.578420	0.421967	-0.197419	-0.141136	0.197419	0.141136	0.000000	0.500000
0.579354	0.432320	0.572832	0.427453	-0.181512	-0.133295	0.181512	0.133295	0.000000	0.500000
0.572615	0.436594	0.567508	0.432700	-0.166634	-0.125460	0.166634	0.125460	0.000000	0.500000
0.575396	0.434818	0.569714	0.430524	-0.172765	-0.128748	0.172765	0.128748	0.000000	0.500000
0.571997	0.436991	0.567016	0.433186	-0.165273	-0.124718	0.165273	0.124718	0.000000	0.500000
0.568123	0.439498	0.563920	0.436246	-0.156758	-0.119985	0.156758	0.119985	0.000000	0.500000
0.563394	0.442603	0.560108	0.440021	-0.146395	-0.114003	0.146395	0.114003	0.000000	0.500000
0.556778	0.447027	0.554716	0.445372	-0.131966	-0.105260	0.131966	0.105260	0.000000	0.500000
0.550567	0.451264	0.549593	0.450466	-0.118499	-0.096656	0.118499	0.096656	0.000000	0.500000
0.544728	0.455322	0.544722	0.455317	-0.105912	-0.088217	0.105912	0.088217	0.000000	0.500000
0.542612	0.456811	0.542943	0.457090	-0.101368	-0.085074	0.101368	0.085074	0.000000	0.500000
0.540218	0.458506	0.540923	0.459104	-0.096241	-0.081464	0.096241	0.081464	0.000000	0.500000
0.537481	0.460458	0.538603	0.461419	-0.090396	-0.077268	0.090396	0.077268	0.000000	0.500000
0.535105	0.462166	0.536578	0.463439	-0.085336	-0.073563	0.085336	0.073563	0.000000	0.500000
0.532438	0.464097	0.534297	0.465717	-0.079674	-0.069339	0.079674	0.069339	0.000000	0.500000
0.528250	0.467158	0.530691	0.469317	-0.070822	-0.062561	0.070822	0.062561	0.000000	0.500000
0.524083	0.470241	0.527077	0.472928	-0.062060	-0.055642	0.062060	0.055642	0.000000	0.500000
0.521925	0.471852	0.525195	0.474808	-0.057543	-0.051990	0.057543	0.051990	0.000000	0.500000
0.521674	0.472040	0.524976	0.475028	-0.057019	-0.051563	0.057019	0.051563	0.000000	0.500000
0.521265	0.472347	0.524618	0.475385	-0.056163	-0.050863	0.056163	0.050863	0.000000	0.500000
0.520664	0.472798	0.524092	0.475911	-0.054909	-0.049834	0.054909	0.049834	0.000000	0.500000
0.519873	0.473393	0.523399	0.476603	-0.053260	-0.048474	0.053260	0.048474	0.000000	0.500000
0.518785	0.474214	0.522444	0.477558	-0.050993	-0.046592	0.050993	0.046592	0.000000	0.500000
0.517258	0.475370	0.521101	0.478901	-0.047819	-0.043930	0.047819	0.043930	0.000000	0.500000
0.516509	0.475938	0.520441	0.479561	-0.046266	-0.042618	0.046266	0.042618	0.000000	0.500000
0.515868	0.476426	0.519875	0.480127	-0.044936	-0.041488	0.044936	0.041488	0.000000	0.500000
0.516951	0.475602	0.520831	0.479171	-0.047183	-0.043394	0.047183	0.043394	0.000000	0.500000
0.518145	0.474697	0.521882	0.478121	-0.049662	-0.045479	0.049662	0.045479	0.000000	0.500000
0.519180	0.473915	0.522791	0.477211	-0.051816	-0.047277	0.051816	0.047277	0.000000	0.500000
0.520086	0.473233	0.523585	0.476418	-0.053702	-0.048840	0.053702	0.048840	0.000000	0.500000
0.520450	0.472959	0.523905	0.476098	-0.054463	-0.049467	0.054463	0.049467	0.000000	0.500000
0.519632	0.473575	0.523188	0.476815	-0.052757	-0.048058	0.052757	0.048058	0.000000	0.500000
0.518794	0.474207	0.522452	0.477550	-0.051012	-0.046607	0.051012	0.046607	0.000000	0.500000
0.517887	0.474892	0.521655	0.478347	-0.049126	-0.045030	0.049126	0.045030	0.000000	0.500000
0.516523	0.475927	0.520453	0.479549	-0.046294	-0.042642	0.046294	0.042642	0.000000	0.500000
0.514264	0.477650	0.518457	0.481544	-0.041618	-0.038645	0.041618	0.038645	0.000000	0.500000
0.512390	0.479087	0.516795	0.483206	-0.037749	-0.035289	0.037749	0.035289	0.000000	0.500000
0.510729	0.480367	0.515317	0.484683	-0.034331	-0.032286	0.034331	0.032286	0.000000	0.500000
0.508619	0.482001	0.513436	0.486565	-0.030004	-0.028431	0.030004	0.028431	0.000000	0.500000
0.507451	0.482910	0.512390	0.487610	-0.027614	-0.026277	0.027614	0.026277	0.000000	0.500000
0.506318	0.483794	0.511374	0.488626	-0.025299	-0.024172	0.025299	0.024172	0.000000	0.500000
0.505402	0.484511	0.510552	0.489448	-0.023433	-0.022463	0.023433	0.022463	0.000000	0.500000
0.505022	0.484809	0.510210	0.489790	-0.022659	-0.021751	0.022659	0.021751	0.000000	0.500000
0.503508	0.486000	0.508847	0.491153	-0.019581	-0.018900	0.019581	0.018900	0.000000	0.500000
0.500715	0.488208	0.506323	0.493677	-0.013927	-0.013579	0.013927	0.013579	0.000000	0.500000
0.498095	0.490296	0.503945	0.496055	-0.008648	-0.008513	0.008648	0.008513	0.000000	0.500000
0.492512	0.494794	0.498844	0.501156	0.002520	0.002508	-0.002520	-0.002508	0.000000	0.500000
0.492673	0.494664	0.498992	0.501008	0.002197	0.002188	-0.002197	-0.002188	0.000000	0.500000
0.493131	0.494292	0.499412	0.500588	0.001280	0.001277	-0.001280	-0.001277	0.000000	0.500000
0.493822	0.493733	0.500045	0.499955	-0.000098	-0.000098	0.000098	0.000098	0.000000	0.500000
0.494066	0.493536	0.500268	0.499732	-0.000584	-0.000584	0.000584	0.000584	0.000000	0.500000
0.494126	0.493487	0.500324	0.499676	-0.000705	-0.000704	0.000705	0.000704	0.000000	0.500000
0.490708	0.496264	0.497185	0.502815	0.006157	0.006088	-0.006157	-0.006088	0.000000	0.500000
0.486688	0.499562	0.493473	0.506527	0.014386	0.014015	-0.014386	-0.014015	0.000000	0.500000
0.475276	0.509132	0.482804	0.517197	0.038771	0.036191	-0.038771	-0.036191	0.000000	0.500000
0.475777	0.508706	0.483276	0.516725	0.037668	0.035228	-0.037668	-0.035228	0.000000	0.500000
0.476899	0.507752	0.484333	0.515667	0.035206	0.033066	-0.035206	-0.033066	0.000000	0.500000
0.478409	0.506475	0.485752	0.514248	0.031920	0.030150	-0.031920	-0.030150	0.000000	0.500000
0.480056	0.505086	0.487297	0.512704	0.028365	0.026959	-0.028365	-0.026959	0.000000	0.500000
0.481910	0.503532	0.489029	0.510971	0.024406	0.023358	-0.024406	-0.023358	0.000000	0.500000
0.481447	0.503919	0.488597	0.511403	0.025391	0.024259	-0.025391	-0.024259	0.000000	0.500000
0.477625	0.507137	0.485016	0.514985	0.033622	0.031665	-0.033622	-0.031665	0.000000	0.500000
0.463297	0.519521	0.471400	0.528607	0.066164	0.058995	-0.066164	-0.058995	0.000000	0.500000
0.464705	0.518281	0.472750	0.527255	0.062843	0.056339	-0.062843	-0.056339	0.000000	0.500000
0.466976	0.516291	0.474925	0.525079	0.057541	0.052039	-0.057541	-0.052039	0.000000	0.500000
0.469452	0.514138	0.477286	0.522717	0.051845	0.047335	-0.051845	-0.047335	0.000000	0.500000
0.471571	0.512307	0.479299	0.520702	0.047036	0.043293	-0.047036	-0.043293	0.000000	0.500000
0.474099	0.510137	0.481693	0.518308	0.041377	0.038453	-0.041377	-0.038453	0.000000	0.500000
0.477365	0.507358	0.484771	0.515229	0.034189	0.032167	-0.034189	-0.032167	0.000000	0.500000
0.474275	0.509987	0.481859	0.518142	0.040987	0.038115	-0.040987	-0.038115	0.000000	0.500000
0.459974	0.522469	0.468198	0.531811	0.074125	0.065245	-0.074125	-0.065245	0.000000	0.500000
0.461340	0.521253	0.469517	0.530491	0.070831	0.062678	-0.070831	-0.062678	0.000000	0.500000
0.463894	0.518995	0.471973	0.528033	0.064752	0.057869	-0.064752	-0.057869	0.000000	0.500000
0.466746	0.516492	0.474705	0.525299	0.058074	0.052475	-0.058074	-0.052475	0.000000	0.500000
0.469359	0.514219	0.477197	0.522806	0.052058	0.047513	-0.052058	-0.047513	0.000000	0.500000
0.472679	0.511354	0.480349	0.519652	0.044546	0.041175	-0.044546	-0.041175	0.000000	0.500000
0.475329	0.509087	0.482854	0.517147	0.038654	0.036089	-0.038654	-0.036089	0.000000	0.500000
0.462178	0.520510	0.470323	0.529684	0.068827	0.061103	-0.068827	-0.061103	0.000000	0.500000
0.456846	0.525271	0.465171	0.534843	0.081769	0.071098	-0.081769	-0.071098	0.000000	0.500000
0.459101	0.523248	0.467355	0.532656	0.076243	0.066881	-0.076243	-0.066881	0.000000	0.500000
0.463105	0.519690	0.471215	0.528791	0.066619	0.059357	-0.066619	-0.059357	0.000000	0.500000
0.466603	0.516617	0.474568	0.525436	0.058406	0.052746	-0.058406	-0.052746	0.000000	0.500000
0.469318	0.514254	0.477158	0.522845	0.052151	0.047590	-0.052151	-0.047590	0.000000	0.500000
0.471518	0.512352	0.479249	0.520753	0.047155	0.043394	-0.047155	-0.043394	0.000000	0.500000
0.474095	0.510140	0.481689	0.518312	0.041386	0.038460	-0.041386	-0.038460	0.000000	0.500000
0.459790	0.522632	0.468022	0.531988	0.074568	0.065588	-0.074568	-0.065588	0.000000	0.500000
0.453634	0.528176	0.462048	0.537972	0.089781	0.077083	-0.089781	-0.077083	0.000000	0.500000
0.455611	0.526385	0.463972	0.536045	0.084831	0.073403	-0.084831	-0.073403	0.000000	0.500000
0.458318	0.523949	0.466598	0.533414	0.078152	0.068346	-0.078152	-0.068346	0.000000	0.500000
0.461512	0.521100	0.469683	0.530325	0.070419	0.062355	-0.070419	-0.062355	0.000000	0.500000
0.465355	0.517710	0.473374	0.526631	0.061317	0.055109	-0.061317	-0.055109	0.000000	0.500000
0.469190	0.514365	0.477036	0.522967	0.052444	0.047835	-0.052444	-0.047835	0.000000	0.500000
0.455036	0.526905	0.463413	0.536605	0.086264	0.074474	-0.086264	-0.074474	0.000000	0.500000
0.441297	0.539621	0.449909	0.550152	0.122198	0.099850	-0.122198	-0.099850	0.000000	0.500000
0.437814	0.542939	0.446442	0.553639	0.131864	0.106224	-0.131864	-0.106224	0.000000	0.500000
0.441298	0.539620	0.449911	0.550151	0.122195	0.099847	-0.122195	-0.099847	0.000000	0.500000
0.444086	0.536993	0.452673	0.547376	0.114628	0.094730	-0.114628	-0.094730	0.000000	0.500000
0.448214	0.533147	0.456743	0.543291	0.103689	0.087125	-0.103689	-0.087125	0.000000	0.500000
0.452647	0.529075	0.461085	0.538937	0.092277	0.078917	-0.092277	-0.078917	0.000000	0.500000
0.456197	0.525856	0.464541	0.535474	0.083375	0.072309	-0.083375	-0.072309	0.000000	0.500000
0.442475	0.538508	0.451078	0.548978	0.118983	0.097689	-0.118983	-0.097689	0.000000	0.500000
0.428664	0.551855	0.437249	0.562907	0.158461	0.122882	-0.158461	-0.122882	0.000000	0.500000
0.426570	0.553940	0.435127	0.565051	0.164813	0.126682	-0.164813	-0.126682	0.000000	0.500000
0.430946	0.549604	0.439553	0.560580	0.151656	0.118738	-0.151656	-0.118738	0.000000	0.500000
0.437049	0.543674	0.445678	0.554408	0.134020	0.107621	-0.134020	-0.107621	0.000000	0.500000
0.443838	0.537225	0.452428	0.547622	0.115295	0.095186	-0.115295	-0.095186	0.000000	0.500000
0.449270	0.532173	0.457779	0.542252	0.100942	0.085175	-0.100942	-0.085175	0.000000	0.500000
0.443623	0.537427	0.452215	0.547836	0.115874	0.095581	-0.115874	-0.095581	0.000000	0.500000
0.430360	0.550180	0.438962	0.561177	0.153393	0.119803	-0.153393	-0.119803	0.000000	0.500000
0.425828	0.554682	0.434374	0.565814	0.167089	0.128027	-0.167089	-0.128027	0.000000	0.500000
0.432174	0.548400	0.440790	0.559333	0.148043	0.116505	-0.148043	-0.116505	0.000000	0.500000
0.434549	0.546086	0.443176	0.556927	0.141146	0.112180	-0.141146	-0.112180	0.000000	0.500000
0.439996	0.540856	0.448616	0.551453	0.125781	0.102234	-0.125781	-0.102234	0.000000	0.500000
0.444827	0.536299	0.453405	0.546641	0.112643	0.093368	-0.112643	-0.093368	0.000000	0.500000
0.431515	0.549045	0.440127	0.560001	0.149976	0.117702	-0.149976	-0.117702	0.000000	0.500000
0.425346	0.555166	0.433884	0.566310	0.168575	0.128902	-0.168575	-0.128902	0.000000	0.500000
0.429687	0.550843	0.438283	0.561863	0.155396	0.121025	-0.155396	-0.121025	0.000000	0.500000
0.435275	0.545384	0.443903	0.556195	0.139064	0.110858	-0.139064	-0.110858	0.000000	0.500000
0.441353	0.539568	0.449965	0.550097	0.122045	0.099748	-0.122045	-0.099748	0.000000	0.500000
0.448724	0.532677	0.457243	0.542790	0.102361	0.086184	-0.102361	-0.086184	0.000000	0.500000
0.453649	0.528163	0.462062	0.537958	0.089744	0.077055	-0.089744	-0.077055	0.000000	0.500000
0.440007	0.540845	0.448627	0.551441	0.125750	0.102213	-0.125750	-0.102213	0.000000	0.500000
0.430587	0.549957	0.439191	0.560946	0.152719	0.119390	-0.152719	-0.119390	0.000000	0.500000
0.436002	0.544681	0.444632	0.555462	0.136988	0.109531	-0.136988	-0.109531	0.000000	0.500000
0.441803	0.539142	0.450412	0.549647	0.120813	0.098922	-0.120813	-0.098922	0.000000	0.500000
0.448177	0.533182	0.456706	0.543328	0.103786	0.087194	-0.103786	-0.087194	0.000000	0.500000
0.440911	0.539987	0.449526	0.550537	0.123257	0.100557	-0.123257	-0.100557	0.000000	0.500000
0.428601	0.551918	0.437185	0.562971	0.158650	0.122996	-0.158650	-0.122996	0.000000	0.500000
0.426401	0.554109	0.434955	0.565226	0.165332	0.126989	-0.165332	-0.126989	0.000000	0.500000
0.431822	0.548744	0.440435	0.559690	0.149076	0.117145	-0.149076	-0.117145	0.000000	0.500000
0.437549	0.543193	0.446178	0.553905	0.132608	0.106707	-0.132608	-0.106707	0.000000	0.500000
0.443449	0.537591	0.452042	0.548009	0.116345	0.095902	-0.116345	-0.095902	0.000000	0.500000
0.434881	0.545764	0.443509	0.556592	0.140192	0.111575	-0.140192	-0.111575	0.000000	0.500000
0.421959	0.558590	0.430432	0.569806	0.179175	0.135036	-0.179175	-0.135036	0.000000	0.500000
0.413709	0.567137	0.421951	0.578436	0.206275	0.149968	-0.206275	-0.149968	0.000000	0.500000
0.418183	0.562465	0.426563	0.573737	0.191348	0.141873	-0.191348	-0.141873	0.000000	0.500000
0.423435	0.557093	0.431938	0.568280	0.174522	0.132365	-0.174522	-0.132365	0.000000	0.500000
0.429160	0.551365	0.437750	0.562401	0.156974	0.121983	-0.156974	-0.121983	0.000000	0.500000
0.436583	0.544121	0.445213	0.554876	0.135337	0.108471	-0.135337	-0.108471	0.000000	0.500000
0.423591	0.556934	0.432098	0.568118	0.174032	0.132081	-0.174032	-0.132081	0.000000	0.500000
0.410948	0.570068	0.419089	0.581361	0.215783	0.154968	-0.215783	-0.154968	0.000000	0.500000
0.408311	0.572904	0.416344	0.584175	0.225088	0.159748	-0.225088	-0.159748	0.000000	0.500000
0.414759	0.566033	0.423036	0.577329	0.202721	0.148069	-0.202721	-0.148069	0.000000	0.500000
0.420561	0.560017	0.429002	0.571258	0.183638	0.137568	-0.183638	-0.137568	0.000000	0.500000
0.426996	0.553514	0.435559	0.564615	0.163513	0.125910	-0.163513	-0.125910	0.000000	0.500000
0.421452	0.559107	0.429914	0.570332	0.180788	0.135954	-0.180788	-0.135954	0.000000	0.500000
0.410255	0.570810	0.418368	0.582099	0.218208	0.156224	-0.218208	-0.156224	0.000000	0.500000
0.408399	0.572808	0.416436	0.584080	0.224771	0.159588	-0.224771	-0.159588	0.000000	0.500000
0.411029	0.569982	0.419173	0.581275	0.215500	0.154821	-0.215500	-0.154821	0.000000	0.500000
0.418357	0.562285	0.426742	0.573555	0.190778	0.141557	-0.190778	-0.141557	0.000000	0.500000
0.425265	0.555247	0.433801	0.566393	0.168826	0.129048	-0.168826	-0.129048	0.000000	0.500000
0.427301	0.553210	0.435868	0.564302	0.162585	0.125356	-0.162585	-0.125356	0.000000	0.500000
0.422178	0.558368	0.430656	0.569580	0.178483	0.134641	-0.178483	-0.134641	0.000000	0.500000
0.421763	0.558790	0.430232	0.570010	0.179799	0.135392	-0.179799	-0.135392	0.000000	0.500000
0.428639	0.551880	0.437223	0.562933	0.158537	0.122928	-0.158537	-0.122928	0.000000	0.500000
0.434762	0.545881	0.443389	0.556713	0.140536	0.111793	-0.140536	-0.111793	0.000000	0.500000
0.441818	0.539128	0.450426	0.549633	0.120773	0.098895	-0.120773	-0.098895	0.000000	0.500000
0.447163	0.534122	0.455708	0.544329	0.106447	0.089066	-0.106447	-0.089066	0.000000	0.500000
0.451493	0.530130	0.459957	0.540068	0.095216	0.081058	-0.095216	-0.081058	0.000000	0.459000
0.458299	0.523966	0.466579	0.533433	0.078200	0.068383	-0.078200	-0.068383	0.000000	0.413100
0.461215	0.521364	0.469396	0.530612	0.071131	0.062913	-0.071131	-0.062913	0.000000	0.371790
0.467080	0.516201	0.475024	0.524980	0.057301	0.051843	-0.057301	-0.051843	0.000000	0.291790
0.473327	0.510798	0.480963	0.519038	0.043097	0.039933	-0.043097	-0.039933	0.000000	0.211790
0.478723	0.506209	0.486047	0.513953	0.031239	0.029542	-0.031239	-0.029542	0.000000	0.134117
0.459995	0.479662	0.466748	0.486705	0.023257	0.022303	-0.023257	-0.022303	0.000000	0.113323
0.423767	0.437446	0.429790	0.443663	0.017556	0.017007	-0.017556	-0.017007	0.000000	0.096791
0.386035	0.396485	0.391429	0.402024	0.014721	0.014333	-0.014721	-0.014333	0.000000	0.083071
0.357857	0.347821	0.361800	0.351653	-0.015686	-0.015246	0.015686	0.015246	0.000000	0.072494
0.337455	0.293814	0.338603	0.294814	-0.080359	-0.069854	0.080359	0.069854	0.000000	0.063265
0.311193	0.243016	0.309190	0.241453	-0.150403	-0.116346	0.150403	0.116346	0.000000	0.055210
0.280144	0.196704	0.274984	0.193082	-0.224978	-0.153437	0.224978	0.153437	0.000000	0.048181
0.245689	0.155759	0.237717	0.150705	-0.303373	-0.179864	0.303373	0.179864	0.000000	0.042473
0.190065	0.126157	0.185160	0.122901	-0.267207	-0.169215	0.267207	0.169215	0.000000	0.037676
0.136259	0.095818	0.133774	0.094071	-0.223884	-0.152979	0.223884	0.152979	0.000000	0.033421
0.083978	0.064873	0.083344	0.064384	-0.157715	-0.120525	0.157715	0.120525	0.000000	0.029646
0.036820	0.030866	0.036829	0.030873	-0.104073	-0.086951	0.104073	0.086951	0.000000	0.026298
-0.006737	-0.005577	-0.006731	-0.005572	-0.112139	-0.092441	0.112139	0.092441	0.000000	0.023326
-0.052052	-0.040824	-0.051740	-0.040579	-0.147515	-0.114662	0.147515	0.114662	0.000000	0.020694
-0.100689	-0.073958	-0.099377	-0.072994	-0.192582	-0.138810	0.192582	0.138810	0.000000	0.018356
-0.153664	-0.104643	-0.150231	-0.102305	-0.247703	-0.162383	0.247703	0.162383	0.000000	0.016283
-0.211997	-0.132813	-0.204733	-0.128262	-0.313006	-0.182265	0.313006	0.182265	0.000000	0.014444
-0.276672	-0.158822	-0.263093	-0.151028	-0.388253	-0.194933	0.388253	0.194933	0.000000	0.012813
-0.348569	-0.183632	-0.325247	-0.171346	-0.472681	-0.197059	0.472681	0.197059	0.000000	0.011365
-0.426974	-0.209141	-0.390097	-0.191078	-0.559381	-0.187674	0.559381	0.187674	0.000000	0.010081
-0.470999	-0.218098	-0.420472	-0.194701	-0.647990	-0.168852	0.647990	0.168852	0.000000	0.008944
-0.494937	-0.220920	-0.430879	-0.192328	-0.738197	-0.144228	0.738197	0.144228	0.000000	0.007934
-0.428945	-0.191464	-0.373429	-0.166684	-0.738197	-0.144228	0.738197	0.144228	0.000000	0.007037
