0.000000
0.200663
0.067948
0.064152
0.072584
0.069802
0.057960
0.058619
0.073865
0.064472
0.069080
0.064458
0.060732
0.074574
0.079059
0.090868
0.075890
0.096699
0.096727
0.109071
0.102978
0.080999
0.085092
0.096262
0.099281
0.105728
0.094430
0.070317
0.099054
0.071185
0.088890
0.071833
0.069990
0.069458
0.094314
0.086059
0.073046
0.067598
0.073559
0.070009
0.073581
0.082435
0.127847
0.110064
0.120163
0.087357
0.090309
0.085144
0.080793
0.080075
0.080683
0.089005
0.087327
0.092323
0.097704
0.079905
0.076925
0.073026
0.083428
0.094067
0.068006
0.060844
0.073963
0.076978
0.095393
0.066903
0.069729
0.084091
0.065053
0.074622
0.068708
0.087679
0.084007
0.076594
0.080408
0.085480
0.078421
0.084445
0.070118
0.073905
0.050035
0.051633
0.052965
0.065531
0.061800
0.059534
0.054233
0.057292
0.067269
0.060760
0.066273
0.066079
0.052477
0.066935
0.071452
0.081259
0.079983
0.072486
0.090558
0.065761
0.058592
0.069084
0.063360
0.077144
0.088560
0.079338
0.071720
0.062168
0.087504
0.065380
0.058949
0.054934
0.055183
0.065762
0.061573
0.091687
0.086521
0.073465
0.058393
0.061916
0.064734
0.064040
0.049846
0.060036
0.062570
0.076557
0.073766
0.067522
0.064925
0.064351
0.062723
0.060081
0.083084
0.059979
0.060100
0.065448
0.053580
0.062018
0.050673
0.063905
0.068547
0.062883
0.087420
0.060663
0.077204
0.071711
0.070563
0.065795
0.067363
0.064179
0.056073
0.061781
0.084896
0.082044
0.072780
0.087010
0.079040
0.073810
0.073230
0.074949
0.060685
0.080623
0.064461
0.064891
0.067347
0.066424
0.085985
0.068822
0.053385
0.065948
0.050000
0.069789
0.048571
0.064767
0.065459
0.063964
0.069482
0.065079
0.078321
0.065723
0.057521
0.078962
0.072554
0.079593
0.081021
0.065382
0.071972
0.081224
0.076582
0.070525
0.073143
0.068353
0.050301
0.058331
0.068603
0.077514
0.078085
0.071560
0.079655
0.070288
0.080243
0.073081
0.071408
0.061864
0.057132
0.078881
0.062819
0.065225
0.074548
0.071330
0.063095
0.065444
0.059731
0.062650
0.063836
0.066744
0.053182
0.057123
0.061893
0.064827
0.076773
0.070666
0.075996
0.068726
0.055553
0.064444
0.070057
0.063477
0.068847
0.082143
0.074599
0.073246
0.066110
0.072234
0.069644
0.066595
0.076764
0.066069
0.064625
0.083751
0.076968
0.065732
0.064317
0.063757
0.080526
0.065684
0.070759
0.072392
0.074348
0.069254
0.064125
0.058607
0.077361
0.067286
0.073853
0.070808
0.067080
0.073333
0.068766
0.104532
0.094470
0.091510
0.084311
0.073723
0.081200
0.080302
0.067206
0.067934
0.072148
0.077497
0.065162
0.063650
0.071144
0.076449
0.068814
0.070479
0.070808
0.070074
0.061751
0.065926
0.067428
0.061687
0.069812
0.091280
0.090370
0.082313
0.088114
0.080764
0.097616
0.082633
0.072522
0.073375
0.072996
0.073693
0.083114
0.095262
0.086519
0.092882
0.093861
0.081891
0.089188
0.106222
0.131016
0.092905
0.085370
0.079488
0.100623
0.096175
0.102132
0.110605
0.136900
0.101899
0.123171
0.121137
0.115578
0.107588
0.100714
0.087806
0.096649
0.101967
0.105773
0.101664
0.094396
0.092519
0.096081
0.097012
0.097156
0.085401
0.088547
0.089387
0.101573
0.093553
0.095368
0.084306
0.103504
0.083677
0.079110
0.092396
0.101942
0.094677
0.075745
0.079937
0.070373
0.068746
0.075824
0.085561
0.081688
0.082216
0.085980
0.076314
0.083069
0.085819
0.097687
0.084038
0.105690
0.084132
0.071520
0.072008
0.079674
0.083700
0.098910
0.084496
0.076134
0.070650
0.075479
0.071388
0.078419
0.064233
0.068863
0.071383
0.069943
0.065304
0.072854
0.068526
0.086935
0.062165
0.066770
0.057823
0.059984
0.079872
0.069237
0.066228
0.072767
0.071759
0.089129
0.079069
0.065880
0.079252
0.067927
0.072560
0.069781
0.069701
0.073059
0.072749
0.089998
0.066849
0.073252
0.073761
0.067779
0.084865
0.078620
0.069950
0.070939
0.078240
0.073527
0.070949
0.071699
0.071345
0.078935
0.064141
0.062833
0.063833
0.076576
0.090904
0.083553
0.071508
0.073592
0.069083
0.088838
0.072298
0.070178
0.081680
0.074882
0.086032
0.070739
0.066668
0.080237
0.063527
0.071209
0.075597
0.076671
0.067834
0.073168
0.078385
0.074666
0.072343
0.075105
0.079829
0.078939
0.079732
0.073823
0.070466
0.083858
0.088748
0.091080
0.089622
0.080362
0.099846
0.085805
0.088953
0.074567
0.082011
0.121279
0.089484
0.078202
0.085634
0.076611
0.089736
0.079177
0.076292
0.073947
0.067848
0.106157
0.095566
0.088940
0.077922
0.094282
0.074867
0.077821
0.069610
0.067061
0.060430
0.073306
0.096389
0.067962
0.059071
0.064825
0.081024
0.073383
0.070220
0.067815
0.068656
0.084372
0.068239
0.069263
0.081095
0.081797
0.089689
0.076682
0.067217
0.058110
0.065722
0.061600
0.075522
0.070721
0.069502
0.067631
0.115342
0.109563
0.113609
0.097995
0.072624
0.089980
0.092831
0.080136
0.085329
0.080923
0.091954
0.078324
0.067604
0.065542
0.107217
0.085597
0.082617
0.082813
0.078630
0.069489
0.063683
0.074978
0.068902
0.073897
0.068254
0.077630
0.067519
0.062565
0.062146
0.052212
0.052689
0.056892
0.058237
0.065466
0.058838
0.072081
0.081457
0.074098
0.052537
0.074679
0.078602
0.063291
0.000555
