0.000000
0.193608
0.086347
0.083057
0.089868
0.092033
0.093075
0.099429
0.085207
0.110750
0.107941
0.103847
0.101231
0.103328
0.125818
0.128413
0.149593
0.142776
0.127502
0.093287
0.137740
0.144217
0.103685
0.130186
0.138626
0.139375
0.088880
0.120905
0.090466
0.090318
0.109759
0.094362
0.074113
0.092383
0.078253
0.076534
0.107934
0.071986
0.084084
0.086336
0.097871
0.086322
0.069797
0.108000
0.095642
0.121816
0.106401
0.123214
0.116576
0.088117
0.094499
0.119896
0.102588
0.101106
0.114631
0.109962
0.083148
0.102547
0.109442
0.095728
0.102390
0.103075
0.103609
0.095838
0.106682
0.108566
0.090960
0.089733
0.107678
0.082540
0.093898
0.099250
0.098591
0.103563
0.085617
0.095958
0.097298
0.105621
0.064810
0.083250
0.096560
0.115361
0.102524
0.111698
0.084539
0.069004
0.116472
0.104607
0.117070
0.103866
0.076378
0.079391
0.103000
0.112348
0.118022
0.107067
0.116531
0.126133
0.120426
0.119334
0.119934
0.117238
0.086824
0.134223
0.141548
0.118240
0.118998
0.087402
0.112779
0.118125
0.125991
0.108404
0.118574
0.133164
0.126069
0.115614
0.111321
0.131195
0.110066
0.111100
0.127247
0.119342
0.132341
0.098282
0.096668
0.092493
0.098031
0.092442
0.108930
0.093547
0.090344
0.095932
0.092655
0.090386
0.099551
0.104836
0.113167
0.132042
0.120903
0.101729
0.142066
0.136080
0.150055
0.140417
0.097105
0.150229
0.138242
0.155057
0.122349
0.167959
0.207113
0.200992
0.197228
0.150886
0.171232
0.187477
0.190385
0.187389
0.171174
0.203547
0.143159
0.126758
0.160491
0.114861
0.118473
0.089315
0.132340
0.136174
0.106871
0.121648
0.104135
0.122810
0.136903
0.112061
0.105677
0.122350
0.118589
0.117186
0.106771
0.087952
0.091138
0.124394
0.115836
0.089945
0.125312
0.118635
0.118306
0.111750
0.133114
0.100772
0.133216
0.128404
0.145255
0.138941
0.143009
0.141686
0.159677
0.174153
0.154200
0.153707
0.165208
0.193498
0.217026
0.191710
0.188791
0.196590
0.211490
0.196970
0.209670
0.204884
0.189651
0.193331
0.189481
0.173678
0.177094
0.175183
0.178917
0.158546
0.163470
0.182503
0.145694
0.152323
0.179291
0.183672
0.172943
0.193893
0.207757
0.191308
0.180060
0.166897
0.159930
0.141425
0.140854
0.129355
0.135812
0.134156
0.127101
0.120954
0.124939
0.119002
0.108227
0.122869
0.081638
0.089910
0.112753
0.083814
0.129617
0.125477
0.091740
0.093598
0.098773
0.086575
0.105071
0.069175
0.094379
0.065028
0.095827
0.101551
0.107992
0.080664
0.113220
0.120110
0.115516
0.120111
0.087184
0.110831
0.119344
0.074674
0.088275
0.106666
0.089963
0.109123
0.104233
0.113504
0.111458
0.107068
0.100474
0.068194
0.093742
0.102804
0.101551
0.107716
0.105324
0.105737
0.114659
0.108998
0.116751
0.109784
0.106083
0.108144
0.104250
0.107436
0.064803
0.103023
0.073653
0.092943
0.082610
0.081576
0.105579
0.105184
0.099689
0.076545
0.105866
0.113921
0.098990
0.111787
0.120755
0.114213
0.082065
0.113335
0.117859
0.087736
0.074404
0.071212
0.072222
0.096405
0.104873
0.103532
0.106714
0.102785
0.091875
0.089078
0.111421
0.101971
0.098638
0.103685
0.110635
0.098375
0.104915
0.079720
0.100346
0.105523
0.117096
0.097233
0.095712
0.088797
0.100388
0.106851
0.089301
0.080611
0.071237
0.090532
0.086829
0.084835
0.096477
0.095163
0.110511
0.105995
0.090084
0.133712
0.107119
0.110263
0.114887
0.108452
0.083198
0.105311
0.108426
0.124600
0.094924
0.066065
0.078150
0.073793
0.068237
0.095587
0.099313
0.002713
