-1.842102	1.620786	1.087362	-0.228892	-17.575534
-1.744410	1.620256	1.086407	-0.228893	-17.576615
-1.729152	1.619736	1.086408	-0.228769	-17.612355
-1.728316	1.613788	1.086348	-0.228703	-17.396806
-1.727493	1.612955	1.086322	-0.228554	-17.394505
-1.726787	1.616724	1.086262	-0.221239	-17.391343
-1.726488	1.619966	1.082888	-0.221107	-17.384558
-1.726228	1.621349	1.082821	-0.221040	-17.374994
-1.725740	1.621169	1.082796	-0.220970	-17.365865
-1.725176	1.620543	1.082772	-0.220814	-17.357725
-1.724574	1.584875	1.082746	-0.220735	-17.350649
-1.723949	1.570011	1.082684	-0.220660	-17.344523
-1.647854	1.569974	1.082648	-0.220518	-17.339185
-1.631210	1.575256	1.082570	-0.220387	-16.774797
-1.631020	1.576035	1.082503	-0.220388	-16.407493
-1.630608	1.572337	1.082504	-0.220251	-16.151488
-1.630254	1.548790	1.082455	-0.220177	-16.146028
-1.629834	1.544837	1.082433	-0.220019	-16.138459
-1.595548	1.547293	1.082377	-0.219869	-16.122533
-1.595210	1.550965	1.082308	-0.219868	-16.116026
-1.594895	1.551753	1.082308	-0.219799	-15.641931
-1.594734	1.549123	1.082270	-0.219733	-15.639342
-1.594437	1.547617	1.082228	-0.219669	-15.628204
-1.593728	1.546855	1.082187	-0.219609	-15.619888
-1.593339	1.542869	1.082150	-0.219547	-15.612713
-1.592956	1.542866	1.082119	-0.219484	-15.607049
-1.592033	1.545043	1.082093	-0.219415	-15.599757
-1.592026	1.549488	1.082069	-0.219339	-15.598022
-1.591858	1.547951	1.082043	-0.219183	-15.590882
-1.591557	1.544938	1.081981	-0.219108	-15.590882
-1.591267	1.544938	1.081945	-0.219108	-15.584009
-1.590163	1.544301	1.081945	-0.218966	-15.567179
-1.590164	1.544056	1.081867	-0.218900	-15.559631
-1.589755	1.543797	1.081830	-0.218834	-15.553667
-1.589343	1.539612	1.081800	-0.218768	-15.545670
-1.588831	1.539888	1.081775	-0.218697	-15.545668
-1.588475	1.542161	1.081753	-0.218545	-15.543279
-1.588308	1.545970	1.081753	-0.218465	-15.542175
-1.588133	1.546754	1.081677	-0.218387	-15.542560
-1.587979	1.543986	1.081644	-0.218244	-15.540357
-1.587685	1.542534	1.081571	-0.218113	-15.535771
-1.586976	1.542534	1.081489	-0.217991	-15.529143
-1.586583	1.541372	1.081451	-0.217991	-15.521138
-1.586590	1.537409	1.081421	-0.217860	-15.514329
-1.585758	1.537826	1.081395	-0.217710	-15.504891
-1.585423	1.540484	1.081326	-0.217710	-15.502108
-1.585257	1.542566	1.081326	-0.217631	-15.502106
-1.585077	1.542563	1.081297	-0.217554	-15.500521
-1.584908	1.542878	1.081264	-0.217480	-15.498110
-1.584908	1.541294	1.081229	-0.217410	-15.493543
-1.584138	1.539494	1.081191	-0.217344	-15.478683
-1.583773	1.538770	1.081150	-0.217218	-15.478685
-1.582973	1.534809	1.081073	-0.217156	-15.456606
-1.582558	1.535229	1.081042	-0.217156	-15.452162
-1.581706	1.537726	1.081044	-0.217093	-15.446549
-1.581514	1.541958	1.081018	-0.216873	-15.445772
-1.581313	1.541960	1.080950	-0.216794	-15.443643
-1.581127	1.540688	1.080921	-0.216642	-15.439853
-1.580679	1.538889	1.080889	-0.216571	-15.433311
-1.580679	1.537540	1.080854	-0.216571	-15.425072
-1.580345	1.536827	1.080816	-0.216439	-15.408337
-1.579979	1.536440	1.080736	-0.216379	-15.408336
-1.579592	1.532019	1.080700	-0.216316	-15.402315
-1.579190	1.532503	1.080670	-0.216184	-15.397770
-1.578783	1.532502	1.080622	-0.216111	-15.394480
-1.577923	1.535050	1.080601	-0.216037	-15.392471
-1.577758	1.539263	1.080580	-0.215881	-15.391908
-1.577556	1.537774	1.080525	-0.215807	-15.389612
-1.577223	1.536090	1.080492	-0.215668	-15.385933
-1.576599	1.534795	1.080417	-0.215605	-15.379753
-1.576237	1.534148	1.080377	-0.215485	-15.362428
-1.575849	1.533287	1.080292	-0.215429	-15.348726
-1.575452	1.533289	1.080254	-0.215308	-15.344166
-1.574535	1.529887	1.080224	-0.215240	-15.340832
-1.574534	1.534457	1.080175	-0.215168	-15.338751
-1.574022	1.535570	1.080155	-0.214936	-15.337697
-1.573645	1.536638	1.080081	-0.214860	-15.337698
-1.573647	1.534936	1.080048	-0.214860	-15.335800
-1.573332	1.533218	1.080048	-0.214657	-15.317192
-1.572734	1.531032	1.080012	-0.214657	-15.317195
-1.572381	1.530705	1.079932	-0.214596	-15.298722
-1.571578	1.530452	1.079891	-0.214421	-15.284930
-1.571163	1.525738	1.079794	-0.214422	-15.280414
-1.570708	1.526107	1.079795	-0.214289	-15.274826
-1.569816	1.531054	1.079772	-0.214215	-15.273736
-1.569627	1.532274	1.079724	-0.214065	-15.274142
-1.569418	1.531703	1.079662	-0.213993	-15.272659
-1.569061	1.529957	1.079626	-0.213925	-15.268855
-1.568903	1.529957	1.079588	-0.213797	-15.262538
-1.567924	1.528582	1.079506	-0.213677	-15.245404
-1.567924	1.527581	1.079438	-0.213547	-15.235827
-1.567534	1.527236	1.079391	-0.213476	-15.217288
-1.566721	1.523198	1.079371	-0.213324	-15.217286
-1.566209	1.525731	1.079324	-0.213246	-15.213920
-1.565864	1.528089	1.079295	-0.213101	-15.210785
-1.565487	1.530533	1.079226	-0.213034	-15.211205
-1.565310	1.527462	1.079188	-0.212911	-15.209369
-1.564859	1.525952	1.079105	-0.212795	-15.199336
-1.564166	1.525221	1.079035	-0.212795	-15.191258
-1.563784	1.524167	1.079036	-0.212736	-15.182400
-1.563390	1.520950	1.079011	-0.212599	-15.164992
-1.562464	1.525773	1.078960	-0.212377	-15.164990
-1.561960	1.526844	1.078900	-0.212378	-15.160507
-1.561557	1.528036	1.078864	-0.212308	-15.160520
-1.561392	1.526167	1.078831	-0.212183	-15.154848
-1.561235	1.522994	1.078778	-0.212118	-15.148556
-1.560623	1.522271	1.078755	-0.211975	-15.131670
-1.559877	1.521538	1.078698	-0.211904	-15.122322
-1.559880	1.521540	1.078664	-0.211770	-15.108808
-1.558563	1.518195	1.078628	-0.211711	-15.101319
-1.558557	1.520406	1.078564	-0.211653	-15.101317
-1.558069	1.524774	1.078538	-0.211592	-15.098811
-1.557877	1.521958	1.078513	-0.211455	-15.098813
-1.557345	1.520681	1.078454	-0.211319	-15.093755
-1.556535	1.516936	1.078383	-0.211319	-15.087425
-1.556083	1.519204	1.078383	-0.211135	-15.080325
-1.555723	1.522540	1.078265	-0.211135	-15.065528
-1.555360	1.522866	1.078267	-0.211015	-15.062730
-1.555186	1.519763	1.078210	-0.210808	-15.059829
-1.554887	1.518247	1.078144	-0.210732	-15.048148
-1.554138	1.514926	1.078118	-0.210584	-15.040546
-1.553686	1.516975	1.078055	-0.210449	-15.034380
-1.553131	1.520441	1.077980	-0.210328	-15.026705
-1.552937	1.520020	1.077897	-0.210273	-15.023862
-1.552780	1.517049	1.077860	-0.210214	-15.020791
-1.552151	1.517051	1.077829	-0.210090	-15.008982
-1.551410	1.512052	1.077779	-0.210021	-15.001279
-1.551409	1.512052	1.077757	-0.209949	-15.001277
-1.550223	1.515452	1.077736	-0.209798	-14.984426
-1.550220	1.519619	1.077682	-0.209655	-14.984427
-1.549837	1.519085	1.077682	-0.209590	-14.981894
-1.549647	1.515883	1.077575	-0.209589	-14.981895
-1.549048	1.513600	1.077574	-0.209528	-14.972089
-1.548376	1.512718	1.077532	-0.209468	-14.964356
-1.547600	1.508994	1.077492	-0.209413	-14.939133
-1.546704	1.509465	1.077455	-0.209355	-14.929451
-1.546383	1.514300	1.077425	-0.209295	-14.924887
-1.546208	1.515300	1.077398	-0.209161	-14.924928
-1.545799	1.516362	1.077355	-0.209087	-14.923661
-1.545633	1.514367	1.077330	-0.208936	-14.920109
-1.545473	1.514367	1.077269	-0.208864	-14.907102
-1.544866	1.510639	1.077235	-0.208796	-14.898396
-1.544865	1.510641	1.077198	-0.208796	-14.889249
-1.543737	1.510279	1.077196	-0.208732	-14.876325
-1.543736	1.509694	1.077157	-0.208670	-14.876324
-1.543334	1.505890	1.077122	-0.208610	-14.869396
-1.542833	1.506346	1.077093	-0.208549	-14.867830
-1.542509	1.508798	1.077067	-0.208484	-14.867830
-1.542334	1.513729	1.077045	-0.208415	-14.867820
-1.542138	1.513563	1.077024	-0.208341	-14.867956
-1.541946	1.510261	1.076999	-0.208266	-14.866703
-1.541514	1.508654	1.076970	-0.208122	-14.857272
-1.540827	1.507848	1.076904	-0.208055	-14.849651
-1.540453	1.507848	1.076867	-0.207991	-14.834478
-1.540080	1.507327	1.076826	-0.207931	-14.825173
-1.540087	1.503660	1.076790	-0.207871	-14.822756
-1.539606	1.504353	1.076760	-0.207811	-14.821787
-1.539300	1.506599	1.076736	-0.207747	-14.821786
-1.539125	1.508971	1.076713	-0.207679	-14.822269
-1.538927	1.511356	1.076692	-0.207609	-14.820528
-1.538754	1.511227	1.076672	-0.207535	-14.816728
-1.538606	1.509815	1.076647	-0.207460	-14.810590
-1.538319	1.506281	1.076618	-0.207389	-14.802883
-1.537998	1.505489	1.076585	-0.207320	-14.794457
-1.537278	1.504973	1.076549	-0.207320	-14.787440
-1.536908	1.501414	1.076549	-0.207195	-14.782181
-1.536441	1.502145	1.076472	-0.207137	-14.776145
-1.536133	1.504792	1.076430	-0.207082	-14.775276
-1.535963	1.506811	1.076393	-0.207024	-14.775669
-1.535767	1.507719	1.076362	-0.206966	-14.774095
-1.535583	1.508831	1.076337	-0.206902	-14.770436
-1.535420	1.508277	1.076315	-0.206834	-14.764600
-1.535271	1.506737	1.076295	-0.206763	-14.757073
-1.534997	1.505024	1.076275	-0.206688	-14.748577
-1.534686	1.503640	1.076250	-0.206688	-14.739924
-1.534341	1.503640	1.076250	-0.206540	-14.732919
-1.533965	1.502542	1.076189	-0.206471	-14.727610
-1.533970	1.501913	1.076154	-0.206406	-14.723823
-1.533165	1.497990	1.076117	-0.206406	-14.721185
-1.532686	1.498544	1.076115	-0.206345	-14.721183
-1.532376	1.501622	1.076076	-0.206232	-14.719986
-1.532197	1.503777	1.076008	-0.206178	-14.720211
-1.531986	1.504773	1.075982	-0.206119	-14.719167
-1.531786	1.505897	1.075959	-0.206055	-14.715780
-1.531620	1.505342	1.075938	-0.206055	-14.710183
-1.531462	1.505343	1.075937	-0.205986	-14.702963
-1.531181	1.502041	1.075912	-0.205915	-14.694553
-1.531181	1.500634	1.075882	-0.205778	-14.685603
-1.530509	1.499931	1.075815	-0.205778	-14.678496
-1.530135	1.499932	1.075814	-0.205714	-14.678494
-1.529763	1.499503	1.075775	-0.205653	-14.669344
-1.529771	1.496497	1.075737	-0.205596	-14.666760
-1.529325	1.498606	1.075702	-0.205478	-14.665598
-1.528864	1.500990	1.075646	-0.205478	-14.665598
-1.528683	1.503217	1.075647	-0.205415	-14.666087
-1.528510	1.503218	1.075624	-0.205347	-14.661309
-1.528354	1.502986	1.075603	-0.205277	-14.655401
-1.528355	1.501449	1.075581	-0.205203	-14.648059
-1.528071	1.498387	1.075556	-0.205059	-14.639884
-1.527751	1.498389	1.075494	-0.205058	-14.639883
-1.527034	1.497603	1.075494	-0.204928	-14.633274
-1.527034	1.496945	1.075421	-0.204928	-14.628337
-1.526666	1.493476	1.075418	-0.204868	-14.622695
-1.526193	1.496595	1.075379	-0.204758	-14.622695
-1.525899	1.496593	1.075312	-0.204704	-14.622185
-1.525541	1.499038	1.075285	-0.204583	-14.622078
-1.525538	1.500098	1.075262	-0.204443	-14.620784
-1.525363	1.501255	1.075185	-0.204373	-14.611555
-1.525199	1.500577	1.075185	-0.204306	-14.611556
-1.525050	1.497114	1.075117	-0.204125	-14.604113
-1.524777	1.497113	1.075003	-0.204125	-14.595756
-1.524116	1.494783	1.075004	-0.204007	-14.587179
-1.524116	1.494784	1.074948	-0.203943	-14.580282
-1.523370	1.494347	1.074926	-0.203875	-14.571568
-1.523377	1.490800	1.074906	-0.203731	-14.571566
-1.522925	1.493699	1.074860	-0.203657	-14.568130
-1.522629	1.495986	1.074831	-0.203518	-14.568131
-1.522251	1.496680	1.074763	-0.203454	-14.568898
-1.522054	1.496680	1.074724	-0.203336	-14.567506
-1.521291	1.493239	1.074649	-0.203227	-14.558726
-1.521292	1.488110	1.074592	-0.203168	-14.551537
-1.520576	1.488110	1.074570	-0.203104	-14.532046
-1.520202	1.491762	1.074549	-0.203038	-14.532044
-1.519439	1.493864	1.074527	-0.202827	-14.528577
-1.519062	1.494868	1.074439	-0.202762	-14.526309
-1.519057	1.495449	1.074403	-0.202700	-14.525093
-1.518714	1.493909	1.074365	-0.202641	-14.516088
-1.518285	1.490477	1.074324	-0.202533	-14.516088
-1.517968	1.489688	1.074257	-0.202479	-14.500636
-1.517625	1.489191	1.074231	-0.202358	-14.485110
-1.516897	1.488756	1.074185	-0.202290	-14.480003
-1.516426	1.491165	1.074160	-0.202219	-14.476455
-1.515767	1.491164	1.074131	-0.202083	-14.473353
-1.515574	1.493388	1.074061	-0.202019	-14.473954
-1.515577	1.489339	1.074024	-0.201904	-14.463869
-1.515261	1.487758	1.073961	-0.201789	-14.456669
-1.514668	1.487031	1.073912	-0.201657	-14.456673
-1.513949	1.486544	1.073864	-0.201390	-14.440140
-1.513580	1.483756	1.073802	-0.201276	-14.428593
-1.513116	1.486182	1.073662	-0.201222	-14.423051
-1.512653	1.490763	1.073638	-0.201029	-14.422408
-1.512459	1.490480	1.073558	-0.200833	-14.422810
-1.512263	1.488959	1.073456	-0.200714	-14.418438
-1.511826	1.486973	1.073403	-0.200516	-14.412974
-1.511505	1.484583	1.073359	-0.200310	-14.406284
-1.511163	1.481889	1.073237	-0.200248	-14.398717
-1.510405	1.484144	1.073197	-0.200017	-14.387702
-1.510118	1.488557	1.073084	-0.199954	-14.384491
-1.509769	1.484963	1.073062	-0.199746	-14.382991
-1.509171	1.482452	1.072975	-0.199561	-14.381257
-1.508521	1.482144	1.072867	-0.199446	-14.371802
-1.507789	1.484946	1.072839	-0.199319	-14.350129
-1.507186	1.477859	1.072770	-0.199108	-14.342429
-1.506756	1.481192	1.072716	-0.198978	-14.341005
-1.505517	1.485081	1.072612	-0.198861	-14.330858
-1.505170	1.482905	1.072550	-0.198803	-14.318470
-1.504866	1.478438	1.072525	-0.198676	-14.309436
-1.504282	1.480720	1.072482	-0.198538	-14.305889
-1.503218	1.482897	1.072461	-0.198399	-14.285032
-1.502776	1.478834	1.072375	-0.198334	-14.274440
-1.502278	1.473009	1.072375	-0.198163	-14.269879
-1.501690	1.473815	1.072226	-0.198052	-14.265506
-1.500342	1.480633	1.072196	-0.197993	-14.245256
-1.500167	1.478711	1.072150	-0.197930	-14.234899
-1.499821	1.474171	1.072128	-0.197798	-14.229948
-1.499074	1.471674	1.072081	-0.197731	-14.226699
-1.497993	1.474066	1.072050	-0.197670	-14.214597
-1.497554	1.477463	1.072013	-0.197563	-14.196150
-1.497370	1.478518	1.071935	-0.197488	-14.191941
-1.497041	1.474072	1.071866	-0.197488	-14.187791
-1.496897	1.474072	1.071867	-0.197422	-14.182659
-1.495984	1.471587	1.071801	-0.197392	-14.175572
-1.495985	1.468119	1.071768	-0.197343	-14.159574
-1.495268	1.469000	1.071691	-0.197319	-14.153172
-1.494376	1.467552	1.071645	-0.197265	-14.145600
-1.493973	1.466199	1.071485	-0.197265	-14.143578
-1.493790	1.463744	1.071486	-0.197250	-14.140520
-1.493327	1.461101	1.071332	-0.197250	-14.130475
-1.492998	1.454137	1.071332	-0.197249	-14.124819
-1.492667	1.453829	1.071228	-0.197254	-14.119170
-1.491985	1.455745	1.071174	-0.197262	-14.114497
-1.491806	1.457226	1.071114	-0.197267	-14.114496
-1.491581	1.457660	1.070981	-0.197292	-14.121260
-1.491365	1.457660	1.070910	-0.197309	-14.122088
-1.490990	1.456531	1.070772	-0.197309	-14.121668
-1.490989	1.454624	1.070772	-0.197372	-14.120019
-1.490161	1.447434	1.070550	-0.197387	-14.114679
-1.489811	1.451450	1.070489	-0.197406	-14.114678
-1.489115	1.451451	1.070410	-0.197471	-14.111227
-1.488933	1.452802	1.070160	-0.197471	-14.113967
-1.488491	1.454064	1.070160	-0.197525	-14.121344
-1.488295	1.453668	1.069999	-0.197582	-14.123221
-1.487922	1.450350	1.069837	-0.197611	-14.124262
-1.487615	1.445695	1.069755	-0.197666	-14.123612
-1.486902	1.447062	1.069579	-0.197691	-14.120064
-1.486652	1.447061	1.069485	-0.197749	-14.120141
-1.486268	1.451809	1.069392	-0.197781	-14.124884
-1.486271	1.451525	1.069209	-0.197846	-14.127817
-1.485639	1.449795	1.069119	-0.197877	-14.130941
-1.485370	1.442786	1.068937	-0.197936	-14.130942
-1.485023	1.442783	1.068840	-0.197970	-14.129696
-1.484191	1.446536	1.068647	-0.198004	-14.129695
-1.484186	1.448024	1.068552	-0.198074	-14.132402
-1.483753	1.449250	1.068365	-0.198110	-14.135864
-1.483351	1.447335	1.068272	-0.198175	-14.141273
-1.483182	1.445296	1.068073	-0.198206	-14.142970
-1.482544	1.440809	1.067970	-0.198310	-14.141336
-1.482187	1.442152	1.067664	-0.198310	-14.141336
-1.481949	1.444072	1.067665	-0.198384	-14.142476
-1.481569	1.446282	1.067468	-0.198421	-14.142476
-1.481358	1.444735	1.067371	-0.198490	-14.148688
-1.480849	1.439371	1.067165	-0.198556	-14.150522
-1.480503	1.440435	1.066950	-0.198594	-14.152108
-1.480264	1.443185	1.066845	-0.198710	-14.152099
-1.479857	1.444626	1.066541	-0.198710	-14.154665
-1.479652	1.442448	1.066541	-0.198787	-14.156616
-1.479284	1.440306	1.066342	-0.198823	-14.159098
-1.478982	1.437125	1.066238	-0.198857	-14.158626
-1.478269	1.437124	1.066131	-0.198924	-14.155892
-1.478034	1.440276	1.065909	-0.198958	-14.156256
-1.477639	1.441723	1.065798	-0.199037	-14.161512
-1.477432	1.441235	1.065690	-0.199077	-14.164504
-1.477033	1.433245	1.065482	-0.199155	-14.167699
-1.476723	1.432839	1.065279	-0.199194	-14.167907
-1.475976	1.434334	1.065177	-0.199270	-14.165657
-1.475537	1.437493	1.064971	-0.199304	-14.166018
-1.475324	1.437740	1.064862	-0.199371	-14.172222
-1.474908	1.438272	1.064637	-0.199405	-14.177085
-1.474721	1.436778	1.064526	-0.199485	-14.178231
-1.474264	1.432670	1.064416	-0.199525	-14.177585
-1.473935	1.428022	1.064205	-0.199605	-14.175665
-1.473569	1.428163	1.064102	-0.199644	-14.173944
-1.472914	1.432404	1.063896	-0.199721	-14.175890
-1.472732	1.433990	1.063687	-0.199756	-14.179218
-1.472297	1.433926	1.063577	-0.199825	-14.188108
-1.471911	1.434469	1.063464	-0.199860	-14.190563
-1.471748	1.433073	1.063350	-0.199900	-14.192334
-1.471293	1.430948	1.063126	-0.199941	-14.189875
-1.470973	1.424721	1.063019	-0.199981	-14.189877
-1.470638	1.424897	1.062913	-0.200062	-14.186527
-1.470030	1.429061	1.062705	-0.200102	-14.188079
-1.469866	1.430341	1.062601	-0.200215	-14.191279
-1.469437	1.430530	1.062280	-0.200215	-14.198732
-1.469235	1.431533	1.062280	-0.200283	-14.200897
-1.468889	1.429664	1.062052	-0.200319	-14.202525
-1.468723	1.427585	1.061938	-0.200400	-14.201872
-1.468118	1.425559	1.061719	-0.200440	-14.198072
-1.467785	1.421407	1.061613	-0.200521	-14.196611
-1.467399	1.423322	1.061404	-0.200561	-14.198397
-1.467180	1.425604	1.061300	-0.200675	-14.201604
-1.466801	1.427219	1.060977	-0.200674	-14.205592
-1.466589	1.427146	1.060977	-0.200743	-14.209108
-1.466207	1.426189	1.060748	-0.200818	-14.212788
-1.466043	1.426191	1.060634	-0.200859	-14.212935
-1.465877	1.422074	1.060415	-0.200899	-14.212316
-1.465274	1.417812	1.060309	-0.200979	-14.208464
-1.464564	1.418020	1.060099	-0.201057	-14.206985
-1.464348	1.422170	1.059887	-0.201092	-14.208723
-1.464184	1.423760	1.059776	-0.201126	-14.215892
-1.463758	1.423693	1.059663	-0.201160	-14.219308
-1.463371	1.422720	1.059550	-0.201239	-14.221386
-1.463213	1.422722	1.059332	-0.201279	-14.222857
-1.463047	1.418585	1.059226	-0.201396	-14.219970
-1.462446	1.414348	1.059121	-0.201395	-14.218030
-1.461740	1.416396	1.058908	-0.201499	-14.216549
-1.461524	1.418667	1.058571	-0.201499	-14.218280
-1.461145	1.420265	1.058571	-0.201579	-14.221412
-1.460935	1.420797	1.058352	-0.201658	-14.228814
-1.460552	1.420799	1.058141	-0.201698	-14.232291
-1.460104	1.417040	1.058036	-0.201738	-14.232336
-1.460103	1.413037	1.057931	-0.201809	-14.231345
-1.459415	1.412659	1.057713	-0.201844	-14.227494
-1.459187	1.416197	1.057598	-0.201912	-14.227493
-1.459012	1.417287	1.057369	-0.201952	-14.232496
-1.458600	1.418099	1.057258	-0.201992	-14.234940
-1.458412	1.416445	1.057149	-0.202072	-14.236545
-1.457940	1.410250	1.057043	-0.202111	-14.237212
-1.457603	1.411792	1.056834	-0.202150	-14.235697
-1.457013	1.414445	1.056730	-0.202226	-14.234155
-1.456837	1.414698	1.056518	-0.202261	-14.235995
-1.456235	1.415693	1.056408	-0.202327	-14.241615
-1.456237	1.413710	1.056179	-0.202361	-14.243323
-1.455898	1.411548	1.056066	-0.202401	-14.243006
-1.455302	1.405234	1.055955	-0.202480	-14.243008
-1.454957	1.405438	1.055741	-0.202519	-14.239600
-1.454367	1.407777	1.055636	-0.202637	-14.241333
-1.454192	1.409724	1.055324	-0.202707	-14.244683
-1.453975	1.411154	1.055107	-0.202741	-14.252397
-1.453764	1.411134	1.054993	-0.202774	-14.254675
-1.453384	1.411696	1.054878	-0.202848	-14.256255
-1.453222	1.410275	1.054765	-0.202887	-14.256332
-1.453057	1.406108	1.054546	-0.202966	-14.255712
-1.452459	1.401883	1.054336	-0.203005	-14.251626
-1.451753	1.402075	1.054232	-0.203044	-14.250002
-1.451542	1.406282	1.054128	-0.203114	-14.251463
-1.451378	1.407549	1.053911	-0.203147	-14.258419
-1.450957	1.407838	1.053797	-0.203218	-14.258421
-1.450757	1.408329	1.053575	-0.203296	-14.263749
-1.450418	1.404779	1.053363	-0.203336	-14.265056
-1.449974	1.402727	1.053258	-0.203411	-14.263839
-1.449334	1.398515	1.053047	-0.203410	-14.259774
-1.448962	1.400577	1.053047	-0.203478	-14.258317
-1.448751	1.404160	1.052823	-0.203549	-14.262697
-1.448375	1.404499	1.052601	-0.203627	-14.266705
-1.448167	1.405594	1.052601	-0.203666	-14.270029
-1.447788	1.403543	1.052284	-0.203741	-14.273348
-1.447626	1.401340	1.052180	-0.203774	-14.273285
-1.447021	1.396946	1.051963	-0.203775	-14.270080
-1.446666	1.400620	1.051962	-0.203878	-14.268150
-1.446272	1.401524	1.051738	-0.203916	-14.269646
-1.446269	1.402258	1.051521	-0.203994	-14.269645
-1.445670	1.402259	1.051416	-0.204033	-14.276854
-1.445498	1.398485	1.051207	-0.204032	-14.276854
-1.445203	1.394436	1.051207	-0.204134	-14.276123
-1.444510	1.394432	1.050878	-0.204167	-14.274344
-1.444116	1.399069	1.050765	-0.204243	-14.274333
-1.444112	1.400300	1.050656	-0.204281	-14.278928
-1.443524	1.398005	1.050444	-0.204320	-14.283082
-1.443353	1.398007	1.050340	-0.204393	-14.283082
-1.442721	1.392154	1.050129	-0.204426	-14.282135
-1.442730	1.393797	1.050019	-0.204491	-14.280418
-1.442153	1.395557	1.049907	-0.204528	-14.280442
-1.441764	1.397571	1.049686	-0.204566	-14.282185
-1.441566	1.397573	1.049579	-0.204605	-14.287599
-1.441212	1.393346	1.049474	-0.204681	-14.290036
-1.441212	1.389461	1.049266	-0.204715	-14.289892
-1.440227	1.389219	1.049160	-0.204813	-14.286659
-1.440011	1.392955	1.048916	-0.204813	-14.286658
-1.439832	1.393702	1.048826	-0.204888	-14.288438
-1.439620	1.394988	1.048717	-0.204926	-14.293982
-1.439239	1.392766	1.048506	-0.204964	-14.295620
-1.439067	1.390708	1.048402	-0.205036	-14.296422
-1.438436	1.386729	1.048192	-0.205070	-14.294660
-1.438089	1.388670	1.048082	-0.205102	-14.292954
-1.437873	1.390441	1.047970	-0.205209	-14.294667
-1.437485	1.392446	1.047643	-0.205209	-14.297575
-1.437288	1.391981	1.047643	-0.205247	-14.300138
-1.436937	1.388166	1.047538	-0.205322	-14.302495
-1.436646	1.384376	1.047331	-0.205390	-14.302330
-1.435899	1.384145	1.047225	-0.205421	-14.298980
-1.435744	1.387809	1.047004	-0.205490	-14.298957
-1.435571	1.388683	1.046893	-0.205528	-14.303529
-1.435163	1.389509	1.046677	-0.205603	-14.306081
-1.434978	1.387914	1.046573	-0.205640	-14.307668
-1.434805	1.385684	1.046366	-0.205678	-14.308408
-1.434182	1.381722	1.046264	-0.205746	-14.306613
-1.433825	1.383082	1.046048	-0.205778	-14.304770
-1.433603	1.385235	1.045936	-0.205841	-14.306249
-1.433213	1.387650	1.045710	-0.205879	-14.309154
-1.433026	1.387071	1.045601	-0.205954	-14.311818
-1.432672	1.383214	1.045390	-0.205992	-14.314208
-1.432382	1.379325	1.045286	-0.206100	-14.314024
-1.431702	1.380660	1.044976	-0.206100	-14.310558
-1.431484	1.382766	1.044976	-0.206163	-14.310455
-1.431102	1.384056	1.044867	-0.206230	-14.312078
-1.430902	1.385097	1.044536	-0.206230	-14.317483
-1.430527	1.383033	1.044537	-0.206267	-14.319102
-1.430368	1.380840	1.044431	-0.206341	-14.319663
-1.429786	1.374753	1.044224	-0.206378	-14.317984
-1.429447	1.374931	1.044121	-0.206475	-14.313578
-1.429082	1.379266	1.043795	-0.206475	-14.314673
-1.428705	1.380519	1.043794	-0.206543	-14.317809
-1.428295	1.381252	1.043576	-0.206580	-14.321957
-1.428095	1.381253	1.043470	-0.206653	-14.327367
-1.427480	1.379728	1.043263	-0.206689	-14.328369
-1.427480	1.373209	1.043160	-0.206786	-14.327347
-1.427168	1.373207	1.042835	-0.206818	-14.325105
-1.426814	1.374838	1.042834	-0.206854	-14.322563
-1.426418	1.377975	1.042616	-0.206890	-14.324013
-1.426206	1.379365	1.042510	-0.206963	-14.326995
-1.425831	1.374870	1.042304	-0.206999	-14.330978
-1.425668	1.374873	1.042201	-0.207065	-14.331665
-1.425387	1.370680	1.042096	-0.207096	-14.331303
-1.424719	1.372366	1.041876	-0.207162	-14.327549
-1.424504	1.375631	1.041658	-0.207199	-14.327366
-1.424130	1.377056	1.041552	-0.207270	-14.332008
-1.423935	1.372493	1.041346	-0.207304	-14.334561
-1.423592	1.372495	1.041241	-0.207366	-14.336975
-1.422644	1.368294	1.041021	-0.207396	-14.336163
-1.422646	1.369982	1.040911	-0.207467	-14.332509
-1.422257	1.373232	1.040697	-0.207503	-14.336932
-1.422059	1.374661	1.040594	-0.207575	-14.336933
-1.421864	1.374057	1.040391	-0.207611	-14.341115
-1.421523	1.370091	1.040290	-0.207675	-14.341931
-1.421242	1.366066	1.040185	-0.207705	-14.341088
-1.420579	1.367542	1.039967	-0.207734	-14.337381
-1.420365	1.369684	1.039858	-0.207804	-14.337176
-1.419994	1.371579	1.039645	-0.207875	-14.341718
-1.419798	1.369913	1.039439	-0.207908	-14.344276
-1.419315	1.363386	1.039334	-0.207908	-14.346692
-1.418987	1.365069	1.039334	-0.207970	-14.345841
-1.418387	1.367295	1.039115	-0.207999	-14.344300
-1.418200	1.368704	1.039005	-0.208070	-14.345908
-1.417794	1.369742	1.038793	-0.208142	-14.352884
-1.417601	1.369174	1.038588	-0.208177	-14.354845
-1.417266	1.365453	1.038487	-0.208246	-14.354593
-1.416995	1.361360	1.038281	-0.208277	-14.352818
-1.416348	1.361072	1.038173	-0.208336	-14.347945
-1.416134	1.362706	1.038173	-0.208366	-14.347379
-1.415956	1.366687	1.037841	-0.208438	-14.348589
-1.415757	1.366688	1.037733	-0.208473	-14.353722
-1.415092	1.362644	1.037525	-0.208509	-14.355321
-1.415095	1.358747	1.037423	-0.208612	-14.355589
-1.414770	1.360392	1.037117	-0.208642	-14.353358
-1.414196	1.362572	1.037010	-0.208671	-14.353357
-1.414011	1.363954	1.036900	-0.208700	-14.354915
-1.413606	1.364402	1.036791	-0.208769	-14.361365
-1.413238	1.362894	1.036580	-0.208804	-14.363200
-1.413081	1.362895	1.036477	-0.208875	-14.363022
-1.412506	1.354688	1.036375	-0.208938	-14.358782
-1.412518	1.354757	1.036062	-0.208938	-14.356460
-1.411620	1.359161	1.036062	-0.208968	-14.357140
-1.411455	1.360414	1.035952	-0.208997	-14.357140
-1.411046	1.361147	1.035842	-0.209102	-14.367307
-1.410855	1.359628	1.035528	-0.209138	-14.369263
-1.410250	1.357367	1.035528	-0.209173	-14.369984
-1.409942	1.353381	1.035325	-0.209237	-14.368534
-1.409604	1.353162	1.035113	-0.209296	-14.366188
-1.409390	1.356923	1.034894	-0.209330	-14.364726
-1.409212	1.357998	1.034787	-0.209400	-14.364725
-1.408814	1.357142	1.034580	-0.209467	-14.369851
-1.408637	1.357144	1.034478	-0.209498	-14.371456
-1.407890	1.354847	1.034267	-0.209555	-14.370730
-1.407897	1.350837	1.034157	-0.209590	-14.368872
-1.407549	1.354556	1.033941	-0.209624	-14.366908
-1.407338	1.354554	1.033837	-0.209694	-14.368238
-1.406772	1.356976	1.033735	-0.209763	-14.371224
-1.406774	1.354814	1.033433	-0.209795	-14.373713
-1.406437	1.352506	1.033330	-0.209824	-14.376017
-1.405846	1.348350	1.033330	-0.209853	-14.375085
-1.405853	1.352242	1.033114	-0.209909	-14.373242
-1.405123	1.354373	1.032893	-0.209944	-14.372629
-1.404736	1.352422	1.032787	-0.210013	-14.372628
-1.404551	1.350112	1.032683	-0.210048	-14.379645
-1.403932	1.345841	1.032480	-0.210082	-14.380304
-1.403564	1.347697	1.032380	-0.210147	-14.377652
-1.403155	1.349908	1.032176	-0.210177	-14.379036
-1.402952	1.352302	1.032070	-0.210233	-14.382850
-1.402755	1.351782	1.031853	-0.210266	-14.385803
-1.402230	1.351783	1.031747	-0.210334	-14.388101
-1.401962	1.348097	1.031541	-0.210369	-14.387222
-1.401964	1.342367	1.031440	-0.210435	-14.385329
-1.401342	1.342437	1.031236	-0.210465	-14.380263
-1.400793	1.344727	1.031129	-0.210522	-14.379589
-1.400623	1.347810	1.030911	-0.210556	-14.383347
-1.400416	1.348097	1.030805	-0.210625	-14.390220
-1.400217	1.348583	1.030599	-0.210694	-14.390221
-1.399848	1.347086	1.030498	-0.210694	-14.393048
-1.399426	1.340813	1.030398	-0.210725	-14.392602
-1.399126	1.340553	1.030294	-0.210812	-14.388614
-1.398574	1.344370	1.029970	-0.210812	-14.385708
-1.398397	1.345477	1.029970	-0.210879	-14.386915
-1.398000	1.346900	1.029760	-0.210914	-14.392065
-1.397825	1.344633	1.029659	-0.210948	-14.393655
-1.397668	1.338333	1.029558	-0.211013	-14.393905
-1.397092	1.338171	1.029355	-0.211042	-14.391061
-1.396541	1.342110	1.029248	-0.211126	-14.389050
-1.396538	1.343088	1.028919	-0.211126	-14.390277
-1.395963	1.344399	1.028919	-0.211161	-14.395750
-1.395789	1.343822	1.028813	-0.211195	-14.395751
-1.395631	1.336116	1.028709	-0.211263	-14.397409
-1.395360	1.336115	1.028508	-0.211263	-14.395473
-1.395057	1.338076	1.028508	-0.211329	-14.393387
-1.394504	1.339842	1.028310	-0.211362	-14.393043
-1.394331	1.340815	1.028211	-0.211393	-14.394458
-1.393931	1.342201	1.028109	-0.211447	-14.399771
-1.393756	1.340006	1.028109	-0.211473	-14.401353
-1.393599	1.337720	1.027785	-0.211535	-14.401179
-1.393019	1.331681	1.027677	-0.211568	-14.399166
-1.392678	1.331937	1.027468	-0.211602	-14.396999
-1.392095	1.334378	1.027367	-0.211670	-14.397965
-1.391919	1.337592	1.027167	-0.211704	-14.400750
-1.391714	1.337591	1.027068	-0.211703	-14.408812
-1.391321	1.337787	1.027068	-0.211789	-14.410829
-1.391322	1.338700	1.026752	-0.211816	-14.411807
-1.391001	1.338158	1.026642	-0.211844	-14.410120
-1.390843	1.338159	1.026533	-0.211912	-14.410120
-1.390575	1.332607	1.026324	-0.211980	-14.404946
-1.390575	1.329003	1.026223	-0.212014	-14.402788
-1.389617	1.331412	1.026024	-0.212048	-14.402359
-1.389430	1.333452	1.025925	-0.212112	-14.402356
-1.389057	1.334629	1.025724	-0.212140	-14.409337
-1.388862	1.335725	1.025619	-0.212167	-14.412226
-1.388860	1.335726	1.025511	-0.212222	-14.413707
-1.388339	1.331655	1.025292	-0.212222	-14.413845
-1.388340	1.329503	1.025293	-0.212290	-14.413845
-1.387778	1.325868	1.025084	-0.212358	-14.409787
-1.387104	1.326065	1.024883	-0.212392	-14.407401
-1.386919	1.330505	1.024784	-0.212392	-14.407948
-1.386753	1.331686	1.024784	-0.212456	-14.414653
-1.386351	1.331738	1.024582	-0.212485	-14.417888
-1.385977	1.332687	1.024477	-0.212513	-14.419703
-1.385832	1.330540	1.024368	-0.212568	-14.420208
-1.385675	1.328583	1.024258	-0.212602	-14.418626
-1.385110	1.323053	1.024044	-0.212635	-14.413798
-1.384800	1.323051	1.023941	-0.212703	-14.411802
-1.384272	1.323193	1.023741	-0.212736	-14.412717
-1.384267	1.328505	1.023642	-0.212800	-14.415089
-1.384104	1.328824	1.023441	-0.212828	-14.418857
-1.383520	1.328822	1.023336	-0.212882	-14.421808
-1.383344	1.329257	1.023121	-0.212914	-14.423345
-1.383344	1.327807	1.023017	-0.212947	-14.424106
-1.383189	1.325643	1.022914	-0.213013	-14.419460
-1.382626	1.323412	1.022814	-0.213044	-14.419461
-1.382305	1.319928	1.022611	-0.213072	-14.417063
-1.381945	1.321988	1.022505	-0.213164	-14.416488
-1.381586	1.325728	1.022193	-0.213164	-14.420442
-1.381384	1.326094	1.022194	-0.213197	-14.424270
-1.381188	1.327069	1.022094	-0.213260	-14.427671
-1.380823	1.324977	1.021994	-0.213289	-14.430518
-1.380671	1.318722	1.021786	-0.213316	-14.430016
-1.380111	1.318480	1.021678	-0.213408	-14.425917
-1.379570	1.320581	1.021364	-0.213408	-14.423468
-1.379570	1.322242	1.021364	-0.213441	-14.423896
-1.379202	1.323928	1.021263	-0.213537	-14.428869
-1.379016	1.322316	1.020962	-0.213537	-14.428869
-1.378552	1.319177	1.020962	-0.213592	-14.431093
-1.378233	1.319175	1.020749	-0.213619	-14.429924
-1.378000	1.320966	1.020642	-0.213651	-14.428225
-1.377628	1.322903	1.020537	-0.213717	-14.429456
-1.377451	1.320694	1.020334	-0.213749	-14.431449
-1.377288	1.318340	1.020235	-0.213841	-14.432279
-1.376695	1.314437	1.019929	-0.213841	-14.430612
-1.376355	1.316063	1.019929	-0.213868	-14.428647
-1.376156	1.318338	1.019821	-0.213921	-14.429825
-1.375777	1.320242	1.019604	-0.213987	-14.432632
-1.375594	1.320243	1.019396	-0.213987	-14.435107
-1.374988	1.318615	1.019396	-0.214053	-14.437198
-1.374986	1.312451	1.019197	-0.214118	-14.436630
-1.374677	1.312338	1.019001	-0.214150	-14.434744
-1.374135	1.316281	1.018904	-0.214179	-14.432156
-1.373958	1.317394	1.018803	-0.214232	-14.433505
-1.373572	1.316553	1.018592	-0.214258	-14.438625
-1.373399	1.316554	1.018483	-0.214284	-14.440214
-1.373244	1.314258	1.018376	-0.214317	-14.439591
-1.372675	1.312059	1.018271	-0.214349	-14.437527
-1.372338	1.310653	1.018169	-0.214447	-14.435304
-1.371964	1.310651	1.017872	-0.214446	-14.436076
-1.371382	1.313128	1.017872	-0.214504	-14.438821
-1.371382	1.314669	1.017770	-0.214530	-14.443522
-1.371181	1.315570	1.017559	-0.214556	-14.449525
-1.370682	1.315571	1.017453	-0.214619	-14.449526
-1.370527	1.311351	1.017247	-0.214652	-14.448868
-1.370526	1.309279	1.017147	-0.214716	-14.447592
-1.369661	1.305681	1.017049	-0.214746	-14.439964
-1.369322	1.305852	1.016849	-0.214773	-14.439963
-1.369136	1.307823	1.016745	-0.214800	-14.442504
-1.368972	1.312798	1.016638	-0.214857	-14.446107
-1.368770	1.312799	1.016532	-0.214889	-14.446109
-1.368246	1.312175	1.016326	-0.214921	-14.450425
-1.368247	1.308339	1.016226	-0.214986	-14.450957
-1.367973	1.304498	1.016029	-0.215015	-14.450385
-1.367326	1.306197	1.015928	-0.215095	-14.446235
-1.367121	1.308322	1.015610	-0.215095	-14.445720
-1.366945	1.309374	1.015611	-0.215127	-14.449379
-1.366558	1.310137	1.015506	-0.215158	-14.451834
-1.366384	1.308525	1.015405	-0.215190	-14.453401
-1.365961	1.306248	1.015305	-0.215251	-14.452939
-1.365658	1.302294	1.015206	-0.215279	-14.450778
-1.365322	1.303996	1.015105	-0.215305	-14.448409
-1.365119	1.306113	1.014893	-0.215362	-14.449004
-1.364750	1.308661	1.014787	-0.215393	-14.451587
-1.364561	1.308077	1.014582	-0.215489	-14.453965
-1.364236	1.300174	1.014287	-0.215521	-14.455485
-1.363973	1.300173	1.014190	-0.215550	-14.454710
-1.363676	1.300074	1.014089	-0.215576	-14.452598
-1.363135	1.302296	1.013985	-0.215601	-14.449801
-1.362961	1.304067	1.013879	-0.215626	-14.451035
-1.362760	1.306069	1.013771	-0.215652	-14.456123
-1.362573	1.305700	1.013664	-0.215683	-14.457630
-1.362394	1.301833	1.013560	-0.215715	-14.457850
-1.362110	1.297783	1.013458	-0.215779	-14.456988
-1.361438	1.299760	1.013261	-0.215779	-14.455050
-1.361226	1.303090	1.013261	-0.215871	-14.454768
-1.360845	1.304304	1.012965	-0.215898	-14.455960
-1.360472	1.303709	1.012862	-0.215922	-14.462364
-1.360147	1.302037	1.012756	-0.215947	-14.464101
-1.359888	1.299998	1.012648	-0.215973	-14.461061
-1.359600	1.297968	1.012541	-0.216036	-14.455657
-1.359288	1.294510	1.012336	-0.216099	-14.454848
-1.358949	1.294709	1.012139	-0.216131	-14.455697
-1.358772	1.297057	1.012042	-0.216191	-14.458130
-1.358605	1.300038	1.011844	-0.216217	-14.461657
-1.358404	1.300037	1.011741	-0.216266	-14.464668
-1.358029	1.301444	1.011527	-0.216292	-14.466365
-1.358030	1.299240	1.011421	-0.216323	-14.467076
-1.357706	1.297191	1.011421	-0.216386	-14.467076
-1.357160	1.295154	1.011117	-0.216418	-14.464636
-1.356846	1.291700	1.011020	-0.216449	-14.459648
-1.356505	1.293906	1.010923	-0.216509	-14.459890
-1.356325	1.297448	1.010826	-0.216535	-14.462415
-1.355965	1.297793	1.010623	-0.216559	-14.465920
-1.355774	1.298207	1.010517	-0.216609	-14.468988
-1.355419	1.296516	1.010303	-0.216640	-14.471383
-1.355269	1.294459	1.010199	-0.216703	-14.470640
-1.354725	1.288956	1.010000	-0.216703	-14.466262
-1.354411	1.288954	1.010000	-0.216766	-14.463738
-1.353896	1.293519	1.009806	-0.216825	-14.463919
-1.353891	1.294639	1.009609	-0.216851	-14.466422
-1.353339	1.294950	1.009506	-0.216875	-14.472968
-1.353159	1.295954	1.009401	-0.216876	-14.472968
-1.352992	1.293723	1.009400	-0.216955	-14.474722
-1.352841	1.291686	1.009084	-0.216987	-14.472838
-1.352296	1.286188	1.008983	-0.217049	-14.470298
-1.351987	1.286396	1.008787	-0.217081	-14.467852
-1.351651	1.288765	1.008691	-0.217112	-14.468138
-1.351310	1.290827	1.008594	-0.217166	-14.470570
-1.351110	1.292127	1.008392	-0.217189	-14.474134
-1.350919	1.292662	1.008287	-0.217214	-14.478838
-1.350572	1.290973	1.008179	-0.217269	-14.479522
-1.350422	1.288946	1.007970	-0.217300	-14.478823
-1.349878	1.288948	1.007870	-0.217331	-14.474457
-1.349568	1.283633	1.007772	-0.217394	-14.472001
-1.349577	1.286016	1.007578	-0.217425	-14.472268
-1.348893	1.288095	1.007481	-0.217479	-14.474694
-1.348693	1.289412	1.007279	-0.217479	-14.474694
-1.348503	1.290464	1.007279	-0.217557	-14.481251
-1.348154	1.288256	1.006967	-0.217587	-14.483678
-1.348004	1.286231	1.006867	-0.217618	-14.482989
-1.347461	1.284217	1.006769	-0.217677	-14.481152
-1.347151	1.280983	1.006571	-0.217677	-14.476150
-1.346815	1.283009	1.006571	-0.217728	-14.475478
-1.346476	1.285467	1.006468	-0.217752	-14.478834
-1.346279	1.286893	1.006258	-0.217782	-14.482353
-1.346090	1.287890	1.006155	-0.217812	-14.482354
-1.345739	1.285634	1.006055	-0.217874	-14.487686
-1.345589	1.285636	1.005860	-0.217905	-14.486939
-1.345333	1.283608	1.005764	-0.217958	-14.485068
-1.345052	1.281467	1.005561	-0.217983	-14.479978
-1.344742	1.283570	1.005456	-0.218007	-14.479259
-1.344212	1.285452	1.005351	-0.218037	-14.480138
-1.344030	1.284899	1.005249	-0.218098	-14.482561
-1.343872	1.282999	1.005051	-0.218128	-14.486283
-1.343601	1.277199	1.004954	-0.218187	-14.484563
-1.343296	1.277250	1.004857	-0.218213	-14.482654
-1.342772	1.279174	1.004655	-0.218237	-14.482403
-1.342599	1.282428	1.004549	-0.218291	-14.483805
-1.342401	1.283745	1.004343	-0.218351	-14.486410
-1.342047	1.281463	1.004145	-0.218351	-14.490535
-1.341891	1.279171	1.004145	-0.218412	-14.490651
-1.341321	1.275298	1.003951	-0.218465	-14.489920
-1.340998	1.275320	1.003749	-0.218490	-14.485211
-1.340801	1.279313	1.003643	-0.218513	-14.485510
-1.340624	1.280437	1.003536	-0.218568	-14.487908
-1.340247	1.281649	1.003327	-0.218599	-14.487909
-1.340080	1.279436	1.003228	-0.218629	-14.491654
-1.339929	1.277125	1.003130	-0.218659	-14.490515
-1.339672	1.273171	1.003033	-0.218719	-14.488234
-1.339054	1.277122	1.002842	-0.218771	-14.485831
-1.338862	1.277121	1.002641	-0.218771	-14.485160
-1.338307	1.277119	1.002641	-0.218840	-14.488903
-1.338309	1.277357	1.002325	-0.218840	-14.491172
-1.338310	1.275005	1.002326	-0.218870	-14.492061
-1.337445	1.272773	1.002224	-0.218929	-14.492064
-1.337446	1.269520	1.002027	-0.218959	-14.492065
-1.336768	1.269518	1.001930	-0.219018	-14.487611
-1.336413	1.274248	1.001835	-0.219045	-14.487610
-1.336408	1.275514	1.001641	-0.219070	-14.494436
-1.336021	1.276941	1.001539	-0.219116	-14.499594
-1.335840	1.274699	1.001331	-0.219145	-14.499594
-1.335669	1.274700	1.001229	-0.219203	-14.499480
-1.334981	1.266807	1.001033	-0.219233	-14.497981
-1.334979	1.266805	1.000936	-0.219260	-14.495151
-1.334675	1.267032	1.000837	-0.219309	-14.492139
-1.334153	1.271567	1.000630	-0.219332	-14.492138
-1.333989	1.272771	1.000526	-0.219391	-14.494556
-1.333606	1.273187	1.000326	-0.219451	-14.500978
-1.333429	1.273638	1.000228	-0.219481	-14.502777
-1.333261	1.272053	1.000037	-0.219511	-14.503456
-1.333114	1.265908	0.999941	-0.219538	-14.500750
-1.332581	1.265755	0.999842	-0.219587	-14.498093
-1.332081	1.269758	0.999636	-0.219609	-14.495488
-1.331912	1.271857	0.999530	-0.219664	-14.495494
-1.331734	1.271392	0.999322	-0.219694	-14.497938
-1.331400	1.267216	0.999223	-0.219724	-14.501383
-1.331133	1.263350	0.999126	-0.219784	-14.501031
-1.330506	1.265426	0.998934	-0.219841	-14.497642
-1.330316	1.267670	0.998740	-0.219866	-14.497329
-1.329950	1.269140	0.998638	-0.219889	-14.501440
-1.329766	1.270057	0.998534	-0.219935	-14.504042
-1.329589	1.269370	0.998324	-0.219995	-14.505742
-1.329276	1.265619	0.998123	-0.219995	-14.504983
-1.329024	1.263472	0.998123	-0.220055	-14.502744
-1.328447	1.260215	0.997930	-0.220084	-14.497317
-1.328105	1.262342	0.997835	-0.220113	-14.496566
-1.327771	1.264879	0.997739	-0.220164	-14.497341
-1.327767	1.266566	0.997540	-0.220187	-14.503198
-1.327388	1.266881	0.997436	-0.220210	-14.508116
-1.327044	1.265277	0.997330	-0.220263	-14.508116
-1.326643	1.263026	0.997125	-0.220292	-14.507974
-1.326644	1.257440	0.997026	-0.220321	-14.503422
-1.326067	1.260156	0.996929	-0.220351	-14.500029
-1.325554	1.260155	0.996833	-0.220380	-14.500026
-1.325195	1.262216	0.996738	-0.220436	-14.503148
-1.325192	1.263804	0.996546	-0.220436	-14.509661
-1.325007	1.264897	0.996546	-0.220460	-14.512122
-1.324669	1.264260	0.996445	-0.220505	-14.512123
-1.324522	1.260431	0.996235	-0.220528	-14.511330
-1.324271	1.258242	0.996132	-0.220558	-14.506755
-1.323694	1.254714	0.996030	-0.220646	-14.504190
-1.323351	1.257102	0.995739	-0.220704	-14.503453
-1.323177	1.259578	0.995550	-0.220704	-14.504208
-1.322821	1.260934	0.995550	-0.220755	-14.509999
-1.322638	1.261379	0.995351	-0.220799	-14.513131
-1.322464	1.261710	0.995142	-0.220823	-14.514931
-1.322298	1.261712	0.995038	-0.220852	-14.514658
-1.321900	1.260065	0.994937	-0.220881	-14.512670
-1.321900	1.257822	0.994838	-0.220911	-14.509982
-1.321619	1.252222	0.994742	-0.220911	-14.506557
-1.321328	1.252465	0.994742	-0.220970	-14.506554
-1.320818	1.258378	0.994551	-0.220999	-14.507273
-1.320651	1.259816	0.994457	-0.220999	-14.509549
-1.320106	1.259818	0.994457	-0.221049	-14.516065
-1.319805	1.257291	0.994259	-0.221072	-14.517794
-1.319805	1.255324	0.994155	-0.221093	-14.515404
-1.319271	1.253251	0.994050	-0.221117	-14.512703
-1.318975	1.249756	0.993946	-0.221146	-14.510202
-1.318648	1.250015	0.993845	-0.221146	-14.510381
-1.318480	1.252437	0.993845	-0.221204	-14.512551
-1.318316	1.254509	0.993650	-0.221205	-14.516003
-1.318122	1.254508	0.993650	-0.221263	-14.518889
-1.317935	1.255903	0.993460	-0.221292	-14.520468
-1.317934	1.257060	0.993366	-0.221319	-14.520946
-1.317609	1.257061	0.993268	-0.221342	-14.520069
-1.317463	1.254611	0.993168	-0.221364	-14.520070
-1.317463	1.252652	0.993065	-0.221365	-14.515438
-1.316930	1.250581	0.993064	-0.221409	-14.513023
-1.316633	1.247108	0.992856	-0.221438	-14.513022
-1.316306	1.247393	0.992754	-0.221467	-14.513264
-1.316138	1.247392	0.992656	-0.221497	-14.515455
-1.315975	1.251929	0.992560	-0.221526	-14.518909
-1.315972	1.251928	0.992465	-0.221556	-14.521843
-1.315595	1.253380	0.992370	-0.221584	-14.523433
-1.315594	1.254517	0.992276	-0.221611	-14.523433
-1.315268	1.253860	0.992179	-0.221610	-14.523042
-1.315122	1.252060	0.992178	-0.221634	-14.523043
-1.314871	1.250056	0.992078	-0.221657	-14.518344
-1.314590	1.250058	0.991975	-0.221678	-14.515898
-1.314295	1.244654	0.991870	-0.221701	-14.515263
-1.314303	1.244884	0.991767	-0.221759	-14.516102
-1.313801	1.247311	0.991567	-0.221788	-14.518233
-1.313638	1.249394	0.991471	-0.221789	-14.518233
-1.313444	1.250444	0.991471	-0.221875	-14.524529
-1.313258	1.250805	0.991188	-0.221926	-14.526121
-1.313087	1.251918	0.991091	-0.221948	-14.526593
-1.312934	1.251292	0.990887	-0.221970	-14.525707
-1.312788	1.251293	0.990782	-0.221993	-14.523672
-1.312537	1.247492	0.990679	-0.222051	-14.521051
-1.312537	1.245505	0.990480	-0.222080	-14.518640
-1.312256	1.242011	0.990384	-0.222164	-14.518029
-1.311639	1.242257	0.990289	-0.222163	-14.518026
-1.311467	1.246812	0.990097	-0.222187	-14.518878
-1.311307	1.246811	0.989997	-0.222231	-14.524453
-1.310933	1.249637	0.989792	-0.222287	-14.527424
-1.310935	1.248994	0.989594	-0.222287	-14.529042
-1.310602	1.245087	0.989595	-0.222316	-14.528607
-1.310207	1.242926	0.989499	-0.222399	-14.528609
-1.309639	1.239376	0.989213	-0.222399	-14.523753
-1.309306	1.241815	0.989213	-0.222445	-14.520414
-1.309133	1.244299	0.989112	-0.222466	-14.521105
-1.308784	1.245600	0.988908	-0.222522	-14.526787
-1.308601	1.246404	0.988710	-0.222549	-14.529822
-1.308430	1.244706	0.988614	-0.222578	-14.531977
-1.308019	1.242378	0.988519	-0.222628	-14.531105
-1.307725	1.240651	0.988422	-0.222672	-14.529052
-1.307406	1.240650	0.988115	-0.222672	-14.525793
-1.306856	1.242778	0.988116	-0.222728	-14.526764
-1.306849	1.244393	0.987918	-0.222756	-14.529045
-1.306672	1.244395	0.987822	-0.222785	-14.531345
-1.306508	1.242727	0.987728	-0.222841	-14.532636
-1.306110	1.236594	0.987540	-0.222890	-14.531593
-1.305833	1.238597	0.987344	-0.222911	-14.529128
-1.305332	1.240773	0.987241	-0.222932	-14.525669
-1.304976	1.242755	0.987136	-0.222954	-14.526548
-1.304796	1.242231	0.987034	-0.223011	-14.531159
-1.304628	1.234397	0.986835	-0.223068	-14.532626
-1.304360	1.234396	0.986645	-0.223067	-14.531119
-1.303533	1.236940	0.986645	-0.223121	-14.529021
-1.303531	1.238815	0.986454	-0.223145	-14.528575
-1.303352	1.239880	0.986354	-0.223215	-14.535504
-1.302979	1.241109	0.986050	-0.223215	-14.535504
-1.302809	1.238742	0.986050	-0.223242	-14.537052
-1.302656	1.238744	0.985953	-0.223298	-14.535892
-1.301982	1.234492	0.985764	-0.223352	-14.533530
-1.301983	1.231048	0.985574	-0.223375	-14.530681
-1.301369	1.231367	0.985474	-0.223396	-14.528011
-1.301199	1.237399	0.985371	-0.223444	-14.528009
-1.301038	1.237397	0.985170	-0.223472	-14.530139
-1.300499	1.238062	0.985073	-0.223527	-14.536523
-1.300499	1.236383	0.984884	-0.223552	-14.538154
-1.300097	1.234060	0.984786	-0.223575	-14.535579
-1.299808	1.230388	0.984686	-0.223597	-14.535579
-1.299488	1.232360	0.984584	-0.223645	-14.532211
-1.299124	1.235529	0.984482	-0.223701	-14.533180
-1.298934	1.236070	0.984191	-0.223701	-14.535516
-1.298585	1.234383	0.984191	-0.223756	-14.539079
-1.298190	1.232042	0.984003	-0.223804	-14.538974
-1.297908	1.228390	0.983807	-0.223804	-14.537960
-1.297590	1.230366	0.983807	-0.223846	-14.531743
-1.297226	1.234507	0.983604	-0.223927	-14.532584
-1.297044	1.234048	0.983313	-0.223927	-14.534962
-1.296695	1.232083	0.983313	-0.223982	-14.537110
-1.296421	1.229960	0.983125	-0.224007	-14.538447
-1.296118	1.226369	0.983029	-0.224030	-14.534720
-1.295805	1.230780	0.982929	-0.224093	-14.534148
-1.295615	1.230779	0.982620	-0.224093	-14.535029
-1.295076	1.232959	0.982621	-0.224121	-14.537719
-1.295078	1.230624	0.982521	-0.224176	-14.540275
-1.294908	1.230625	0.982328	-0.224232	-14.540531
-1.294223	1.224500	0.982141	-0.224231	-14.540533
-1.294228	1.228700	0.982142	-0.224259	-14.538055
-1.293721	1.228699	0.982049	-0.224325	-14.535101
-1.293182	1.230976	0.981753	-0.224326	-14.535100
-1.293184	1.230365	0.981752	-0.224346	-14.537416
-1.293019	1.228653	0.981649	-0.224367	-14.540806
-1.292627	1.224129	0.981547	-0.224448	-14.539300
-1.292351	1.220649	0.981448	-0.224449	-14.536806
-1.291702	1.221128	0.981256	-0.224476	-14.533356
-1.291531	1.223733	0.981163	-0.224503	-14.534199
-1.291364	1.227565	0.981070	-0.224531	-14.540459
-1.291174	1.227564	0.980977	-0.224555	-14.543705
-1.290650	1.228657	0.980881	-0.224578	-14.545614
-1.290650	1.227935	0.980783	-0.224599	-14.546178
-1.290507	1.224053	0.980681	-0.224619	-14.545269
-1.290262	1.221865	0.980578	-0.224640	-14.540317
-1.289691	1.218473	0.980476	-0.224667	-14.537449
-1.289364	1.218789	0.980377	-0.224695	-14.536487
-1.289196	1.223449	0.980280	-0.224750	-14.539320
-1.289033	1.224811	0.980092	-0.224778	-14.542586
-1.288667	1.225148	0.979999	-0.224777	-14.545614
-1.288500	1.226252	0.979999	-0.224830	-14.547422
-1.288346	1.225495	0.979811	-0.224852	-14.546835
-1.288203	1.223745	0.979713	-0.224873	-14.544695
-1.287958	1.221541	0.979611	-0.224893	-14.541922
-1.287684	1.219379	0.979508	-0.224893	-14.539303
-1.287402	1.215876	0.979508	-0.224942	-14.538551
-1.287076	1.216220	0.979306	-0.224969	-14.539202
-1.286910	1.218418	0.979210	-0.225025	-14.541323
-1.286750	1.222307	0.979022	-0.225053	-14.544752
-1.286561	1.222792	0.978930	-0.225100	-14.547706
-1.286217	1.222790	0.978735	-0.225121	-14.549399
-1.286070	1.222959	0.978634	-0.225142	-14.549772
-1.286070	1.221215	0.978533	-0.225195	-14.546670
-1.285681	1.218988	0.978435	-0.225222	-14.543921
-1.285406	1.216963	0.978245	-0.225250	-14.543921
-1.285118	1.216965	0.978152	-0.225324	-14.540727
-1.284800	1.213959	0.977865	-0.225364	-14.541422
-1.284802	1.216098	0.977764	-0.225386	-14.543449
-1.284476	1.218592	0.977558	-0.225413	-14.546841
-1.284289	1.221057	0.977459	-0.225413	-14.546843
-1.284107	1.220442	0.977460	-0.225468	-14.551244
-1.283798	1.216527	0.977269	-0.225495	-14.551488
-1.283552	1.212893	0.977176	-0.225496	-14.550499
-1.282958	1.213028	0.977176	-0.225523	-14.545758
-1.282773	1.217149	0.977083	-0.225550	-14.544909
-1.282604	1.217148	0.976991	-0.225616	-14.548144
-1.282237	1.216916	0.976697	-0.225636	-14.550261
-1.282239	1.214634	0.976593	-0.225657	-14.551438
-1.281687	1.209257	0.976492	-0.225684	-14.551187
-1.281110	1.209716	0.976393	-0.225739	-14.549778
-1.280639	1.209715	0.976203	-0.225766	-14.543910
-1.280478	1.214485	0.976110	-0.225821	-14.547191
-1.280474	1.215668	0.975925	-0.225820	-14.553848
-1.280107	1.215667	0.975925	-0.225887	-14.555598
-1.279935	1.215993	0.975631	-0.225907	-14.555598
-1.279936	1.217082	0.975528	-0.225928	-14.555218
-1.279779	1.214732	0.975528	-0.225955	-14.553130
-1.279637	1.210382	0.975329	-0.226009	-14.553132
-1.279122	1.206988	0.975139	-0.226064	-14.550351
-1.278516	1.207404	0.974953	-0.226138	-14.547672
-1.278355	1.212101	0.974668	-0.226159	-14.547505
-1.278194	1.213134	0.974567	-0.226228	-14.553078
-1.277824	1.213523	0.974363	-0.226282	-14.555999
-1.277658	1.214631	0.974074	-0.226337	-14.557678
-1.277513	1.212047	0.973889	-0.226361	-14.558065
-1.277371	1.208073	0.973794	-0.226404	-14.554942
-1.276854	1.208075	0.973595	-0.226424	-14.552253
-1.276254	1.205084	0.973495	-0.226450	-14.549772
-1.276255	1.207228	0.973397	-0.226477	-14.549858
