0.673775	-0.115411	-0.046877	-0.150083
0.672593	-0.115411	-0.046877	-0.150016
0.672596	-0.112492	-0.046172	-0.150017
0.671940	-0.112492	-0.046172	-0.150004
0.671221	-0.111064	-0.045850	-0.150012
0.670508	-0.109716	-0.045562	-0.150062
0.670137	-0.108336	-0.045295	-0.150151
0.669404	-0.107016	-0.035858	-0.153987
0.669406	-0.082390	-0.035859	-0.153987
0.669682	-0.082390	-0.035303	-0.154225
0.669453	-0.062729	-0.020475	-0.147065
0.252575	0.083406	-0.024094	-0.055534
-0.024550	0.140773	0.000402	-0.030387
-0.127397	0.146422	0.014875	0.031534
-0.037598	0.105853	0.008355	0.071318
0.042232	0.070906	-0.009392	0.079522
0.091450	0.054892	-0.023502	0.066538
0.114235	0.054682	-0.032162	0.044106
0.127001	0.058891	-0.037359	0.020300
0.138479	0.061764	-0.040227	-0.001295
0.134760	0.028865	-0.021292	-0.039324
0.171460	0.010842	0.004759	-0.070003
-0.008640	0.082541	0.025298	-0.023929
-0.091954	0.024525	0.002542	0.019380
0.015138	0.021714	0.033550	0.024280
0.113945	0.034536	0.031592	0.001405
0.074696	0.014575	0.010320	-0.094836
-0.009538	0.100293	0.002844	-0.082209
-0.079214	0.094812	0.010680	-0.034188
-0.098435	0.031236	0.030179	0.025214
0.085601	0.021190	0.039843	0.015334
0.122726	0.028549	0.026565	-0.008245
0.142878	0.043780	0.014646	-0.059501
0.185923	0.062631	0.008239	-0.080037
0.209860	0.064748	0.006628	-0.096858
-0.077361	0.095762	0.008123	-0.035688
-0.096989	0.071363	0.011279	0.008459
-0.095010	0.044298	0.040267	0.044723
0.061868	0.022259	0.037652	0.026783
0.096114	0.033630	0.030039	-0.000731
0.139948	0.060129	0.007948	-0.054084
0.139964	0.060137	0.000935	-0.054083
0.167853	0.064520	-0.002924	-0.074827
0.196435	0.064876	-0.002922	-0.091594
0.221737	0.065246	-0.002144	-0.106268
-0.000629	0.104924	0.000723	-0.090736
-0.073087	0.099564	0.005698	-0.039859
-0.093509	0.074156	0.027228	0.006265
0.024759	0.033389	0.038813	0.022804
0.092342	0.023387	0.037421	0.013010
0.148685	0.047358	0.027032	-0.037566
0.167711	0.060016	0.015578	-0.062062
0.167717	0.060024	0.008217	-0.062061
0.215479	0.067557	0.008713	-0.098394
-0.003997	0.105078	0.008715	-0.085318
-0.075072	0.098371	0.013698	-0.036418
-0.087126	0.069118	0.032870	0.039905
0.008760	0.024536	0.042143	0.042760
0.067373	0.024489	0.038703	-0.002852
0.121380	0.050578	0.021597	-0.030349
0.121399	0.050587	0.010047	-0.030348
0.171302	0.065767	0.000078	-0.092393
0.224208	0.105133	0.000080	-0.090837
-0.068109	0.098350	0.002209	-0.040091
-0.068147	0.070659	0.028071	0.006123
-0.085136	0.048114	0.038825	0.039770
0.076537	0.021370	0.036231	0.027574
0.076533	0.021380	0.029905	0.027574
0.110831	0.032282	0.009384	-0.000088
0.129969	0.048508	0.009384	-0.028721
0.151275	0.060144	0.003377	-0.054048
0.177946	0.065315	0.001424	-0.075296
0.206434	0.067087	0.001038	-0.092886
0.006721	0.106920	0.002231	-0.091701
-0.066875	0.099503	0.005323	-0.040962
-0.066919	0.071320	0.031252	0.005112
0.015366	0.024244	0.041799	0.044104
0.075074	0.022502	0.039182	-0.001016
0.105860	0.050407	0.022910	-0.028981
0.148783	0.061505	0.012021	-0.053774
0.175838	0.066012	0.003290	-0.074596
0.227274	0.070339	0.002345	-0.106595
0.227025	0.070311	0.003007	-0.106591
0.007012	0.106891	0.010235	-0.091125
-0.066626	0.048692	0.010244	0.040364
-0.087751	0.048691	0.031065	0.040362
-0.092361	0.035234	0.031595	0.057076
0.090473	0.035772	0.031590	0.004329
0.090483	0.035780	0.014160	-0.025794
0.163880	0.069261	-0.004328	-0.073543
0.163885	0.069269	-0.007176	-0.091193
0.222823	0.070777	-0.006603	-0.105894
0.245766	0.074712	-0.003599	-0.117756
-0.062988	0.107045	0.001651	-0.046535
-0.085948	0.079732	0.008040	0.002501
-0.085999	0.052266	0.043672	0.063722
0.002207	0.023225	0.042360	0.059773
0.093604	0.037614	0.027004	0.006515
0.117532	0.053358	0.016980	-0.023882
0.139774	0.065274	-0.001862	-0.050109
0.199003	0.071249	-0.005103	-0.089928
0.199504	0.071255	-0.006002	-0.105361
0.006513	0.110743	-0.002389	-0.089956
-0.086493	0.080200	-0.002383	0.004798
-0.086611	0.054062	0.023864	0.039939
0.020830	0.027711	0.034217	0.044296
0.082144	0.025200	0.027523	-0.030174
0.139772	0.052348	0.017644	-0.030173
0.160357	0.070973	0.000321	-0.077259
0.215444	0.073286	0.000323	-0.095118
0.238116	0.077179	0.002612	-0.043270
-0.084670	0.078609	0.006227	0.003213
-0.083533	0.038096	0.042857	0.060989
0.003555	0.023984	0.040742	0.056298
0.059431	0.026946	0.025191	0.033316
0.096274	0.067225	0.015268	-0.053802
0.144591	0.067233	0.003995	-0.053801
0.173215	0.072516	-0.006438	-0.108228
0.231116	0.075499	-0.006436	-0.108224
-0.062249	0.104205	-0.005264	-0.043053
-0.085072	0.079430	0.003410	0.002348
0.038394	0.039308	0.036117	0.018756
0.106805	0.055369	0.035015	-0.038589
0.192691	0.066265	0.025059	-0.061888
0.192484	0.096657	0.007206	-0.018424
-0.083639	0.074271	0.008213	0.017568
-0.083697	0.074274	0.031187	0.026743
0.099216	0.033062	0.028387	0.012419
0.136031	0.042895	0.028380	-0.040415
0.177281	0.073798	0.007545	-0.064482
-0.008592	0.108540	0.002278	-0.059173
-0.068900	0.102719	0.002470	-0.022290
-0.084667	0.042514	0.017633	0.023966
0.099398	0.034141	0.025679	0.010155
0.137564	0.042774	0.013559	-0.015620
0.182736	0.068795	0.003450	-0.067732
0.209394	0.074466	-0.000921	-0.088066
0.015451	0.112458	0.001503	-0.090440
-0.057270	0.102681	0.005376	-0.042549
-0.080158	0.050411	0.030615	0.034774
0.006846	0.024441	0.040288	0.027893
0.101576	0.039753	0.030897	-0.002137
0.179149	0.075440	0.013989	-0.080180
0.179160	0.075446	-0.003304	-0.080180
0.017063	0.115057	-0.003900	-0.096946
0.017031	0.115034	-0.003898	-0.046647
-0.057782	0.054148	0.026917	0.034118
-0.085223	0.041837	0.026915	0.056932
0.008346	0.029001	0.029655	0.051779
0.008334	0.029012	0.022511	0.051778
0.101031	0.045340	0.013368	-0.001302
0.152240	0.071862	0.013366	-0.056524
0.182143	0.077073	-0.003380	-0.078199
0.182153	0.077079	-0.006304	-0.078199
0.214256	0.078620	-0.004747	-0.095799
0.239312	0.082230	-0.004745	-0.110452
0.017305	0.118116	-0.000928	-0.095378
-0.057146	0.110969	0.004569	0.000829
-0.081090	0.056451	0.026236	0.036031
0.028266	0.029457	0.035825	0.023802
0.149215	0.058603	0.028964	-0.034054
0.170748	0.072871	0.018657	-0.060290
0.197346	0.078991	0.002395	-0.081699
0.197775	0.079001	0.003293	-0.081697
0.225860	0.082115	0.005415	-0.099278
0.012111	0.116694	0.005421	-0.086250
-0.057795	0.107216	0.009208	-0.040021
-0.080270	0.082147	0.027841	0.002683
-0.081027	0.055901	0.036968	0.035836
0.026966	0.029653	0.034718	0.039613
0.088857	0.028960	0.027491	0.020985
0.149425	0.058574	0.017329	-0.036802
0.171344	0.073065	0.007293	-0.062732
0.197787	0.079050	0.001387	-0.083787
0.227072	0.082126	0.002418	-0.101131
0.014867	0.115620	0.004735	-0.087967
-0.055838	0.105769	0.008702	-0.041652
-0.071742	0.076659	0.027315	0.001043
-0.076833	0.053956	0.036340	0.032505
-0.084269	0.042576	0.033409	0.053234
0.010798	0.029248	0.027209	0.048014
0.069190	0.032906	0.020897	0.024897
0.104023	0.046559	0.011983	-0.005249
0.129980	0.061955	0.001681	-0.034467
0.155214	0.073961	-0.004026	-0.059848
0.155224	0.073970	-0.006058	-0.059847
0.216894	0.080890	-0.005994	-0.098160
0.245070	0.084957	-0.005992	-0.113000
0.021886	0.122070	-0.000178	-0.098071
-0.053308	0.113943	0.005494	-0.047993
-0.068941	0.080434	0.027004	-0.001810
-0.073377	0.056326	0.037691	0.032053
-0.080462	0.044054	0.035368	0.054333
0.014812	0.030582	0.029147	0.049826
0.073560	0.034246	0.022785	0.026840
0.073571	0.034254	0.013955	0.026840
0.133878	0.063789	0.003757	-0.032872
0.160259	0.076039	0.003758	-0.058911
0.189870	0.081121	-0.004315	-0.080216
0.190277	0.081133	-0.004559	-0.080214
0.221412	0.083321	-0.002839	-0.098022
-0.057528	0.108800	-0.002834	-0.041371
-0.080110	0.085135	0.001160	0.000781
-0.080581	0.058760	0.030734	0.032619
0.027930	0.034068	0.029614	0.035812
0.027917	0.034080	0.023704	0.035810
0.125491	0.047988	0.014805	-0.010709
0.125505	0.047998	0.014803	-0.010709
0.176922	0.075002	0.001248	-0.063661
0.176929	0.075008	0.001249	-0.063661
0.206018	0.080910	0.001530	-0.084887
0.233627	0.085361	0.001532	-0.102101
0.020307	0.117943	0.004435	-0.089636
-0.074224	0.081598	0.008855	-0.000307
-0.074249	0.081589	0.028209	-0.000308
-0.075999	0.054597	0.035044	0.032544
-0.081549	0.041691	0.035040	0.053219
0.014469	0.027927	0.027966	0.048234
0.072188	0.032846	0.021050	0.024774
0.136833	0.064017	0.011778	-0.036223
0.136853	0.064027	0.001581	-0.036222
0.191863	0.083577	-0.005909	-0.083598
0.192262	0.083589	-0.005907	-0.083595
0.224748	0.085872	-0.003251	-0.101438
0.015134	0.119248	-0.003245	-0.089483
-0.053836	0.110052	0.001115	-0.044231
-0.076415	0.059714	0.020166	0.031517
0.033194	0.033913	0.030703	0.035673
0.134152	0.064230	0.023097	-0.040925
0.158851	0.064240	0.013486	-0.040925
0.209476	0.083487	0.000011	-0.087449
0.022860	0.122623	0.000012	-0.092184
-0.065640	0.080878	0.005242	-0.001659
-0.065671	0.080870	0.029204	-0.001660
-0.072439	0.044984	0.035253	0.051764
0.075927	0.035082	0.035249	0.023579
0.075938	0.035091	0.022106	-0.007139
0.139620	0.066267	0.002908	-0.037165
0.166132	0.079573	0.002908	-0.084851
0.229473	0.088403	-0.004310	-0.102740
0.021495	0.120791	-0.003878	-0.090608
-0.071308	0.058906	0.002801	0.030164
-0.073192	0.058903	0.021715	0.030163
-0.077798	0.045542	0.023863	0.045736
0.116699	0.050287	0.023859	-0.008139
0.144107	0.067329	0.008896	-0.064121
0.199039	0.086675	-0.006116	-0.085247
0.199426	0.086688	-0.007308	-0.085245
0.230582	0.112701	-0.003575	-0.044996
-0.070908	0.085803	-0.003569	-0.002212
-0.070802	0.058771	0.030425	0.029982
0.038891	0.035070	0.029038	0.033601
0.101748	0.049384	0.022667	-0.013183
0.164497	0.067518	0.013477	-0.042642
0.190009	0.080593	0.000299	-0.089910
0.013726	0.120382	0.000611	-0.081566
-0.053401	0.110077	0.006533	0.000565
0.033107	0.033125	0.023904	0.033276
0.135573	0.047838	0.030584	-0.044757
0.215541	0.087827	0.014559	-0.091618
-0.053236	0.108328	0.000860	-0.041441
0.048892	0.038713	0.006028	-0.002896
0.186257	0.067286	0.031651	-0.073833
0.009220	0.104855	0.011145	-0.035342
-0.073082	0.053472	0.009193	0.029463
0.093166	0.050688	0.035709	-0.020163
0.185769	0.083367	0.025176	-0.074302
-0.050947	0.109267	0.001142	-0.044145
-0.072065	0.057558	0.002033	0.025711
0.099793	0.036141	0.030204	-0.019869
0.192506	0.082580	0.021565	-0.085737
0.019048	0.121069	0.000028	-0.085736
-0.063696	0.081142	0.002521	0.026518
0.140598	0.050378	0.023518	-0.019121
0.166819	0.083218	0.022909	-0.073297
0.019659	0.121358	0.001580	-0.085393
-0.047327	0.084311	0.004039	-0.003866
-0.070519	0.058886	0.024477	0.026684
-0.076425	0.032834	0.029814	0.040528
0.080418	0.039039	0.023090	0.016602
0.149048	0.072020	0.008363	-0.044293
0.176128	0.087253	-0.000780	-0.091118
0.029620	0.131027	-0.006197	-0.050420
-0.058789	0.086172	-0.004721	-0.006972
-0.075024	0.107433	0.032373	0.049762
0.023029	0.116841	0.029846	0.047959
0.095835	0.151130	0.010577	0.001349
0.142708	0.151133	-0.005877	0.001350
0.179254	0.175573	-0.036117	-0.041502
-0.041256	0.240434	-0.036116	-0.001948
-0.052986	0.217964	-0.044273	0.036666
-0.053004	0.200025	-0.042488	0.065127
-0.061604	0.192223	-0.053150	0.097145
-0.066652	0.190049	-0.066381	0.097145
0.159995	0.193615	-0.078206	0.028969
0.201001	0.209955	-0.088535	-0.002166
0.032594	0.275171	-0.115251	-0.028108
-0.033059	0.272460	-0.114612	0.004777
-0.051309	0.223559	-0.094698	0.061396
-0.055976	0.209136	-0.089045	0.077376
-0.062484	0.203684	-0.105371	0.075403
0.112974	0.189192	-0.115196	0.048024
0.163630	0.200040	-0.122878	-0.016982
0.197894	0.259312	-0.139572	-0.022289
-0.038332	0.258815	-0.140894	0.003042
-0.054865	0.237813	-0.120337	0.029388
0.052584	0.180124	-0.112029	0.055046
0.052577	0.180142	-0.114885	0.055046
0.123588	0.194259	-0.138123	-0.001449
0.203524	0.212236	-0.138126	-0.031696
-0.034285	0.253539	-0.143365	-0.008539
-0.048788	0.208698	-0.137802	0.040421
-0.048803	0.208701	-0.111191	0.064757
-0.057527	0.187402	-0.120991	0.064758
0.047621	0.185611	-0.132933	-0.005185
0.170170	0.185630	-0.132942	-0.005186
0.024748	0.244249	-0.143178	-0.039080
-0.034668	0.242407	-0.143169	-0.012195
-0.051368	0.200473	-0.118866	0.036237
0.066363	0.174115	-0.109540	0.033677
0.190814	0.184532	-0.119024	-0.017442
0.020840	0.224634	-0.129092	-0.023769
-0.038908	0.217063	-0.136082	0.022683
-0.055254	0.196798	-0.120999	0.041606
-0.055289	0.182882	-0.113503	0.045754
0.124632	0.167939	-0.120476	0.019995
0.174930	0.181634	-0.134767	-0.042055
0.028100	0.240264	-0.140244	-0.045229
-0.049844	0.220862	-0.139270	0.010403
-0.049610	0.197160	-0.115350	0.032459
-0.051627	0.182649	-0.108925	0.040466
0.130253	0.167243	-0.116871	0.016015
0.180806	0.198226	-0.124191	-0.045108
0.033353	0.238235	-0.138465	-0.018623
-0.047193	0.220112	-0.132357	0.010216
-0.050548	0.181941	-0.106040	0.048981
-0.054941	0.176539	-0.108319	0.059304
0.049567	0.163813	-0.123160	0.021392
0.120590	0.178239	-0.128416	-0.010480
0.206681	0.196952	-0.134649	-0.041156
0.238220	0.213422	-0.139260	-0.065532
-0.022783	0.251073	-0.133402	-0.031770
-0.042480	0.228034	-0.106996	0.001816
-0.054311	0.179834	-0.098358	0.058595
-0.054400	0.179843	-0.101704	0.058596
-0.061314	0.167228	-0.124479	0.026072
0.112752	0.167235	-0.124485	0.026072
0.198824	0.197496	-0.140341	-0.036746
0.231565	0.213456	-0.140342	-0.063284
0.039367	0.247617	-0.134005	-0.028656
-0.044505	0.225130	-0.126605	0.047360
-0.049023	0.183201	-0.099112	0.047360
-0.054047	0.177101	-0.102643	0.058865
0.042361	0.163150	-0.119934	0.052350
0.113475	0.165213	-0.125921	0.025148
0.165746	0.195253	-0.136053	-0.038061
0.233288	0.212514	-0.141354	-0.064790
0.041109	0.252399	-0.134695	-0.063353
-0.024269	0.246697	-0.126815	-0.030176
-0.043102	0.197833	-0.107733	0.028248
-0.047989	0.181885	-0.099040	0.045975
-0.053162	0.175788	-0.111415	0.064466
0.042675	0.161659	-0.119536	0.051328
0.165688	0.175953	-0.129535	-0.007883
0.231469	0.211640	-0.135458	-0.064987
0.231380	0.211598	-0.139860	-0.063467
-0.025091	0.244836	-0.125997	-0.029885
-0.043517	0.222445	-0.125976	0.002699
-0.053325	0.174690	-0.098569	0.057152
-0.053413	0.174699	-0.101978	0.064029
0.042548	0.160752	-0.124806	0.050654
0.165537	0.175018	-0.128949	-0.008361
0.202589	0.193489	-0.134763	-0.039265
0.231324	0.249836	-0.139135	-0.063756
-0.024403	0.244468	-0.133172	-0.030642
-0.043060	0.180228	-0.106496	0.045140
-0.047920	0.180237	-0.097861	0.045141
-0.053231	0.174139	-0.118260	0.020223
0.121065	0.163667	-0.118267	0.020222
0.171518	0.176412	-0.136679	-0.011141
0.203194	0.233206	-0.136680	-0.043346
-0.032183	0.233535	-0.136184	-0.015496
-0.049238	0.214643	-0.113556	0.034110
-0.050728	0.177617	-0.104721	0.049472
0.127860	0.164093	-0.107341	0.016533
0.177078	0.178229	-0.122052	-0.014459
0.029306	0.234245	-0.135371	-0.046259
-0.031689	0.234469	-0.134742	-0.017881
-0.043001	0.211898	-0.112012	0.047417
-0.051902	0.179109	-0.103318	0.047417
-0.057516	0.173779	-0.120723	0.045769
0.168758	0.176039	-0.120730	-0.011978
0.168778	0.176039	-0.131726	-0.011978
0.204565	0.251962	-0.136263	-0.066257
0.041384	0.251939	-0.136261	-0.066256
-0.024377	0.219300	-0.104191	0.000895
-0.043886	0.196587	-0.104192	0.026179
-0.048840	0.182039	-0.100183	0.044112
-0.054621	0.176546	-0.108434	0.063329
0.041818	0.161683	-0.116125	0.050567
0.112545	0.163602	-0.126153	-0.007900
0.164576	0.175489	-0.132202	-0.065176
0.232135	0.211837	-0.137545	-0.065179
0.040841	0.245054	-0.123243	-0.029911
-0.043246	0.222611	-0.123221	0.002563
-0.044349	0.180622	-0.096290	0.045435
-0.053144	0.174484	-0.099811	0.063780
0.042100	0.162591	-0.116882	0.023644
0.164095	0.174591	-0.122772	-0.038919
0.231884	0.211008	-0.138042	-0.065475
0.041115	0.249734	-0.137200	-0.063730
-0.023809	0.244451	-0.123361	0.001780
-0.043790	0.195599	-0.104845	0.027143
-0.047334	0.179857	-0.099733	0.056241
-0.052860	0.160119	-0.108645	0.045914
0.169865	0.175941	-0.116624	-0.011308
0.170102	0.175953	-0.129312	-0.011309
0.204432	0.195574	-0.134349	-0.015828
-0.032183	0.233112	-0.134338	-0.015827
-0.046773	0.189934	-0.103042	0.048382
0.057937	0.162651	-0.103047	0.039992
0.128036	0.165363	-0.120296	0.015149
0.207133	0.198256	-0.127419	-0.043907
0.207057	0.198225	-0.133021	-0.017065
-0.030980	0.232182	-0.126921	-0.017065
-0.046643	0.188696	-0.126901	0.032733
-0.050205	0.161255	-0.101987	0.039584
0.127044	0.164287	-0.112718	0.014911
0.171801	0.179409	-0.126521	-0.015368
0.028323	0.232282	-0.132186	-0.045222
-0.031310	0.231685	-0.131404	0.011305
-0.042715	0.188377	-0.109820	0.032426
-0.051212	0.178124	-0.101538	0.046833
0.056249	0.162532	-0.112197	0.038949
0.171860	0.179933	-0.118390	-0.015572
0.209143	0.197489	-0.125611	-0.045807
-0.031704	0.232336	-0.130733	-0.017166
-0.042887	0.209501	-0.125816	0.011264
-0.046260	0.188510	-0.100963	0.046948
0.056275	0.162487	-0.104480	0.039077
0.126779	0.165095	-0.111759	0.014699
0.171711	0.198057	-0.125232	-0.043849
0.028298	0.232681	-0.131044	-0.045164
-0.032004	0.231459	-0.125352	0.011684
-0.046552	0.187905	-0.109005	0.032777
-0.046644	0.187909	-0.100916	0.039182
0.126380	0.164443	-0.111681	0.015034
0.126398	0.197825	-0.125030	-0.043653
0.029054	0.232666	-0.130902	-0.045336
0.029051	0.231635	-0.125063	-0.016695
-0.043006	0.208932	-0.108761	0.011590
-0.048189	0.177005	-0.100605	0.047977
0.056408	0.160663	-0.104073	0.040103
0.126083	0.163583	-0.117784	-0.014858
0.175090	0.197094	-0.125207	-0.044402
0.030337	0.233726	-0.130981	-0.046575
-0.047775	0.213635	-0.124999	0.009992
-0.047790	0.188954	-0.108186	0.032544
0.058215	0.159162	-0.102690	0.039892
0.058208	0.162557	-0.110633	0.015416
0.171164	0.178441	-0.124974	-0.014983
0.207665	0.232292	-0.130621	-0.045747
-0.030518	0.231834	-0.129660	-0.017641
-0.047905	0.188308	-0.107995	0.032890
-0.049509	0.175376	-0.099670	0.048247
-0.053878	0.156856	-0.110415	0.046355
0.167804	0.172915	-0.117421	-0.011669
0.167825	0.192514	-0.128599	-0.042021
0.231812	0.211048	-0.132550	-0.067451
0.041689	0.241977	-0.126556	-0.032094
-0.043680	0.192076	-0.118727	0.026419
-0.043698	0.192081	-0.092864	0.044316
-0.053005	0.172018	-0.105305	0.055501
0.119527	0.161752	-0.113039	0.019881
0.169060	0.174812	-0.118428	-0.011158
0.200700	0.195210	-0.130713	-0.040744
-0.030963	0.231719	-0.130116	-0.015748
-0.047866	0.212285	-0.124409	0.011580
-0.045863	0.187534	-0.099816	0.033096
-0.048143	0.158437	-0.102703	0.039763
0.127395	0.161957	-0.110521	0.014955
0.209158	0.196454	-0.124235	-0.045099
0.030935	0.233566	-0.129630	-0.047067
-0.030238	0.232249	-0.123018	0.009667
-0.047646	0.187721	-0.106235	0.031899
-0.049604	0.173633	-0.100988	0.039707
0.126623	0.160340	-0.108840	-0.044901
0.208273	0.195352	-0.123124	-0.044904
0.030203	0.232640	-0.128679	-0.046932
-0.030861	0.211300	-0.122260	0.009739
-0.047991	0.186921	-0.105560	0.031962
-0.049811	0.172876	-0.100502	0.039697
0.057504	0.159591	-0.108380	0.015092
0.174484	0.173966	-0.115179	-0.044805
0.030188	0.232084	-0.128231	-0.046812
-0.030137	0.231232	-0.127464	-0.018762
-0.047579	0.186582	-0.105135	0.031814
0.068546	0.162313	-0.096962	0.008443
0.189955	0.176644	-0.107905	-0.020483
0.221482	0.197527	-0.117459	-0.049618
-0.025657	0.235221	-0.124215	-0.021574
-0.044762	0.213856	-0.118641	0.032467
-0.048250	0.174548	-0.094570	0.048877
-0.053507	0.169025	-0.106060	0.048196
0.116844	0.159566	-0.113053	0.022035
0.166384	0.172491	-0.118313	-0.009245
0.201100	0.192333	-0.129988	-0.042257
-0.030784	0.230259	-0.129191	-0.015648
-0.047590	0.210823	-0.106912	0.011138
0.067936	0.161947	-0.098571	0.029921
0.140173	0.162577	-0.101391	0.008188
0.183180	0.179409	-0.118126	-0.020921
0.215837	0.198393	-0.124647	-0.049899
-0.026058	0.232568	-0.123924	-0.020874
-0.044805	0.186978	-0.102901	0.031927
-0.048383	0.173351	-0.095227	0.047938
0.048255	0.155027	-0.106414	0.046955
0.116665	0.158511	-0.113277	0.020844
0.166473	0.171415	-0.124586	-0.010353
0.231774	0.210730	-0.129696	-0.066386
0.041383	0.241246	-0.128792	-0.031661
-0.041671	0.218277	-0.115260	0.001020
-0.043177	0.175434	-0.089938	0.044500
-0.052446	0.169574	-0.093679	0.056035
0.117846	0.173801	-0.110428	-0.010901
0.167080	0.173811	-0.116070	-0.010903
0.198975	0.194200	-0.127449	-0.042200
0.026005	0.230467	-0.127439	-0.015387
-0.047996	0.210807	-0.121710	0.033301
-0.049176	0.173221	-0.097667	0.048144
0.057346	0.156518	-0.100706	0.039828
0.173453	0.174668	-0.114868	-0.015583
0.173668	0.195366	-0.122109	-0.045027
0.029633	0.232679	-0.126425	-0.046479
-0.046690	0.210764	-0.120613	0.009106
-0.046759	0.186355	-0.104155	0.031201
-0.048762	0.172996	-0.099262	0.046142
0.057895	0.173902	-0.106919	-0.016181
0.175187	0.173917	-0.113368	-0.016183
0.030240	0.230506	-0.125186	-0.018984
-0.046765	0.209812	-0.125175	0.009194
-0.046858	0.161349	-0.095087	0.029323
0.141086	0.161802	-0.098323	0.008048
0.189111	0.197084	-0.115369	-0.049706
0.038062	0.236153	-0.122072	-0.050950
-0.025003	0.234215	-0.116339	0.008017
-0.047693	0.173581	-0.100262	0.048226
-0.047779	0.173589	-0.092680	0.048227
0.048407	0.155754	-0.110902	0.047273
0.116623	0.158766	-0.110908	0.021454
0.161621	0.173060	-0.122275	-0.009412
0.196550	0.242918	-0.127546	-0.061595
0.041197	0.242897	-0.126476	-0.061594
-0.022807	0.212690	-0.097071	0.002885
-0.042537	0.189752	-0.097071	0.027277
-0.047503	0.170582	-0.093704	0.055678
0.048885	0.157631	-0.101730	0.045364
0.166309	0.173910	-0.114380	-0.010978
0.200852	0.193732	-0.121041	-0.040744
-0.030464	0.231371	-0.125902	-0.016486
-0.047590	0.211535	-0.120332	0.010493
-0.047211	0.173383	-0.096155	0.047234
0.057809	0.156556	-0.099180	0.038986
0.125766	0.160483	-0.113384	0.014278
0.173521	0.232954	-0.120602	-0.047199
0.031084	0.232935	-0.125819	-0.047199
-0.028706	0.231567	-0.102652	0.030445
-0.045494	0.173670	-0.102652	0.045511
0.057395	0.157979	-0.094720	0.037268
0.057391	0.161532	-0.111644	0.012955
0.170317	0.176828	-0.118634	-0.016803
0.031760	0.231598	-0.123951	-0.046615
-0.027939	0.230105	-0.122855	-0.018899
-0.040231	0.205942	-0.101649	0.031064
-0.045548	0.185366	-0.093887	0.046105
0.057485	0.156513	-0.104542	0.038173
0.125810	0.160154	-0.110863	-0.016143
0.207274	0.194817	-0.118041	-0.045186
0.046833	0.249713	-0.123418	-0.066857
0.046830	0.249693	-0.116951	-0.033051
-0.019097	0.243855	-0.093230	0.000500
-0.032970	0.216288	-0.093231	0.044286
-0.045825	0.178444	-0.085830	0.044287
-0.045838	0.178454	-0.090415	0.062907
-0.059198	0.171702	-0.105803	0.050280
0.040875	0.160257	-0.105805	0.023912
0.108699	0.163583	-0.115287	0.023912
0.191090	0.194957	-0.121140	-0.061976
0.225145	0.245524	-0.126288	-0.059104
-0.023087	0.240910	-0.120385	-0.027106
-0.035357	0.191553	-0.097263	0.027559
-0.040091	0.191560	-0.089710	0.027559
-0.053071	0.174567	-0.101916	0.054516
0.049399	0.161167	-0.101918	0.044552
0.162943	0.178132	-0.113629	-0.011411
0.200125	0.195455	-0.120351	-0.065386
0.040524	0.247855	-0.124851	-0.062489
-0.023996	0.242577	-0.119716	-0.029624
-0.036520	0.192020	-0.095979	0.026813
-0.047451	0.180088	-0.088567	0.043613
-0.053744	0.175020	-0.101230	0.062054
0.041470	0.160376	-0.108068	0.049120
0.109454	0.163552	-0.113270	-0.008103
0.155344	0.195132	-0.123094	-0.037203
0.223914	0.212504	-0.128054	-0.062463
0.039742	0.244994	-0.121680	-0.059517
0.039742	0.240249	-0.114545	-0.027581
-0.035217	0.214389	-0.098349	0.003645
-0.046587	0.178287	-0.090714	0.054909
-0.052917	0.172606	-0.094735	0.054910
0.048573	0.160658	-0.114240	0.044241
0.116951	0.163704	-0.114251	0.018736
0.166380	0.176117	-0.120487	-0.041304
0.201306	0.215486	-0.125664	-0.066795
0.042691	0.249616	-0.119278	-0.063996
-0.021610	0.244088	-0.111863	0.001055
-0.042274	0.192541	-0.095218	0.026746
-0.045970	0.177253	-0.091627	0.056060
0.049244	0.158967	-0.100467	0.045817
0.116370	0.162605	-0.107987	0.020431
0.165162	0.175754	-0.119877	-0.042077
0.027994	0.233617	-0.125152	-0.042077
-0.030386	0.233196	-0.102861	0.011571
-0.046584	0.189758	-0.102861	0.032277
0.066370	0.166715	-0.094955	0.029324
0.137507	0.167932	-0.105244	-0.020673
0.023955	0.220245	-0.113823	-0.026403
-0.050471	0.205493	-0.120146	0.019476
-0.050556	0.205489	-0.106288	0.038816
0.061416	0.162554	-0.101584	0.034146
0.132313	0.164857	-0.107689	0.011683
0.179687	0.201433	-0.115729	-0.046912
0.033870	0.237651	-0.121429	-0.048614
-0.045308	0.215422	-0.115077	0.007468
-0.045321	0.189735	-0.099318	0.030084
-0.047641	0.176368	-0.095216	0.045073
0.125909	0.163303	-0.103270	0.013695
0.172949	0.177538	-0.110028	-0.016072
0.203456	0.198538	-0.122758	-0.046001
-0.028984	0.232738	-0.121969	-0.018430
-0.046513	0.211565	-0.116225	0.009643
-0.048368	0.173678	-0.092968	0.047325
0.057249	0.157215	-0.096316	0.039385
0.171581	0.175372	-0.110357	-0.014831
0.204837	0.196247	-0.117461	-0.043776
0.233511	0.215902	-0.121675	-0.068207
0.046000	0.250644	-0.115878	0.001117
-0.038540	0.220899	-0.108475	0.001117
-0.038549	0.193206	-0.092569	0.027189
-0.044305	0.178877	-0.089329	0.044708
-0.057793	0.170534	-0.097978	0.050774
0.040752	0.159292	-0.105198	0.050775
0.106633	0.163673	-0.120050	0.024459
0.190980	0.213859	-0.120054	-0.061681
0.224082	0.213828	-0.124833	-0.061684
0.039822	0.246945	-0.111691	0.003677
-0.040886	0.219342	-0.111672	0.003677
-0.042143	0.192366	-0.095609	0.028072
0.061026	0.161536	-0.091825	0.037797
0.128020	0.165677	-0.100369	0.014227
0.169973	0.181752	-0.115178	-0.015246
0.205478	0.235869	-0.120768	-0.044616
-0.028097	0.234224	-0.119917	-0.017138
-0.046196	0.213146	-0.099483	0.010923
-0.046692	0.175942	-0.092128	0.048463
0.057090	0.159860	-0.095585	0.040405
0.123974	0.163751	-0.109782	-0.013833
0.170985	0.177870	-0.116941	-0.042779
0.030669	0.235598	-0.122206	-0.044623
-0.028737	0.234177	-0.115674	-0.017500
-0.046426	0.188847	-0.099757	0.032267
-0.048278	0.174825	-0.092173	0.047509
0.057090	0.158301	-0.102998	-0.014725
0.171236	0.176256	-0.109460	-0.014727
0.029784	0.234483	-0.120718	-0.044941
0.029778	0.232661	-0.120707	-0.017917
-0.028745	0.207467	-0.099041	0.009995
-0.040582	0.186958	-0.091577	0.031313
-0.045585	0.164274	-0.095573	0.028638
0.138069	0.165735	-0.102280	0.007408
0.185734	0.180030	-0.110982	-0.021005
0.217808	0.238397	-0.117243	-0.050533
-0.023960	0.235261	-0.117014	-0.021880
-0.047096	0.174094	-0.096188	0.047549
-0.052715	0.168198	-0.089104	0.046296
0.047405	0.161126	-0.106682	0.020525
0.114555	0.175886	-0.111495	-0.009901
0.159024	0.194231	-0.122313	-0.038623
0.193735	0.212223	-0.121196	-0.063414
0.225106	0.243928	-0.115860	-0.060229
0.040905	0.238820	-0.108952	-0.028275
-0.022229	0.212320	-0.093237	0.003009
-0.034695	0.212323	-0.086145	0.003009
-0.045481	0.177087	-0.090564	0.042668
0.049028	0.158323	-0.090566	0.043515
0.116416	0.161529	-0.104848	0.018623
0.160695	0.194853	-0.116171	-0.039819
0.226162	0.212930	-0.121354	-0.064301
0.226107	0.212900	-0.115042	-0.064303
0.041211	0.244600	-0.108204	0.002784
-0.042060	0.189778	-0.108185	0.027630
-0.045059	0.175657	-0.089409	0.054951
0.049502	0.157748	-0.097956	0.044671
0.116753	0.161416	-0.110136	-0.010507
0.194931	0.194975	-0.116472	-0.038926
0.225929	0.213104	-0.121554	-0.060044
0.041128	0.244901	-0.115201	-0.060044
-0.022273	0.239864	-0.108341	-0.027860
-0.041265	0.190468	-0.092628	0.044435
-0.052759	0.171265	-0.085593	0.054920
0.048343	0.158952	-0.097853	0.044553
0.115834	0.162453	-0.109642	0.019493
0.159899	0.195739	-0.115953	-0.038805
0.225586	0.213721	-0.121082	-0.063306
0.041143	0.245683	-0.114896	-0.027699
-0.034742	0.213923	-0.108081	0.003802
-0.039394	0.190504	-0.092427	0.027405
-0.039408	0.172669	-0.089921	0.054432
0.048876	0.159442	-0.097789	0.044575
0.116119	0.163066	-0.109241	0.019493
0.159987	0.196349	-0.115726	-0.038761
0.194633	0.196361	-0.120828	-0.038763
0.041200	0.246169	-0.114657	-0.059787
-0.021559	0.241451	-0.114646	0.003620
-0.039122	0.191105	-0.092245	0.027310
-0.045246	0.178952	-0.085161	0.043604
-0.052260	0.160343	-0.097565	0.044357
0.116471	0.163686	-0.104078	0.019429
0.160403	0.178553	-0.115433	-0.038732
0.225700	0.214755	-0.120588	-0.063159
0.225646	0.214726	-0.114449	-0.063162
-0.022102	0.241331	-0.107667	0.003696
-0.040173	0.190755	-0.107649	0.028044
-0.044495	0.177201	-0.085125	0.044512
-0.051578	0.171667	-0.097722	0.044972
0.116202	0.163141	-0.104578	0.019921
0.159986	0.178165	-0.115818	-0.010042
0.194322	0.196467	-0.120851	-0.038352
-0.029371	0.230617	-0.119801	-0.013966
-0.048228	0.186131	-0.114560	0.033124
0.063988	0.164679	-0.092076	0.030172
0.133943	0.168042	-0.101972	0.008484
0.208798	0.204420	-0.110232	-0.047098
0.208748	0.204396	-0.115850	-0.047100
0.034629	0.238473	-0.109974	-0.019465
-0.044848	0.213044	-0.109956	0.008895
-0.045789	0.188501	-0.095134	0.031601
-0.047702	0.175165	-0.092167	0.039215
0.057107	0.178417	-0.099814	-0.014393
0.202960	0.199382	-0.106411	-0.043076
0.202908	0.199358	-0.117815	-0.043078
0.029917	0.235734	-0.112281	-0.017147
-0.046624	0.187237	-0.112264	0.032357
-0.046703	0.187243	-0.096755	0.047420
0.055971	0.158968	-0.100548	0.038845
0.122981	0.162632	-0.106806	0.014839
0.170053	0.177121	-0.113433	-0.043632
0.031297	0.235404	-0.118489	-0.045269
-0.027543	0.233470	-0.111706	-0.018479
-0.045171	0.187614	-0.096244	0.031194
-0.045287	0.187629	-0.088982	0.031195
0.057659	0.158872	-0.099934	-0.015650
0.171668	0.176354	-0.099945	-0.015650
0.204166	0.197950	-0.116756	-0.068798
0.232289	0.244942	-0.116754	-0.032695
-0.017809	0.244934	-0.110871	-0.032694
-0.037391	0.220354	-0.081518	0.025107
-0.037577	0.176801	-0.081522	0.042950
-0.049488	0.170333	-0.085709	0.054522
0.050220	0.158034	-0.101453	0.044645
0.163651	0.176671	-0.106724	-0.010186
0.197670	0.196845	-0.112976	-0.039287
0.042056	0.248877	-0.117165	-0.060927
-0.020997	0.243693	-0.111772	-0.028986
-0.033721	0.216089	-0.089167	0.002853
-0.040260	0.192762	-0.082397	0.044078
-0.051895	0.171820	-0.087196	0.055135
0.048228	0.158918	-0.102078	0.045080
0.114460	0.177221	-0.107335	-0.009880
0.196404	0.197225	-0.113773	-0.039020
0.028115	0.233379	-0.118075	-0.015259
-0.046946	0.211844	-0.112692	0.011400
-0.047441	0.187753	-0.089974	0.030436
0.134869	0.166699	-0.093397	0.008976
0.212577	0.204546	-0.100402	-0.047934
0.212528	0.204523	-0.114856	-0.049275
-0.026645	0.237455	-0.108808	0.007905
-0.045651	0.189311	-0.093464	0.030990
-0.052402	0.169800	-0.086634	0.056334
-0.052441	0.158428	-0.098251	0.044982
0.112553	0.163354	-0.109623	0.019219
0.160478	0.177248	-0.115345	-0.011087
0.195682	0.197108	-0.119796	-0.040354
0.226458	0.216392	-0.118799	-0.030910
-0.019580	0.243361	-0.113216	-0.030909
-0.038393	0.219213	-0.083364	0.025213
-0.049945	0.169427	-0.083368	0.053594
-0.049983	0.162145	-0.095788	0.018504
0.115326	0.162150	-0.107599	0.018504
0.162844	0.176354	-0.118299	-0.039985
0.042973	0.248048	-0.118299	-0.061623
0.042971	0.248031	-0.117383	-0.061623
-0.032875	0.215135	-0.089321	0.001928
-0.032888	0.191844	-0.089322	0.026174
-0.044589	0.178281	-0.087121	0.042600
-0.051114	0.171252	-0.094811	0.044035
0.114901	0.162613	-0.101441	0.019303
0.162273	0.177048	-0.112896	-0.010622
0.196639	0.216991	-0.117741	-0.064700
0.043061	0.249633	-0.116916	-0.061519
-0.020009	0.244235	-0.104408	-0.029693
-0.038889	0.192598	-0.088900	0.026954
-0.043752	0.176562	-0.082116	0.044151
-0.050373	0.169882	-0.094792	0.055190
0.114232	0.162503	-0.101990	0.020078
0.114246	0.162508	-0.107178	0.020078
0.161408	0.177169	-0.118080	-0.009951
0.193198	0.197769	-0.118081	-0.038635
0.224846	0.216428	-0.117204	-0.060487
-0.020343	0.243715	-0.111650	-0.028793
-0.043837	0.176639	-0.104756	0.044516
-0.050722	0.169105	-0.082533	0.055878
0.047615	0.157875	-0.102190	0.044973
0.156273	0.179474	-0.107411	-0.009886
0.193297	0.197278	-0.113232	-0.038221
0.223788	0.215930	-0.116740	-0.062645
0.041538	0.248280	-0.111876	-0.059194
-0.021234	0.242850	-0.105007	-0.027437
-0.033711	0.215816	-0.089717	0.003738
-0.038249	0.192437	-0.082938	0.027106
-0.038263	0.192444	-0.087489	0.027106
-0.051625	0.173904	-0.095172	0.053804
0.048461	0.160169	-0.095174	0.043961
0.048459	0.160179	-0.106304	0.043961
0.157560	0.181019	-0.112530	-0.010481
0.194451	0.198761	-0.112534	-0.038728
0.224715	0.217395	-0.116209	-0.063076
0.042068	0.249558	-0.111379	-0.059545
-0.020870	0.243866	-0.104555	-0.027715
-0.020880	0.243860	-0.089327	-0.027715
-0.038059	0.193063	-0.082630	0.027011
-0.038073	0.193070	-0.082634	0.027011
-0.051825	0.173973	-0.094947	0.054057
0.047945	0.160448	-0.094949	0.044116
0.113670	0.165167	-0.106178	0.019304
0.156942	0.181405	-0.112371	-0.010346
0.191257	0.199605	-0.117113	-0.038227
0.191432	0.199615	-0.116078	-0.038228
0.041735	0.248995	-0.111144	-0.058781
-0.020282	0.243891	-0.111133	-0.027500
-0.033148	0.216832	-0.089553	0.003726
-0.037871	0.193372	-0.082788	0.027126
-0.044085	0.180496	-0.087341	0.043221
-0.051429	0.174714	-0.094986	0.053890
0.048521	0.161439	-0.101343	0.043776
0.114493	0.165861	-0.106095	0.019158
0.114508	0.165864	-0.112178	0.019159
0.157751	0.182063	-0.116955	-0.010410
0.192075	0.200308	-0.116955	-0.062848
0.224930	0.250467	-0.115918	-0.059646
-0.019480	0.245203	-0.110968	-0.028125
-0.038582	0.221473	-0.089240	0.003119
-0.040110	0.194260	-0.082460	0.027862
-0.050037	0.171721	-0.086453	0.055656
0.048550	0.159300	-0.094853	0.020619
0.159945	0.179399	-0.107062	-0.009534
0.194296	0.199441	-0.117789	-0.063611
0.042778	0.251964	-0.116808	-0.060512
-0.038623	0.222051	-0.104352	0.002509
-0.038636	0.222053	-0.088958	0.027395
-0.043265	0.179124	-0.086183	0.043976
0.126654	0.166960	-0.086186	0.014799
0.126667	0.166964	-0.101561	-0.014090
0.201270	0.203655	-0.114453	-0.041822
0.031449	0.238943	-0.113718	-0.042881
-0.045397	0.189611	-0.108247	0.034282
-0.045824	0.189617	-0.093404	0.034283
-0.047323	0.177041	-0.097731	0.048711
0.121999	0.166924	-0.097738	0.016358
0.122009	0.181829	-0.103868	-0.013136
0.198310	0.203557	-0.115335	-0.041503
0.030402	0.213830	-0.114326	0.010556
-0.045089	0.189393	-0.108600	0.032388
-0.045126	0.189409	-0.090702	0.029403
0.067525	0.170336	-0.097916	0.008007
0.183328	0.185058	-0.097926	-0.019979
0.039198	0.242841	-0.112076	-0.049117
-0.022711	0.239111	-0.111621	-0.021262
-0.036437	0.212013	-0.091603	0.030682
-0.042881	0.177564	-0.084906	0.046325
-0.053503	0.172529	-0.089138	0.056184
0.045293	0.160944	-0.101614	-0.010493
0.157955	0.180970	-0.105934	-0.010492
0.193093	0.200634	-0.111495	-0.039499
0.222690	0.219645	-0.115218	-0.061140
-0.019419	0.245568	-0.109993	-0.029853
-0.038110	0.221162	-0.088045	0.001298
-0.042937	0.177458	-0.081438	0.043022
0.125971	0.166712	-0.085486	0.013236
0.125982	0.166716	-0.100804	-0.015435
0.201076	0.203195	-0.113172	-0.042985
-0.026684	0.235247	-0.112384	-0.016770
-0.026694	0.212819	-0.106910	0.011119
-0.043557	0.188200	-0.085618	0.033016
-0.046574	0.166624	-0.089292	0.015689
0.121470	0.166628	-0.096679	0.015689
0.167528	0.203363	-0.114120	-0.042017
0.030680	0.238468	-0.114120	-0.043370
-0.026937	0.235158	-0.107413	0.010140
0.067084	0.166179	-0.092858	0.029385
0.136284	0.168764	-0.086211	0.008296
0.136299	0.168770	-0.105361	0.008296
0.177264	0.205983	-0.111063	-0.046854
0.037069	0.239742	-0.111063	-0.047772
-0.023438	0.235347	-0.105188	-0.020064
-0.044228	0.187689	-0.090889	0.031634
-0.046843	0.174604	-0.084552	0.047165
0.056164	0.161252	-0.095464	-0.013702
0.168011	0.180920	-0.101696	-0.013702
0.200411	0.202283	-0.108164	-0.042133
0.030432	0.234944	-0.112117	-0.016937
-0.045148	0.188357	-0.106687	0.032208
-0.046895	0.174636	-0.085355	0.047090
0.055830	0.160971	-0.096235	0.014553
0.168094	0.180522	-0.102342	-0.014857
0.230781	0.221949	-0.108647	-0.067901
0.046898	0.254244	-0.112217	-0.064353
0.046894	0.254228	-0.099736	-0.031908
-0.017411	0.217915	-0.084855	0.000187
-0.037995	0.193895	-0.078655	0.024878
-0.050151	0.172492	-0.083549	0.053618
0.048892	0.159502	-0.091113	0.043807
0.113938	0.164946	-0.102834	0.019031
0.194402	0.200355	-0.108953	-0.039254
0.194568	0.200366	-0.113575	-0.064041
0.224892	0.220275	-0.107656	-0.060324
-0.019555	0.245934	-0.107645	-0.029014
-0.039965	0.194047	-0.085994	0.027156
-0.039978	0.194053	-0.079609	0.027157
-0.043415	0.178090	-0.092226	0.044222
-0.050581	0.172626	-0.092228	0.054702
0.048377	0.159535	-0.099252	0.044660
0.112578	0.165340	-0.104050	0.019971
0.158995	0.181176	-0.110068	-0.009778
0.193233	0.201526	-0.114624	-0.038511
0.224015	0.221216	-0.113822	-0.063383
0.043236	0.253815	-0.108660	-0.060232
-0.019222	0.247723	-0.101856	-0.028748
-0.038131	0.223091	-0.086875	0.002593
-0.042785	0.179304	-0.080357	0.044446
-0.049691	0.172369	-0.084537	0.055286
-0.049729	0.172380	-0.099900	0.055287
0.112295	0.166929	-0.104830	0.019801
0.158865	0.182721	-0.104839	-0.009790
0.190469	0.203296	-0.114895	-0.038043
0.221117	0.221656	-0.114106	-0.062207
0.221074	0.221632	-0.108872	-0.062210
-0.020166	0.246669	-0.102293	-0.027006
-0.038805	0.195125	-0.102276	0.027916
-0.042824	0.181077	-0.081251	0.037340
0.125500	0.170388	-0.093580	0.014394
0.166500	0.187237	-0.100131	-0.014049
0.198557	0.240460	-0.112207	-0.041025
-0.027530	0.236662	-0.111149	-0.013874
-0.039943	0.210988	-0.091964	0.013557
-0.043611	0.190322	-0.085647	0.034193
-0.048156	0.180185	-0.089874	0.015934
0.166803	0.205819	-0.096357	-0.041347
0.226486	0.224587	-0.113032	-0.065103
0.043309	0.247915	-0.106609	-0.029230
-0.020175	0.247910	-0.099990	-0.029230
-0.020185	0.194996	-0.079055	0.026329
-0.037703	0.180875	-0.079059	0.043236
-0.043895	0.180881	-0.091679	0.043237
-0.043969	0.175558	-0.098219	0.053933
-0.051597	0.162641	-0.098225	0.043902
0.047622	0.182754	-0.102935	-0.009876
0.193294	0.203069	-0.108910	-0.038481
0.222232	0.222728	-0.112959	-0.059205
-0.020433	0.247512	-0.107866	-0.027564
-0.033191	0.219310	-0.086370	0.003710
-0.037709	0.195379	-0.080107	0.043329
-0.051362	0.176857	-0.084945	0.053991
0.047723	0.163773	-0.098666	0.019407
0.154935	0.186275	-0.103274	-0.009913
0.188863	0.204897	-0.109117	-0.061388
0.220506	0.222439	-0.112737	-0.061391
0.042087	0.253692	-0.108025	-0.057735
-0.020025	0.247381	-0.101774	0.004327
-0.050431	0.174435	-0.087329	0.055892
-0.050469	0.169318	-0.085155	0.020354
0.155818	0.185432	-0.104682	-0.037869
0.223479	0.225262	-0.114512	-0.060150
-0.019610	0.252036	-0.108990	0.002687
