-11.253850	0.000000	0.000000	0.000000
-11.253347	0.001155	-0.503455	0.000000
-11.253345	0.001164	-0.503427	0.004000
-11.253353	0.001161	-0.503428	0.016000
-11.251124	-0.000062	-0.503362	0.036000
-11.248088	-0.001770	-0.503311	0.064000
-11.242280	-0.004764	-0.502269	0.100000
-11.231779	-0.009213	-0.498474	0.144000
-11.216775	-0.015201	-0.491446	0.196000
-11.199231	-0.021262	-0.480824	0.256000
-11.174767	-0.028081	-0.462293	0.321000
-11.151754	-0.033000	-0.441817	0.386000
-11.128424	-0.036472	-0.418185	0.451000
-11.096009	-0.039150	-0.380821	0.516000
-11.059242	-0.038726	-0.332669	0.581000
-11.020795	-0.036808	-0.284171	0.646000
-10.975307	-0.034185	-0.233084	0.711000
-10.936250	-0.031472	-0.194136	0.776000
-10.892741	-0.028736	-0.157407	0.841000
-10.834623	-0.024799	-0.115201	0.906000
-10.778703	-0.020869	-0.081537	0.971000
-10.725710	-0.017059	-0.054061	1.036000
-10.673424	-0.013197	-0.031837	1.101000
-10.627056	-0.009754	-0.015582	1.166000
-10.583554	-0.006798	-0.003472	1.231000
-10.534035	-0.003449	0.008257	1.296000
-10.477160	0.000335	0.019290	1.361000
-10.419094	0.004342	0.028718	1.426000
-10.369418	0.008030	0.036073	1.491000
-10.316831	0.011632	0.041954	1.556000
-10.254409	0.016031	0.046724	1.621000
-10.189854	0.020459	0.050351	1.686000
-10.126001	0.024838	0.053104	1.751000
-10.062927	0.029033	0.055124	1.816000
-9.973185	0.035001	0.058017	1.881000
-9.917249	0.039001	0.060118	1.946000
-9.839235	0.045033	0.063435	2.011000
-9.777628	0.049845	0.065936	2.076000
-9.717688	0.054519	0.067879	2.141000
-9.664146	0.059103	0.070099	2.206000
-9.604474	0.065098	0.074453	2.271000
-9.550388	0.071197	0.079693	2.336000
-9.480717	0.079567	0.087795	2.401000
-9.426840	0.086489	0.094796	2.466000
-9.366919	0.095364	0.104013	2.531000
-9.310134	0.104637	0.114768	2.596000
-9.252934	0.115319	0.127583	2.661000
-9.182205	0.130073	0.145602	2.726000
-9.122716	0.144213	0.162562	2.791000
-9.074218	0.156983	0.178144	2.856000
-9.018769	0.173389	0.197977	2.921000
-8.955798	0.193877	0.222648	2.986000
-8.893646	0.216492	0.249793	3.051000
-8.834941	0.241011	0.281089	3.116000
-8.788806	0.262999	0.308932	3.181000
-8.739806	0.289172	0.342307	3.246000
-8.691771	0.318109	0.378882	3.311000
-8.643461	0.351284	0.421989	3.376000
-8.590386	0.394072	0.479452	3.441000
-8.547550	0.434697	0.532957	3.506000
-8.511786	0.474197	0.586082	3.571000
-8.471225	0.529358	0.662329	3.636000
-8.433575	0.594423	0.753443	3.701000
-8.407540	0.654855	0.838767	3.766000
-8.385793	0.728099	0.945097	3.831000
-8.376258	0.784760	1.029006	3.896000
-8.373156	0.830332	1.099092	3.961000
-8.373930	0.881173	1.178340	4.026000
-8.378569	0.922771	1.246009	4.091000
-8.390562	0.979674	1.343969	4.156000
-8.404683	1.024546	1.424001	4.221000
-8.433356	1.087625	1.546121	4.286000
-8.466175	1.142744	1.659140	4.351000
-8.497559	1.186032	1.749221	4.416000
-8.529274	1.225787	1.829999	4.481000
-8.560810	1.261341	1.902213	4.546000
-8.608044	1.308445	1.999661	4.611000
-8.648623	1.343432	2.074825	4.676000
-8.699281	1.382731	2.159435	4.741000
-8.753469	1.420372	2.239436	4.806000
-8.803422	1.451682	2.305599	4.871000
-8.858947	1.484066	2.370408	4.936000
-8.913501	1.513255	2.427178	5.001000
-8.975525	1.543558	2.485414	5.066000
-9.019777	1.563618	2.522104	5.131000
-9.084797	1.592524	2.568086	5.196000
-9.139854	1.615162	2.603625	5.261000
-9.187417	1.634237	2.630729	5.326000
-9.232390	1.652373	2.651150	5.391000
-9.289138	1.675385	2.672327	5.456000
-9.347538	1.699071	2.689534	5.521000
-9.403804	1.721754	2.702717	5.586000
-9.471725	1.749817	2.713399	5.651000
-9.533899	1.776010	2.719285	5.716000
-9.587744	1.799041	2.721960	5.781000
-9.634886	1.819525	2.722674	5.846000
-9.697519	1.847875	2.720143	5.911000
-9.748783	1.872619	2.714152	5.976000
-9.797971	1.896904	2.706836	6.041000
-9.845780	1.922326	2.697066	6.106000
-9.897275	1.950818	2.683934	6.171000
-9.947264	1.980247	2.669218	6.236000
-9.995294	2.010802	2.651718	6.301000
-10.051049	2.048048	2.628652	6.366000
-10.092051	2.077000	2.609990	6.431000
-10.139682	2.112207	2.586674	6.496000
-10.184911	2.148105	2.562475	6.561000
-10.227327	2.183479	2.538520	6.626000
-10.265010	2.216706	2.515676	6.691000
-10.304089	2.253652	2.489834	6.756000
-10.344312	2.294172	2.461040	6.821000
-10.384965	2.338104	2.429822	6.886000
-10.423174	2.383518	2.397276	6.951000
-10.457653	2.428344	2.364709	7.016000
-10.495318	2.482063	2.325582	7.081000
-10.532886	2.541881	2.282181	7.146000
-10.564282	2.596321	2.243521	7.211000
-10.589307	2.642430	2.212087	7.276000
-10.617868	2.696192	2.176524	7.341000
-10.641282	2.743815	2.145806	7.406000
-10.669688	2.805042	2.107241	7.471000
-10.694581	2.862452	2.071965	7.536000
-10.718696	2.922110	2.035299	7.601000
-10.739247	2.975953	2.002704	7.666000
-10.771340	3.064845	1.949570	7.731000
-10.791083	3.125579	1.913615	7.796000
-10.804739	3.171629	1.886574	7.861000
-10.822872	3.238909	1.846988	7.926000
-10.834751	3.290945	1.816578	7.991000
-10.844858	3.343543	1.786423	8.056000
-10.854165	3.404392	1.752309	8.121000
-10.860716	3.461792	1.721023	8.186000
-10.865250	3.524145	1.688295	8.251000
-10.867097	3.577045	1.661990	8.316000
-10.866742	3.645361	1.630709	8.381000
-10.864334	3.698944	1.608565	8.446000
-10.859658	3.756026	1.587930	8.511000
-10.854033	3.806819	1.571659	8.576000
-10.845230	3.873261	1.551043	8.641000
-10.836469	3.929025	1.533778	8.706000
-10.823548	3.999443	1.511600	8.771000
-10.808421	4.068323	1.489157	8.836000
-10.793690	4.125692	1.469243	8.901000
-10.776555	4.181944	1.447898	8.966000
-10.756244	4.241429	1.424009	9.031000
-10.736723	4.291381	1.401940	9.096000
-10.715876	4.339537	1.379225	9.161000
-10.688710	4.395186	1.351256	9.226000
-10.660957	4.445955	1.322712	9.291000
-10.634084	4.489058	1.295826	9.356000
-10.601894	4.536034	1.262187	9.421000
-10.563622	4.584685	1.222759	9.486000
-10.524346	4.628614	1.180416	9.551000
-10.491671	4.662561	1.144977	9.616000
-10.450273	4.702652	1.099059	9.681000
-10.416313	4.733681	1.060551	9.746000
-10.383685	4.761843	1.022944	9.811000
-10.341769	4.796120	0.974414	9.876000
-10.302928	4.826362	0.928095	9.941000
-10.252308	4.861953	0.864787	10.006000
-10.196865	4.895311	0.792133	10.071000
-10.157500	4.915428	0.739438	10.136000
-10.115026	4.934321	0.682339	10.201000
-10.079119	4.948326	0.634898	10.266000
-10.029944	4.965348	0.571814	10.331000
-9.988508	4.977983	0.521653	10.396000
-9.952532	4.988349	0.481154	10.461000
-9.900285	5.003294	0.427261	10.526000
-9.847317	5.017163	0.377073	10.591000
-9.789726	5.029831	0.324976	10.656000
-9.737512	5.038489	0.278183	10.721000
-9.670699	5.045839	0.220082	10.786000
-9.612248	5.049150	0.169748	10.851000
-9.561540	5.049207	0.126336	10.916000
-9.507945	5.046402	0.080377	10.981000
-9.451544	5.039999	0.034042	11.046000
-9.388996	5.030670	-0.011211	11.111000
-9.326740	5.020210	-0.048829	11.176000
-9.269039	5.009395	-0.078509	11.241000
-9.214624	4.998421	-0.102089	11.306000
-9.154989	4.985822	-0.124064	11.371000
-9.099011	4.973193	-0.142599	11.436000
-9.034737	4.957936	-0.160818	11.501000
-8.969280	4.941524	-0.177517	11.566000
-8.904412	4.924223	-0.192848	11.631000
-8.841269	4.907745	-0.204399	11.696000
-8.767510	4.888871	-0.214095	11.761000
-8.712742	4.874744	-0.220379	11.826000
-8.648635	4.857927	-0.227056	11.891000
-8.592570	4.842865	-0.232366	11.956000
-8.539330	4.828305	-0.237816	12.021000
-8.492661	4.815401	-0.242596	12.086000
-8.436247	4.799252	-0.248630	12.151000
-8.380313	4.782710	-0.255923	12.216000
-8.323696	4.765611	-0.263340	12.281000
-8.270148	4.749182	-0.270593	12.346000
-8.194612	4.724363	-0.283119	12.411000
-8.134105	4.703595	-0.293772	12.476000
-8.078053	4.683224	-0.304827	12.541000
-8.021378	4.661559	-0.316709	12.606000
-7.971604	4.641593	-0.328318	12.671000
-7.909660	4.615576	-0.343357	12.736000
-7.859811	4.593561	-0.356122	12.801000
-7.807565	4.569366	-0.370219	12.866000
-7.744438	4.539118	-0.387594	12.931000
-7.680103	4.506582	-0.406370	12.996000
-7.621208	4.475249	-0.424236	13.061000
-7.564318	4.443623	-0.441985	13.126000
-7.503475	4.408192	-0.461501	13.191000
-7.451300	4.376632	-0.478616	13.256000
-7.400286	4.344522	-0.495283	13.321000
-7.336149	4.302448	-0.516544	13.386000
-7.282344	4.265758	-0.534520	13.451000
-7.228414	4.227866	-0.552152	13.516000
-7.169987	4.185143	-0.571088	13.581000
-7.120432	4.147878	-0.587098	13.646000
-7.071714	4.110389	-0.601126	13.711000
-7.032078	4.079483	-0.611426	13.776000
-6.983917	4.041529	-0.622858	13.841000
-6.915898	3.987729	-0.635870	13.906000
-6.861457	3.944660	-0.644029	13.971000
-6.816703	3.909539	-0.648972	14.036000
-6.775376	3.877704	-0.651393	14.101000
-6.721219	3.835850	-0.652504	14.166000
-6.678162	3.803417	-0.652102	14.231000
-6.624415	3.763356	-0.650039	14.296000
-6.585254	3.735123	-0.647081	14.361000
-6.544232	3.705837	-0.642839	14.426000
-6.496928	3.673373	-0.636147	14.491000
-6.443716	3.638020	-0.627480	14.556000
-6.399898	3.609259	-0.620279	14.621000
-6.362468	3.584985	-0.614264	14.686000
-6.286427	3.537518	-0.600670	14.751000
-6.237732	3.507833	-0.591460	14.816000
-6.191625	3.480007	-0.583261	14.881000
-6.130105	3.443715	-0.572471	14.946000
-6.068462	3.408618	-0.560865	15.011000
-6.021210	3.382104	-0.552627	15.076000
-5.973446	3.355588	-0.545061	15.141000
-5.913424	3.323060	-0.535545	15.206000
-5.865131	3.297076	-0.528462	15.271000
-5.808966	3.267084	-0.521263	15.336000
-5.759874	3.240820	-0.516084	15.401000
-5.701186	3.209944	-0.510558	15.466000
-5.644489	3.180249	-0.505953	15.531000
-5.583113	3.147853	-0.501902	15.596000
-5.533346	3.121639	-0.499442	15.661000
-5.485580	3.096458	-0.497957	15.726000
-5.431663	3.067525	-0.497702	15.791000
-5.366571	3.032755	-0.498509	15.856000
-5.314826	3.004367	-0.500559	15.921000
-5.260102	2.973624	-0.503967	15.986000
-5.205034	2.941981	-0.508099	16.051000
-5.146132	2.907345	-0.513760	16.116000
-5.089182	2.873255	-0.520515	16.181000
-5.032717	2.838181	-0.528716	16.246000
-4.979265	2.804307	-0.537336	16.311000
-4.913990	2.761039	-0.549616	16.376000
-4.867654	2.729616	-0.559225	16.441000
-4.816367	2.693304	-0.570975	16.506000
-4.771161	2.660388	-0.581881	16.571000
-4.718305	2.620764	-0.595658	16.636000
-4.665904	2.580132	-0.609573	16.701000
-4.617250	2.541191	-0.623189	16.766000
-4.563647	2.497042	-0.638643	16.831000
-4.514157	2.455073	-0.652600	16.896000
-4.465931	2.413346	-0.665851	16.961000
-4.417144	2.370091	-0.679078	17.026000
-4.373011	2.330666	-0.689683	17.091000
-4.330400	2.292204	-0.698922	17.156000
-4.283005	2.249284	-0.707406	17.221000
-4.241273	2.211470	-0.713713	17.286000
-4.200776	2.175023	-0.717673	17.351000
-4.151855	2.131818	-0.720073	17.416000
-4.102000	2.088110	-0.720500	17.481000
-4.052899	2.046103	-0.718694	17.546000
-4.011446	2.011110	-0.715649	17.611000
-3.964106	1.972147	-0.710363	17.676000
-3.911949	1.930622	-0.701999	17.741000
-3.875081	1.902693	-0.694437	17.806000
-3.826927	1.867384	-0.683170	17.871000
-3.772933	1.829303	-0.668763	17.936000
-3.721535	1.794777	-0.653713	18.001000
-3.663493	1.757722	-0.635125	18.066000
-3.617398	1.729803	-0.619742	18.131000
-3.558675	1.696060	-0.599330	18.196000
-3.505660	1.667110	-0.580084	18.261000
-3.454981	1.641189	-0.561312	18.326000
-3.398202	1.613521	-0.539751	18.391000
-3.341856	1.587706	-0.518229	18.456000
-3.290200	1.565613	-0.497454	18.521000
-3.221207	1.538280	-0.469365	18.586000
-3.142707	1.510263	-0.436750	18.651000
-3.090876	1.493362	-0.415090	18.716000
-3.042494	1.478534	-0.395102	18.781000
-2.984707	1.462645	-0.370738	18.846000
-2.923278	1.447529	-0.344147	18.911000
-2.872939	1.436794	-0.321543	18.976000
-2.822481	1.427330	-0.298432	19.041000
-2.756528	1.416970	-0.267638	19.106000
-2.693336	1.409273	-0.237903	19.171000
-2.637873	1.404030	-0.211878	19.236000
-2.578889	1.399842	-0.184824	19.301000
-2.505858	1.396837	-0.151672	19.366000
-2.440326	1.395732	-0.122911	19.431000
-2.378675	1.396105	-0.097189	19.496000
-2.326338	1.397323	-0.076527	19.557001
-2.269393	1.399711	-0.055267	19.611893
-2.208644	1.402868	-0.033965	19.660933
-2.148369	1.407047	-0.013940	19.704485
-2.072537	1.413486	0.009454	19.742937
-1.991700	1.421148	0.031265	19.776685
-1.904844	1.430153	0.050900	19.807082
-1.840009	1.437296	0.062929	19.835111
-1.790879	1.442785	0.070255	19.860982
-1.728503	1.449639	0.078235	19.884864
-1.676252	1.455592	0.084050	19.906909
-1.627865	1.460950	0.088160	19.927257
-1.578372	1.466530	0.091601	19.946038
-1.514729	1.473753	0.095309	19.963373
-1.445601	1.481641	0.098906	19.979371
-1.370168	1.490092	0.102135	19.994140
-1.264411	1.501691	0.105196	20.007773
-1.187053	1.510447	0.106935	20.020356
-1.114302	1.518605	0.107856	20.031964
-1.013929	1.530074	0.108511	20.042672
-0.942721	1.538097	0.108488	20.052574
-0.856691	1.547921	0.108169	20.061715
-0.788874	1.555519	0.107669	20.070151
-0.707719	1.564488	0.106964	20.077938
-0.627145	1.573285	0.106291	20.085124
-0.565113	1.580024	0.105638	20.091758
-0.514400	1.585636	0.105046	20.097880
-0.454595	1.591973	0.103852	20.103531
-0.409030	1.596486	0.102347	20.108744
-0.366048	1.600495	0.100356	20.113556
-0.327918	1.603870	0.098029	20.117972
-0.291347	1.606687	0.094862	20.122073
-0.255515	1.608971	0.090987	20.125857
-0.222351	1.610958	0.087246	20.129348
-0.192230	1.612434	0.083378	20.132522
-0.165495	1.613820	0.079937	20.135457
-0.143021	1.614636	0.076570	20.138159
-0.121627	1.615132	0.072768	20.140639
-0.099298	1.615618	0.068352	20.142981
-0.078261	1.615744	0.063780	20.145142
-0.062838	1.615494	0.059800	20.147075
-0.049041	1.615079	0.055858	20.148915
-0.036681	1.614927	0.052594	20.150610
-0.026334	1.614676	0.049820	20.152170
