0.000000
0.257966
0.070958
0.161611
0.130678
0.088940
0.086502
0.077688
0.111659
0.081650
0.096363
0.105020
0.108613
0.097369
0.102839
0.084167
0.096481
0.099827
0.077774
0.084919
0.083064
0.088357
0.092499
0.092921
0.078764
0.114932
0.078239
0.088409
0.118743
0.136324
0.153318
0.144513
0.143202
0.164871
0.132879
0.164555
0.123640
0.136722
0.102890
0.100374
0.097593
0.092343
0.104333
0.092588
0.089979
0.085241
0.078912
0.093938
0.094988
0.087324
0.093442
0.081959
0.100319
0.098705
0.081339
0.117139
0.083579
0.116029
0.084692
0.090971
0.098773
0.107626
0.119417
0.116084
0.111555
0.083047
0.077080
0.088358
0.108643
0.092235
0.107605
0.107872
0.079920
0.114398
0.094977
0.082952
0.103502
0.078496
0.078586
0.096134
0.087050
0.091848
0.078650
0.095287
0.090393
0.093639
0.117980
0.089891
0.109663
0.082152
0.087237
0.149232
0.148100
0.136593
0.125224
0.132170
0.126978
0.123087
0.119320
0.120113
0.129710
0.124216
0.126138
0.113774
0.117316
0.126671
0.126325
0.099154
0.090103
0.107489
0.090508
0.120728
0.102894
0.090176
0.115876
0.092102
0.116018
0.088052
0.112921
0.094085
0.124193
0.102805
0.092612
0.139553
0.126194
0.100187
0.113503
0.105447
0.112606
0.142647
0.113915
0.126899
0.115708
0.129164
0.108139
0.128552
0.116688
0.158626
0.162937
0.131725
0.148587
0.156286
0.114965
0.117015
0.128405
0.115124
0.129421
0.116112
0.139889
0.140806
0.124956
0.128007
0.127187
0.161102
0.132902
0.123486
0.145535
0.110238
0.133314
0.150983
0.142123
0.131664
0.115358
0.140612
0.123122
0.102724
0.118601
0.128944
0.110459
0.098973
0.124146
0.128297
0.102144
0.112488
0.094996
0.120841
0.125986
0.122159
0.124802
0.125590
0.110259
0.110671
0.110712
0.123103
0.118627
0.124112
0.131781
0.132470
0.114871
0.108265
0.104992
0.117296
0.131468
0.133413
0.113122
0.132093
0.114235
0.105385
0.136542
0.116772
0.121203
0.095984
0.093985
0.088439
0.094117
0.121767
0.096942
0.117359
0.093511
0.097784
0.122489
0.096195
0.108423
0.117532
0.131192
0.088060
0.090194
0.134304
0.141439
0.121177
0.111938
0.087825
0.121300
0.110900
0.134937
0.102916
0.109621
0.115239
0.100998
0.102616
0.094522
0.136991
0.105277
0.116571
0.110441
0.087858
0.102490
0.099374
0.126103
0.120767
0.125537
0.091213
0.113969
0.115080
0.122328
0.113586
0.120603
0.131378
0.122939
0.122650
0.134481
0.129575
0.136258
0.124323
0.124502
0.141683
0.145942
0.122658
0.129144
0.130870
0.135997
0.150296
0.132860
0.112181
0.125991
0.115430
0.122416
0.132496
0.127570
0.148099
0.118545
0.109575
0.107255
0.084804
0.097149
0.106775
0.121964
0.113185
0.089706
0.135094
0.151793
0.124955
0.117905
0.122623
0.149263
0.137064
0.121961
0.135688
0.140759
0.138479
0.141588
0.124386
0.118222
0.116766
0.139267
0.118776
0.105988
0.099961
0.095571
0.089201
0.125201
0.102086
0.093143
0.095955
0.122748
0.144622
0.139148
0.098125
0.083426
0.120124
0.109435
0.120815
0.114817
0.096474
0.087802
0.087209
0.080153
0.077364
0.117174
0.125830
0.153444
0.211011
0.147635
0.139355
0.186156
0.145030
0.146242
0.134914
0.132778
0.167816
0.116157
0.109679
0.082982
0.099517
0.093533
0.084306
0.090096
0.105356
0.096241
0.090351
0.094297
0.103055
0.111410
0.080377
0.109612
0.076641
0.093974
0.101238
0.104854
0.088015
0.000161
0.000124
0.000134
0.000158
0.000170
0.000125
0.000167
0.000127
0.000148
0.000168
0.000206
0.000166
0.000235
0.000163
0.000127
0.000179
0.000378
0.000250
0.000178
0.000133
0.000139
