0.000000	0.000000	0.000000	0.000000	0.000000	0.000000	0.000000	0.000000	0.000000	0.000000
-0.001551	-0.001622	-0.001586	-0.001586	0.000000	0.000000	0.000000	0.000000	-0.000008	0.040000
0.000618	0.000785	0.000702	0.000702	0.000000	0.000000	0.000000	0.000000	0.000011	0.120000
0.007052	0.008028	0.007540	0.007541	0.000000	0.000000	0.000000	0.000000	0.000124	0.200000
0.018025	0.019810	0.018915	0.018921	0.000000	0.000000	0.000000	0.000000	0.000331	0.280000
0.033417	0.036268	0.034832	0.034853	0.000000	0.000000	0.000000	0.000000	0.000659	0.360000
0.053146	0.057446	0.055266	0.055325	0.000000	0.000000	0.000000	0.000000	0.001151	0.440000
0.077151	0.083409	0.080211	0.080348	0.000000	0.000000	0.000000	0.000000	0.001862	0.520000
0.099487	0.120058	0.109560	0.109984	0.000000	0.000000	0.000000	0.000000	0.004200	0.600000
0.131942	0.150523	0.140825	0.141639	0.000000	0.000000	0.000000	0.000000	0.006262	0.650000
0.164027	0.181345	0.172039	0.173329	0.000000	0.000000	0.000000	0.000000	0.008122	0.650000
0.196063	0.217553	0.205817	0.207793	0.000000	0.000000	0.000000	0.000000	0.010387	0.650000
0.225390	0.255712	0.239046	0.242045	0.000000	0.000000	0.000000	0.000000	0.013558	0.650000
0.255484	0.292539	0.271813	0.276185	0.000000	0.000000	0.000000	0.000000	0.017351	0.650000
0.287540	0.325940	0.303740	0.309696	0.000000	0.000000	0.000000	0.000000	0.021117	0.650000
0.322058	0.354011	0.334273	0.341722	0.000000	0.000000	0.000000	0.000000	0.023961	0.650000
0.351223	0.386693	0.364323	0.373489	0.000000	0.000000	0.000000	0.000000	0.027014	0.650000
0.378287	0.417118	0.392101	0.403160	0.000000	0.000000	0.000000	0.000000	0.030237	0.650000
0.403528	0.447852	0.418969	0.432218	0.000000	0.000000	0.000000	0.000000	0.033844	0.650000
0.432242	0.481231	0.448689	0.464520	0.000000	0.000000	0.000000	0.000000	0.037693	0.650000
0.455884	0.504156	0.470759	0.488939	0.000000	0.000000	0.000000	0.000000	0.041186	0.650000
0.475616	0.534035	0.494045	0.515175	0.000000	0.000000	0.000000	0.000000	0.045514	0.650000
0.502599	0.553182	0.515808	0.539422	0.000000	0.000000	0.000000	0.000000	0.048644	0.650000
0.525465	0.570806	0.535014	0.560686	0.000000	0.000000	0.000000	0.000000	0.050928	0.650000
0.544547	0.587798	0.552160	0.579633	0.000000	0.000000	0.000000	0.000000	0.052761	0.650000
0.566022	0.608143	0.572168	0.601463	0.000000	0.000000	0.000000	0.000000	0.054251	0.650000
0.582158	0.619128	0.585195	0.615591	0.000000	0.000000	0.000000	0.000000	0.055016	0.650000
0.594730	0.631558	0.597219	0.628606	0.000000	0.000000	0.000000	0.000000	0.055650	0.650000
0.607932	0.641274	0.608331	0.640391	0.000000	0.000000	0.000000	0.000000	0.055800	0.650000
0.620236	0.651272	0.619267	0.651801	0.000000	0.000000	0.000000	0.000000	0.055629	0.650000
0.631259	0.665753	0.631668	0.664942	0.000000	0.000000	0.000000	0.000000	0.055773	0.650000
0.641650	0.674450	0.641008	0.674711	0.000000	0.000000	0.000000	0.000000	0.055671	0.650000
0.640245	0.701405	0.652561	0.688714	0.000000	0.000000	0.000000	0.000000	0.058577	0.650000
0.644357	0.709059	0.657326	0.695705	0.000000	0.000000	0.000000	0.000000	0.061636	0.650000
0.659406	0.709276	0.664338	0.703904	0.000000	0.000000	0.000000	0.000000	0.062836	0.650000
0.667422	0.712448	0.669600	0.709847	0.000000	0.000000	0.000000	0.000000	0.063396	0.650000
0.668385	0.717197	0.672078	0.713073	0.000000	0.000000	0.000000	0.000000	0.064308	0.650000
0.667172	0.732589	0.678128	0.721220	0.000000	0.000000	0.000000	0.000000	0.066904	0.650000
0.615293	0.784706	0.674035	0.725965	0.000000	0.000000	0.000000	0.000000	0.080552	0.650000
0.640023	0.759977	0.671654	0.728346	0.000000	0.000000	0.000000	0.000000	0.087910	0.650000
0.648989	0.751011	0.670064	0.729936	0.000000	0.000000	0.000000	0.000000	0.092821	0.650000
0.646941	0.753059	0.668440	0.731560	0.000000	0.000000	0.000000	0.000000	0.097833	0.650000
0.629883	0.770117	0.665733	0.734267	0.000000	0.000000	0.000000	0.000000	0.106183	0.650000
0.596697	0.803303	0.660879	0.739121	0.000000	0.000000	0.000000	0.000000	0.121123	0.650000
0.597603	0.802397	0.656414	0.743586	0.000000	0.000000	0.000000	0.000000	0.134832	0.650000
0.601243	0.798757	0.652505	0.747495	0.000000	0.000000	0.000000	0.000000	0.146806	0.650000
0.598237	0.801763	0.648644	0.751356	0.000000	0.000000	0.000000	0.000000	0.158602	0.650000
0.547882	0.852118	0.641459	0.758541	0.000000	0.000000	0.000000	0.000000	0.180463	0.650000
0.554463	0.845537	0.635204	0.764796	0.000000	0.000000	0.000000	0.000000	0.199393	0.650000
0.570796	0.829204	0.630524	0.769476	0.000000	0.000000	0.000000	0.000000	0.213490	0.650000
0.554956	0.845044	0.625003	0.774997	0.000000	0.000000	0.000000	0.000000	0.230040	0.650000
0.470111	0.929889	0.613643	0.786357	0.000000	0.000000	0.000000	0.000000	0.263798	0.650000
0.484355	0.915645	0.603980	0.796020	0.000000	0.000000	0.000000	0.000000	0.292167	0.650000
0.460727	0.939273	0.593094	0.806906	0.000000	0.000000	0.000000	0.000000	0.323715	0.650000
0.425251	0.974749	0.580082	0.819918	0.000000	0.000000	0.000000	0.000000	0.360801	0.650000
0.419533	0.980467	0.567262	0.832738	0.000000	0.000000	0.000000	0.000000	0.396625	0.650000
0.428432	0.971568	0.555760	0.844240	0.000000	0.000000	0.000000	0.000000	0.428123	0.650000
0.406872	0.993128	0.543048	0.856952	0.000000	0.000000	0.000000	0.000000	0.462196	0.650000
0.356102	1.043898	0.526620	0.873380	0.000000	0.000000	0.000000	0.000000	0.505028	0.650000
0.277358	1.122642	0.503819	0.896181	0.000000	0.000000	0.000000	0.000000	0.562153	0.650000
0.348632	1.051368	0.488015	0.911985	0.000000	0.000000	0.000000	0.000000	0.600122	0.650000
0.318985	1.081015	0.469841	0.930159	0.000000	0.000000	0.000000	0.000000	0.642122	0.650000
0.307255	1.092745	0.450883	0.949117	0.000000	0.000000	0.000000	0.000000	0.684039	0.650000
0.316358	1.083642	0.433213	0.966787	0.000000	0.000000	0.000000	0.000000	0.721384	0.650000
0.290129	1.109871	0.412964	0.987036	0.000000	0.000000	0.000000	0.000000	0.762174	0.650000
0.227406	1.172594	0.385474	1.014526	0.000000	0.000000	0.000000	0.000000	0.814223	0.650000
0.194537	1.205463	0.353346	1.046654	0.000000	0.000000	0.000000	0.000000	0.870435	0.650000
0.301667	1.098333	0.335264	1.064736	0.000000	0.000000	0.000000	0.000000	0.900000	0.650000
0.429039	0.970961	0.330998	1.051190	0.000000	0.000000	0.000000	0.000000	0.900000	0.650000
0.429039	0.970961	0.326266	1.036160	0.000000	0.000000	0.000000	0.000000	0.900000	0.650000
0.429039	0.970961	0.324220	1.029662	0.000000	0.000000	0.000000	0.000000	0.900000	0.650000
0.429039	0.970961	0.319705	1.015325	0.000000	0.000000	0.000000	0.000000	0.900000	0.650000
0.429039	0.970961	0.316228	1.004282	0.000000	0.000000	0.000000	0.000000	0.900000	0.650000
0.426146	0.964413	0.313363	0.995184	0.000000	0.000000	0.000000	0.000000	0.900000	0.650000
0.421964	0.954950	0.310131	0.984917	0.000000	0.000000	0.000000	0.000000	0.900000	0.650000
0.420038	0.950592	0.308529	0.979832	0.000000	0.000000	0.000000	0.000000	0.900000	0.650000
0.415717	0.940811	0.305366	0.969785	0.000000	0.000000	0.000000	0.000000	0.900000	0.650000
0.411381	0.931000	0.302221	0.959797	0.000000	0.000000	0.000000	0.000000	0.900000	0.650000
0.409807	0.927438	0.301019	0.955980	0.000000	0.000000	0.000000	0.000000	0.900000	0.650000
0.409807	0.927438	0.301019	0.955980	0.000000	0.000000	0.000000	0.000000	0.900000	0.650000
0.409807	0.927438	0.301021	0.955987	0.000000	0.000000	0.000000	0.000000	0.900000	0.650000
0.409807	0.927438	0.301734	0.958251	0.000000	0.000000	0.000000	0.000000	0.900000	0.650000
0.409807	0.927438	0.302190	0.959699	0.000000	0.000000	0.000000	0.000000	0.900000	0.650000
0.410957	0.930039	0.303964	0.965332	0.000000	0.000000	0.000000	0.000000	0.900000	0.650000
0.414902	0.938968	0.306680	0.973958	0.000000	0.000000	0.000000	0.000000	0.900000	0.650000
0.421155	0.953119	0.311067	0.987892	0.000000	0.000000	0.000000	0.000000	0.900000	0.650000
0.429039	0.970961	0.318277	1.010788	0.000000	0.000000	0.000000	0.000000	0.900000	0.650000
0.429039	0.970961	0.322972	1.025701	0.000000	0.000000	0.000000	0.000000	0.900000	0.650000
0.429039	0.970961	0.327684	1.040662	0.000000	0.000000	0.000000	0.000000	0.900000	0.650000
0.429039	0.970961	0.332949	1.057383	0.000000	0.000000	0.000000	0.000000	0.900000	0.650000
0.429039	0.970961	0.335264	1.064736	0.000000	0.000000	0.000000	0.000000	0.900000	0.650000
0.429039	0.970961	0.335264	1.064736	0.000000	0.000000	0.000000	0.000000	0.900000	0.650000
0.429039	0.970961	0.335264	1.064736	0.000000	0.000000	0.000000	0.000000	0.900000	0.650000
0.429039	0.970961	0.335264	1.064736	0.000000	0.000000	0.000000	0.000000	0.900000	0.650000
0.429039	0.970961	0.335264	1.064736	0.000000	0.000000	0.000000	0.000000	0.900000	0.650000
0.429039	0.970961	0.335264	1.064736	0.000000	0.000000	0.000000	0.000000	0.900000	0.650000
0.429039	0.970961	0.335264	1.064736	0.000000	0.000000	0.000000	0.000000	0.900000	0.650000
0.429039	0.970961	0.335264	1.064736	0.000000	0.000000	0.000000	0.000000	0.900000	0.650000
0.429039	0.970961	0.335264	1.064736	0.000000	0.000000	0.000000	0.000000	0.900000	0.650000
0.429039	0.970961	0.335264	1.064736	0.000000	0.000000	0.000000	0.000000	0.900000	0.650000
0.429039	0.970961	0.335264	1.064736	0.000000	0.000000	0.000000	0.000000	0.900000	0.650000
0.429039	0.970961	0.335264	1.064736	0.000000	0.000000	0.000000	0.000000	0.900000	0.650000
0.429039	0.970961	0.335264	1.064736	0.000000	0.000000	0.000000	0.000000	0.900000	0.650000
0.429039	0.970961	0.335264	1.064736	0.000000	0.000000	0.000000	0.000000	0.900000	0.650000
0.487689	0.912311	0.343228	1.056772	0.000000	0.000000	0.000000	0.000000	0.887155	0.650000
0.799085	0.600915	0.389431	1.010569	0.000000	0.000000	0.000000	0.000000	0.806962	0.650000
0.854879	0.545121	0.434156	0.965844	0.000000	0.000000	0.000000	0.000000	0.719433	0.650000
0.865225	0.534775	0.472928	0.927072	0.000000	0.000000	0.000000	0.000000	0.635113	0.650000
0.832770	0.567230	0.503373	0.896627	0.000000	0.000000	0.000000	0.000000	0.563241	0.650000
0.860898	0.539102	0.532460	0.867540	0.000000	0.000000	0.000000	0.000000	0.489960	0.650000
1.016885	0.383115	0.570457	0.829543	0.000000	0.000000	0.000000	0.000000	0.387767	0.650000
0.966397	0.433603	0.600115	0.799885	0.000000	0.000000	0.000000	0.000000	0.303421	0.650000
0.993663	0.406337	0.628703	0.771297	0.000000	0.000000	0.000000	0.000000	0.218958	0.650000
1.023856	0.376144	0.656750	0.743250	0.000000	0.000000	0.000000	0.000000	0.133802	0.650000
1.078190	0.321810	0.686213	0.713787	0.000000	0.000000	0.000000	0.000000	0.042819	0.650000
1.128858	0.271142	0.717000	0.683000	0.000000	0.000000	0.000000	0.000000	-0.052785	0.650000
1.054473	0.345527	0.740606	0.659394	0.000000	0.000000	0.000000	0.000000	-0.125687	0.650000
1.127089	0.272911	0.768064	0.631936	0.000000	0.000000	0.000000	0.000000	-0.209242	0.650000
1.109080	0.290920	0.792943	0.607057	0.000000	0.000000	0.000000	0.000000	-0.283171	0.650000
1.074762	0.325238	0.814218	0.585782	0.000000	0.000000	0.000000	0.000000	-0.344644	0.650000
1.090498	0.309502	0.835912	0.564088	0.000000	0.000000	0.000000	0.000000	-0.405379	0.650000
1.047985	0.352015	0.853436	0.546564	0.000000	0.000000	0.000000	0.000000	-0.452850	0.650000
1.038915	0.361084	0.869569	0.530431	0.000000	0.000000	0.000000	0.000000	-0.495216	0.650000
1.017551	0.382449	0.883281	0.516719	0.000000	0.000000	0.000000	0.000000	-0.530170	0.650000
0.996514	0.403486	0.894602	0.505398	0.000000	0.000000	0.000000	0.000000	-0.558286	0.650000
1.019335	0.380665	0.907526	0.492474	0.000000	0.000000	0.000000	0.000000	-0.589544	0.650000
0.973138	0.426862	0.915663	0.484337	0.000000	0.000000	0.000000	0.000000	-0.608765	0.650000
0.967454	0.432546	0.922885	0.477115	0.000000	0.000000	0.000000	0.000000	-0.625526	0.650000
0.935238	0.464762	0.926681	0.473319	0.000000	0.000000	0.000000	0.000000	-0.634221	0.650000
0.923325	0.476675	0.929123	0.470877	0.000000	0.000000	0.000000	0.000000	-0.639776	0.650000
0.893992	0.506008	0.928605	0.471395	0.000000	0.000000	0.000000	0.000000	-0.638601	0.650000
0.876675	0.523325	0.926468	0.473532	0.000000	0.000000	0.000000	0.000000	-0.633735	0.650000
0.910899	0.489101	0.927733	0.472267	0.000000	0.000000	0.000000	0.000000	-0.636618	0.650000
0.885819	0.514181	0.926525	0.473475	0.000000	0.000000	0.000000	0.000000	-0.633866	0.650000
0.912258	0.487742	0.927917	0.472083	0.000000	0.000000	0.000000	0.000000	-0.637037	0.650000
0.875496	0.524504	0.925714	0.474286	0.000000	0.000000	0.000000	0.000000	-0.632014	0.650000
0.895286	0.504714	0.925538	0.474462	0.000000	0.000000	0.000000	0.000000	-0.631612	0.650000
0.905344	0.494656	0.926330	0.473670	0.000000	0.000000	0.000000	0.000000	-0.633422	0.650000
0.920135	0.479865	0.928487	0.471512	0.000000	0.000000	0.000000	0.000000	-0.638333	0.650000
0.900342	0.499658	0.928618	0.471382	0.000000	0.000000	0.000000	0.000000	-0.638630	0.650000
0.936134	0.463866	0.932184	0.467816	0.000000	0.000000	0.000000	0.000000	-0.646692	0.650000
0.902736	0.497264	0.932313	0.467687	0.000000	0.000000	0.000000	0.000000	-0.646982	0.650000
0.934232	0.465768	0.935490	0.464510	0.000000	0.000000	0.000000	0.000000	-0.654104	0.650000
0.975757	0.424243	0.942585	0.457415	0.000000	0.000000	0.000000	0.000000	-0.669813	0.650000
0.895781	0.504219	0.941367	0.458632	0.000000	0.000000	0.000000	0.000000	-0.667138	0.650000
0.879636	0.520364	0.938641	0.461358	0.000000	0.000000	0.000000	0.000000	-0.661117	0.650000
0.963644	0.436356	0.944382	0.455617	0.000000	0.000000	0.000000	0.000000	-0.673752	0.650000
0.854876	0.545124	0.936590	0.459804	0.000000	0.000000	0.000000	0.000000	-0.661929	0.650000
0.897714	0.502286	0.935032	0.460219	0.000000	0.000000	0.000000	0.000000	-0.660168	0.650000
0.889664	0.510336	0.933138	0.461562	0.000000	0.000000	0.000000	0.000000	-0.656767	0.650000
0.873610	0.526390	0.927898	0.463409	0.000000	0.000000	0.000000	0.000000	-0.650087	0.650000
0.875062	0.524938	0.923202	0.464991	0.000000	0.000000	0.000000	0.000000	-0.644144	0.650000
0.882328	0.517672	0.921999	0.467015	0.000000	0.000000	0.000000	0.000000	-0.640157	0.650000
0.863343	0.536657	0.918244	0.470275	0.000000	0.000000	0.000000	0.000000	-0.632294	0.650000
0.887724	0.512276	0.917842	0.471423	0.000000	0.000000	0.000000	0.000000	-0.630230	0.650000
0.887230	0.512770	0.918970	0.473342	0.000000	0.000000	0.000000	0.000000	-0.628190	0.650000
0.843066	0.556934	0.911744	0.477115	0.000000	0.000000	0.000000	0.000000	-0.616679	0.650000
0.856303	0.543697	0.908339	0.480454	0.000000	0.000000	0.000000	0.000000	-0.608779	0.650000
0.852285	0.547715	0.904815	0.483927	0.000000	0.000000	0.000000	0.000000	-0.600511	0.650000
0.880683	0.519317	0.904156	0.484587	0.000000	0.000000	0.000000	0.000000	-0.598942	0.650000
0.838612	0.561388	0.903585	0.491116	0.000000	0.000000	0.000000	0.000000	-0.588334	0.650000
0.864366	0.535633	0.902315	0.493212	0.000000	0.000000	0.000000	0.000000	-0.584002	0.650000
0.845665	0.554335	0.901832	0.498165	0.000000	0.000000	0.000000	0.000000	-0.575887	0.650000
0.870538	0.529462	0.900927	0.499072	0.000000	0.000000	0.000000	0.000000	-0.573697	0.650000
0.853773	0.546227	0.898582	0.501418	0.000000	0.000000	0.000000	0.000000	-0.568007	0.650000
0.824560	0.575440	0.893811	0.506188	0.000000	0.000000	0.000000	0.000000	-0.556344	0.650000
0.844069	0.555931	0.891104	0.508895	0.000000	0.000000	0.000000	0.000000	-0.549672	0.650000
0.831455	0.568545	0.887487	0.512512	0.000000	0.000000	0.000000	0.000000	-0.540696	0.650000
0.833237	0.566763	0.884285	0.515715	0.000000	0.000000	0.000000	0.000000	-0.532692	0.650000
0.794204	0.605796	0.877968	0.522032	0.000000	0.000000	0.000000	0.000000	-0.516742	0.650000
0.805267	0.594733	0.873072	0.526928	0.000000	0.000000	0.000000	0.000000	-0.504238	0.650000
0.798243	0.601757	0.867954	0.532046	0.000000	0.000000	0.000000	0.000000	-0.491034	0.650000
0.818096	0.581904	0.864867	0.535133	0.000000	0.000000	0.000000	0.000000	-0.483004	0.650000
0.768540	0.631460	0.857922	0.542077	0.000000	0.000000	0.000000	0.000000	-0.464764	0.650000
0.843789	0.556211	0.857649	0.542351	0.000000	0.000000	0.000000	0.000000	-0.464041	0.650000
0.827752	0.572248	0.856083	0.543917	0.000000	0.000000	0.000000	0.000000	-0.459891	0.650000
0.779336	0.620664	0.850696	0.549304	0.000000	0.000000	0.000000	0.000000	-0.445525	0.650000
0.829347	0.570653	0.849736	0.550264	0.000000	0.000000	0.000000	0.000000	-0.442951	0.650000
0.821913	0.578087	0.848243	0.551757	0.000000	0.000000	0.000000	0.000000	-0.438938	0.650000
0.798433	0.601567	0.844972	0.555028	0.000000	0.000000	0.000000	0.000000	-0.430106	0.650000
0.800150	0.599850	0.842073	0.557927	0.000000	0.000000	0.000000	0.000000	-0.422236	0.650000
0.840180	0.559820	0.842561	0.557439	0.000000	0.000000	0.000000	0.000000	-0.423563	0.650000
0.824370	0.575630	0.841757	0.558243	0.000000	0.000000	0.000000	0.000000	-0.421376	0.650000
0.821880	0.578120	0.840810	0.559189	0.000000	0.000000	0.000000	0.000000	-0.418797	0.650000
0.811057	0.588943	0.839071	0.560928	0.000000	0.000000	0.000000	0.000000	-0.414046	0.650000
0.845018	0.554982	0.840141	0.559859	0.000000	0.000000	0.000000	0.000000	-0.416968	0.650000
0.828872	0.571128	0.839858	0.560141	0.000000	0.000000	0.000000	0.000000	-0.416198	0.650000
0.831856	0.568144	0.839832	0.560168	0.000000	0.000000	0.000000	0.000000	-0.416125	0.650000
0.831316	0.568684	0.839765	0.560235	0.000000	0.000000	0.000000	0.000000	-0.415941	0.650000
0.821352	0.578648	0.838912	0.561087	0.000000	0.000000	0.000000	0.000000	-0.413611	0.650000
0.867731	0.532269	0.841796	0.558204	0.000000	0.000000	0.000000	0.000000	-0.421482	0.650000
0.820703	0.579297	0.840753	0.559247	0.000000	0.000000	0.000000	0.000000	-0.418640	0.650000
0.823254	0.576746	0.839984	0.560016	0.000000	0.000000	0.000000	0.000000	-0.416541	0.650000
0.825652	0.574348	0.839458	0.560542	0.000000	0.000000	0.000000	0.000000	-0.415102	0.650000
0.874356	0.525644	0.842835	0.557165	0.000000	0.000000	0.000000	0.000000	-0.424308	0.650000
0.842650	0.557350	0.843469	0.556531	0.000000	0.000000	0.000000	0.000000	-0.426031	0.650000
0.851247	0.548753	0.844749	0.555251	0.000000	0.000000	0.000000	0.000000	-0.429502	0.650000
0.868152	0.531848	0.847302	0.552698	0.000000	0.000000	0.000000	0.000000	-0.436403	0.650000
0.892712	0.507288	0.851682	0.548318	0.000000	0.000000	0.000000	0.000000	-0.448166	0.650000
0.864387	0.535613	0.853495	0.546505	0.000000	0.000000	0.000000	0.000000	-0.453009	0.650000
0.868735	0.531265	0.855548	0.544452	0.000000	0.000000	0.000000	0.000000	-0.458472	0.650000
0.847411	0.552589	0.855729	0.544271	0.000000	0.000000	0.000000	0.000000	-0.458952	0.650000
0.886083	0.513917	0.859065	0.540935	0.000000	0.000000	0.000000	0.000000	-0.467782	0.650000
0.871902	0.528098	0.861029	0.538971	0.000000	0.000000	0.000000	0.000000	-0.472953	0.650000
0.863345	0.536655	0.862162	0.537838	0.000000	0.000000	0.000000	0.000000	-0.475927	0.650000
0.873642	0.526358	0.864075	0.535925	0.000000	0.000000	0.000000	0.000000	-0.480937	0.650000
0.853933	0.546067	0.864231	0.535769	0.000000	0.000000	0.000000	0.000000	-0.481343	0.650000
0.853356	0.546644	0.864328	0.535672	0.000000	0.000000	0.000000	0.000000	-0.481598	0.650000
0.843902	0.556098	0.863635	0.536365	0.000000	0.000000	0.000000	0.000000	-0.479786	0.650000
0.831708	0.568292	0.861980	0.538020	0.000000	0.000000	0.000000	0.000000	-0.475451	0.650000
0.813478	0.586522	0.858940	0.541060	0.000000	0.000000	0.000000	0.000000	-0.467450	0.650000
0.757431	0.642569	0.851558	0.548442	0.000000	0.000000	0.000000	0.000000	-0.447835	0.650000
0.726346	0.673654	0.842278	0.557722	0.000000	0.000000	0.000000	0.000000	-0.422794	0.650000
0.715291	0.684709	0.832887	0.567113	0.000000	0.000000	0.000000	0.000000	-0.397037	0.650000
0.654142	0.745858	0.819555	0.580445	0.000000	0.000000	0.000000	0.000000	-0.359778	0.650000
0.640692	0.759308	0.806356	0.593644	0.000000	0.000000	0.000000	0.000000	-0.322134	0.650000
0.658117	0.741883	0.795560	0.604440	0.000000	0.000000	0.000000	0.000000	-0.290825	0.650000
0.569533	0.830467	0.779175	0.620825	0.000000	0.000000	0.000000	0.000000	-0.242504	0.650000
0.555687	0.844313	0.763181	0.636819	0.000000	0.000000	0.000000	0.000000	-0.194516	0.650000
0.586581	0.813419	0.750674	0.649326	0.000000	0.000000	0.000000	0.000000	-0.156518	0.650000
0.552176	0.847824	0.736714	0.663286	0.000000	0.000000	0.000000	0.000000	-0.113719	0.650000
0.520175	0.879825	0.721579	0.678421	0.000000	0.000000	0.000000	0.000000	-0.066976	0.650000
0.558353	0.841647	0.710213	0.689786	0.000000	0.000000	0.000000	0.000000	-0.031727	0.650000
0.557668	0.842331	0.699607	0.700393	0.000000	0.000000	0.000000	0.000000	0.001220	0.650000
0.534344	0.865656	0.688116	0.711884	0.000000	0.000000	0.000000	0.000000	0.036914	0.650000
0.532273	0.867727	0.677258	0.722742	0.000000	0.000000	0.000000	0.000000	0.070576	0.650000
0.518444	0.881556	0.666152	0.733847	0.000000	0.000000	0.000000	0.000000	0.104889	0.650000
0.506726	0.893274	0.654938	0.745062	0.000000	0.000000	0.000000	0.000000	0.139356	0.650000
0.566380	0.833620	0.648660	0.751340	0.000000	0.000000	0.000000	0.000000	0.158550	0.650000
0.576723	0.823277	0.643527	0.756473	0.000000	0.000000	0.000000	0.000000	0.174182	0.650000
0.581763	0.818237	0.639089	0.760911	0.000000	0.000000	0.000000	0.000000	0.187646	0.650000
0.588179	0.811821	0.635402	0.764598	0.000000	0.000000	0.000000	0.000000	0.198795	0.650000
0.583995	0.816005	0.631658	0.768342	0.000000	0.000000	0.000000	0.000000	0.210080	0.650000
0.604536	0.795464	0.629639	0.770361	0.000000	0.000000	0.000000	0.000000	0.216148	0.650000
0.632983	0.767017	0.629805	0.770195	0.000000	0.000000	0.000000	0.000000	0.215650	0.650000
0.645175	0.754825	0.630836	0.769164	0.000000	0.000000	0.000000	0.000000	0.212551	0.650000
0.656751	0.743249	0.632627	0.767373	0.000000	0.000000	0.000000	0.000000	0.207164	0.650000
0.671360	0.728640	0.635338	0.764662	0.000000	0.000000	0.000000	0.000000	0.198990	0.650000
0.675816	0.724184	0.638174	0.761826	0.000000	0.000000	0.000000	0.000000	0.190418	0.650000
0.692072	0.707928	0.641966	0.758034	0.000000	0.000000	0.000000	0.000000	0.178923	0.650000
0.724769	0.675231	0.647805	0.752195	0.000000	0.000000	0.000000	0.000000	0.161158	0.650000
0.727631	0.672369	0.653421	0.746579	0.000000	0.000000	0.000000	0.000000	0.144003	0.650000
0.725945	0.674055	0.658510	0.741490	0.000000	0.000000	0.000000	0.000000	0.128400	0.650000
0.720714	0.679286	0.662867	0.737133	0.000000	0.000000	0.000000	0.000000	0.115009	0.650000
0.766398	0.633602	0.670111	0.729889	0.000000	0.000000	0.000000	0.000000	0.092678	0.650000
0.778336	0.621664	0.677665	0.722335	0.000000	0.000000	0.000000	0.000000	0.069318	0.650000
0.770383	0.629617	0.684125	0.715875	0.000000	0.000000	0.000000	0.000000	0.049298	0.650000
0.774213	0.625787	0.690393	0.709607	0.000000	0.000000	0.000000	0.000000	0.029843	0.650000
0.818926	0.581074	0.699330	0.700670	0.000000	0.000000	0.000000	0.000000	0.002082	0.650000
0.799278	0.600722	0.706278	0.693722	0.000000	0.000000	0.000000	0.000000	-0.019505	0.650000
0.786911	0.613089	0.711886	0.688114	0.000000	0.000000	0.000000	0.000000	-0.036921	0.650000
0.821313	0.578687	0.719507	0.680493	0.000000	0.000000	0.000000	0.000000	-0.060557	0.650000
0.815450	0.584549	0.726203	0.673797	0.000000	0.000000	0.000000	0.000000	-0.081286	0.650000
0.811865	0.588135	0.732198	0.667802	0.000000	0.000000	0.000000	0.000000	-0.099802	0.650000
0.828923	0.571077	0.738989	0.661011	0.000000	0.000000	0.000000	0.000000	-0.120719	0.650000
0.839233	0.560767	0.746060	0.653940	0.000000	0.000000	0.000000	0.000000	-0.142415	0.650000
0.848516	0.551484	0.753329	0.646671	0.000000	0.000000	0.000000	0.000000	-0.164615	0.650000
0.829631	0.570369	0.758785	0.641215	0.000000	0.000000	0.000000	0.000000	-0.181202	0.650000
0.820013	0.579987	0.763198	0.636802	0.000000	0.000000	0.000000	0.000000	-0.194565	0.650000
0.808806	0.591194	0.766517	0.633483	0.000000	0.000000	0.000000	0.000000	-0.204586	0.650000
0.815238	0.584762	0.770080	0.629920	0.000000	0.000000	0.000000	0.000000	-0.215306	0.650000
0.829754	0.570246	0.774457	0.625543	0.000000	0.000000	0.000000	0.000000	-0.228427	0.650000
0.816482	0.583518	0.777588	0.622412	0.000000	0.000000	0.000000	0.000000	-0.237777	0.650000
0.803760	0.596240	0.779589	0.620411	0.000000	0.000000	0.000000	0.000000	-0.243734	0.650000
0.809704	0.590296	0.781888	0.618112	0.000000	0.000000	0.000000	0.000000	-0.250568	0.650000
0.787337	0.612663	0.782404	0.617596	0.000000	0.000000	0.000000	0.000000	-0.252098	0.650000
0.727838	0.672162	0.778556	0.621444	0.000000	0.000000	0.000000	0.000000	-0.240659	0.650000
0.718437	0.681563	0.774306	0.625694	0.000000	0.000000	0.000000	0.000000	-0.227974	0.650000
0.726428	0.673572	0.770941	0.629059	0.000000	0.000000	0.000000	0.000000	-0.217889	0.650000
0.657210	0.742790	0.762858	0.637142	0.000000	0.000000	0.000000	0.000000	-0.193539	0.650000
0.631641	0.768359	0.753569	0.646431	0.000000	0.000000	0.000000	0.000000	-0.165345	0.650000
0.646072	0.753928	0.745996	0.654004	0.000000	0.000000	0.000000	0.000000	-0.142219	0.650000
0.587352	0.812648	0.734860	0.665140	0.000000	0.000000	0.000000	0.000000	-0.108009	0.650000
0.585089	0.814911	0.724392	0.675608	0.000000	0.000000	0.000000	0.000000	-0.075685	0.650000
0.598966	0.801034	0.715651	0.684349	0.000000	0.000000	0.000000	0.000000	-0.048603	0.650000
0.583801	0.816199	0.706478	0.693522	0.000000	0.000000	0.000000	0.000000	-0.020127	0.650000
0.554542	0.845458	0.695916	0.704084	0.000000	0.000000	0.000000	0.000000	0.012689	0.650000
0.511895	0.888105	0.683113	0.716887	0.000000	0.000000	0.000000	0.000000	0.052435	0.650000
0.536763	0.863237	0.672903	0.727097	0.000000	0.000000	0.000000	0.000000	0.084050	0.650000
0.529092	0.870908	0.662828	0.737172	0.000000	0.000000	0.000000	0.000000	0.115129	0.650000
0.497075	0.902925	0.651142	0.748858	0.000000	0.000000	0.000000	0.000000	0.150973	0.650000
0.494664	0.905336	0.640009	0.759991	0.000000	0.000000	0.000000	0.000000	0.184860	0.650000
0.490964	0.909036	0.629285	0.770715	0.000000	0.000000	0.000000	0.000000	0.217212	0.650000
0.500674	0.899326	0.619905	0.780095	0.000000	0.000000	0.000000	0.000000	0.245242	0.650000
0.506092	0.893908	0.611479	0.788521	0.000000	0.000000	0.000000	0.000000	0.270179	0.650000
0.488160	0.911840	0.602224	0.797776	0.000000	0.000000	0.000000	0.000000	0.297289	0.650000
0.515121	0.884879	0.595521	0.804479	0.000000	0.000000	0.000000	0.000000	0.316721	0.650000
0.509267	0.890733	0.588776	0.811224	0.000000	0.000000	0.000000	0.000000	0.336100	0.650000
0.510874	0.889126	0.582552	0.817448	0.000000	0.000000	0.000000	0.000000	0.353817	0.650000
0.510466	0.889534	0.576663	0.823337	0.000000	0.000000	0.000000	0.000000	0.370426	0.650000
0.540106	0.859894	0.573424	0.826576	0.000000	0.000000	0.000000	0.000000	0.379498	0.650000
0.530423	0.869577	0.569632	0.830368	0.000000	0.000000	0.000000	0.000000	0.390057	0.650000
0.526334	0.873666	0.565753	0.834247	0.000000	0.000000	0.000000	0.000000	0.400791	0.650000
0.520868	0.879132	0.561680	0.838320	0.000000	0.000000	0.000000	0.000000	0.411989	0.650000
0.550652	0.849348	0.560219	0.839781	0.000000	0.000000	0.000000	0.000000	0.415987	0.650000
0.558386	0.841614	0.559466	0.840534	0.000000	0.000000	0.000000	0.000000	0.418042	0.650000
0.546882	0.853118	0.557848	0.842152	0.000000	0.000000	0.000000	0.000000	0.422452	0.650000
0.552596	0.847404	0.556790	0.843210	0.000000	0.000000	0.000000	0.000000	0.425328	0.650000
0.577948	0.822052	0.557822	0.842178	0.000000	0.000000	0.000000	0.000000	0.422522	0.650000
0.583910	0.816090	0.559257	0.840743	0.000000	0.000000	0.000000	0.000000	0.418612	0.650000
0.593103	0.806897	0.561321	0.838679	0.000000	0.000000	0.000000	0.000000	0.412972	0.650000
0.590390	0.809610	0.563026	0.836974	0.000000	0.000000	0.000000	0.000000	0.408298	0.650000
0.609395	0.790605	0.566105	0.833895	0.000000	0.000000	0.000000	0.000000	0.399821	0.650000
0.609267	0.790733	0.568953	0.831047	0.000000	0.000000	0.000000	0.000000	0.391943	0.650000
0.618758	0.781242	0.572334	0.827666	0.000000	0.000000	0.000000	0.000000	0.382539	0.650000
0.608601	0.791399	0.574686	0.825314	0.000000	0.000000	0.000000	0.000000	0.375968	0.610000
0.634668	0.765332	0.578877	0.821122	0.000000	0.000000	0.000000	0.000000	0.364198	0.530000
0.629759	0.770241	0.582386	0.817614	0.000000	0.000000	0.000000	0.000000	0.354286	0.450000
0.652712	0.747288	0.587383	0.812617	0.000000	0.000000	0.000000	0.000000	0.340079	0.370000
0.665176	0.734824	0.592947	0.807053	0.000000	0.000000	0.000000	0.000000	0.324139	0.290000
0.684290	0.715710	0.599520	0.800480	0.000000	0.000000	0.000000	0.000000	0.305149	0.210000
0.687973	0.712027	0.605866	0.794134	0.000000	0.000000	0.000000	0.000000	0.286658	0.130000
0.697601	0.702399	0.612439	0.787561	0.000000	0.000000	0.000000	0.000000	0.267350	0.065575
0.697914	0.702086	0.618540	0.781460	0.000000	0.000000	0.000000	0.000000	0.249297	0.057378
0.710277	0.689723	0.625079	0.774921	0.000000	0.000000	0.000000	0.000000	0.229812	0.050206
0.719488	0.680512	0.631792	0.768208	0.000000	0.000000	0.000000	0.000000	0.209676	0.043930
0.724451	0.675549	0.638359	0.761640	0.000000	0.000000	0.000000	0.000000	0.189856	0.038612
0.717756	0.682244	0.643965	0.756035	0.000000	0.000000	0.000000	0.000000	0.172850	0.034322
0.717038	0.682962	0.649111	0.750889	0.000000	0.000000	0.000000	0.000000	0.157175	0.030508
0.718197	0.681803	0.653966	0.746034	0.000000	0.000000	0.000000	0.000000	0.142334	0.027119
0.731090	0.668910	0.659378	0.740622	0.000000	0.000000	0.000000	0.000000	0.125736	0.024105
0.726094	0.673906	0.664050	0.735950	0.000000	0.000000	0.000000	0.000000	0.111367	0.021427
0.730127	0.669873	0.668671	0.731329	0.000000	0.000000	0.000000	0.000000	0.097123	0.019046
0.728429	0.671571	0.672843	0.727157	0.000000	0.000000	0.000000	0.000000	0.084235	0.016930
0.721541	0.678459	0.676240	0.723760	0.000000	0.000000	0.000000	0.000000	0.073729	0.015049
0.714862	0.685138	0.678931	0.721069	0.000000	0.000000	0.000000	0.000000	0.065396	0.013377
0.722096	0.677904	0.681938	0.718062	0.000000	0.000000	0.000000	0.000000	0.056078	0.011891
0.716979	0.683021	0.684377	0.715622	0.000000	0.000000	0.000000	0.000000	0.048514	0.010569
0.708931	0.691068	0.686086	0.713914	0.000000	0.000000	0.000000	0.000000	0.043213	0.009395
0.710162	0.689838	0.687761	0.712239	0.000000	0.000000	0.000000	0.000000	0.038014	0.008351
0.708979	0.691021	0.689237	0.710763	0.000000	0.000000	0.000000	0.000000	0.033433	0.007423
0.709462	0.690538	0.690644	0.709356	0.000000	0.000000	0.000000	0.000000	0.029065	0.006598
0.692705	0.673918	0.675381	0.691127	0.000000	0.000000	0.000000	0.000000	0.025058	0.005865
0.671756	0.666242	0.661938	0.675958	0.000000	0.000000	0.000000	0.000000	0.022791	0.005214
0.662182	0.643295	0.646918	0.658477	0.000000	0.000000	0.000000	0.000000	0.019257	0.004634
0.645406	0.626445	0.631223	0.640563	0.000000	0.000000	0.000000	0.000000	0.015973	0.004119
0.622177	0.604220	0.609499	0.616850	0.000000	0.000000	0.000000	0.000000	0.013036	0.003662
0.598983	0.586928	0.589953	0.595920	0.000000	0.000000	0.000000	0.000000	0.010944	0.003255
0.579169	0.567384	0.570885	0.575642	0.000000	0.000000	0.000000	0.000000	0.009024	0.002893
0.554698	0.555564	0.552920	0.557317	0.000000	0.000000	0.000000	0.000000	0.008614	0.002572
0.533720	0.526338	0.528231	0.531809	0.000000	0.000000	0.000000	0.000000	0.007342	0.002286
0.510111	0.505121	0.506112	0.509107	0.000000	0.000000	0.000000	0.000000	0.006415	0.002032
0.487701	0.484232	0.484684	0.487239	0.000000	0.000000	0.000000	0.000000	0.005716	0.001806
0.467310	0.462939	0.464060	0.466183	0.000000	0.000000	0.000000	0.000000	0.004963	0.001605
0.446056	0.444729	0.444450	0.446330	0.000000	0.000000	0.000000	0.000000	0.004590	0.001427
0.422728	0.422407	0.421719	0.423412	0.000000	0.000000	0.000000	0.000000	0.004357	0.001269
0.404989	0.404632	0.404038	0.405578	0.000000	0.000000	0.000000	0.000000	0.004136	0.001128
0.386323	0.396954	0.390707	0.392563	0.000000	0.000000	0.000000	0.000000	0.005155	0.001002
0.375159	0.375643	0.374533	0.376263	0.000000	0.000000	0.000000	0.000000	0.005010	0.000891
0.357587	0.357637	0.356815	0.358404	0.000000	0.000000	0.000000	0.000000	0.004832	0.000792
0.336703	0.337448	0.336337	0.337809	0.000000	0.000000	0.000000	0.000000	0.004747	0.000704
0.322794	0.323496	0.322449	0.323836	0.000000	0.000000	0.000000	0.000000	0.004668	0.000626
0.304634	0.304889	0.304122	0.305397	0.000000	0.000000	0.000000	0.000000	0.004549	0.000556
0.290464	0.291767	0.290503	0.291723	0.000000	0.000000	0.000000	0.000000	0.004559	0.000494
0.277696	0.278874	0.277700	0.278867	0.000000	0.000000	0.000000	0.000000	0.004560	0.000439
0.264807	0.266186	0.264935	0.266055	0.000000	0.000000	0.000000	0.000000	0.004590	0.000391
0.252783	0.253873	0.252791	0.253861	0.000000	0.000000	0.000000	0.000000	0.004592	0.000347
0.240771	0.241929	0.240837	0.241860	0.000000	0.000000	0.000000	0.000000	0.004608	0.000309
0.229768	0.231182	0.229980	0.230967	0.000000	0.000000	0.000000	0.000000	0.004658	0.000274
0.231892	0.222182	0.226676	0.227396	0.000000	0.000000	0.000000	0.000000	0.003447	0.000244
0.217031	0.217420	0.216884	0.217566	0.000000	0.000000	0.000000	0.000000	0.003413	0.000217
0.206499	0.206639	0.206249	0.206887	0.000000	0.000000	0.000000	0.000000	0.003355	0.000193
0.197074	0.196594	0.196540	0.197125	0.000000	0.000000	0.000000	0.000000	0.003232	0.000171
0.187257	0.186449	0.186588	0.187117	0.000000	0.000000	0.000000	0.000000	0.003077	0.000152
0.177066	0.175612	0.176107	0.176570	0.000000	0.000000	0.000000	0.000000	0.002854	0.000135
0.168308	0.166945	0.167422	0.167830	0.000000	0.000000	0.000000	0.000000	0.002649	0.000120
0.158988	0.157772	0.158200	0.158560	0.000000	0.000000	0.000000	0.000000	0.002466	0.000107
0.150787	0.149538	0.150005	0.150320	0.000000	0.000000	0.000000	0.000000	0.002284	0.000095
0.142427	0.141823	0.141982	0.142267	0.000000	0.000000	0.000000	0.000000	0.002181	0.000084
0.136449	0.135062	0.135631	0.135879	0.000000	0.000000	0.000000	0.000000	0.001991	0.000075
0.128322	0.127718	0.127908	0.128131	0.000000	0.000000	0.000000	0.000000	0.001895	0.000067
0.121783	0.120520	0.121055	0.121247	0.000000	0.000000	0.000000	0.000000	0.001726	0.000059
0.115544	0.114995	0.115183	0.115357	0.000000	0.000000	0.000000	0.000000	0.001643	0.000053
0.109463	0.108786	0.109047	0.109202	0.000000	0.000000	0.000000	0.000000	0.001546	0.000047
0.103823	0.103357	0.103519	0.103660	0.000000	0.000000	0.000000	0.000000	0.001476	0.000042
0.099260	0.098397	0.098767	0.098890	0.000000	0.000000	0.000000	0.000000	0.001361	0.000037
0.093242	0.093368	0.093246	0.093363	0.000000	0.000000	0.000000	0.000000	0.001362	0.000033
0.089254	0.087966	0.088561	0.088659	0.000000	0.000000	0.000000	0.000000	0.001201	0.000029
0.083770	0.084359	0.084016	0.084113	0.000000	0.000000	0.000000	0.000000	0.001258	0.000026
0.079880	0.079470	0.079631	0.079719	0.000000	0.000000	0.000000	0.000000	0.001201	0.000023
0.098935	0.067110	0.083116	0.082928	0.000000	0.000000	0.000000	0.000000	-0.002471	0.000021
0.079283	0.080211	0.079833	0.079661	0.000000	0.000000	0.000000	0.000000	-0.002343	0.000018
0.075998	0.076611	0.076383	0.076225	0.000000	0.000000	0.000000	0.000000	-0.002254	0.000016
0.072989	0.072581	0.072861	0.072709	0.000000	0.000000	0.000000	0.000000	-0.002284	0.000014
0.068236	0.069737	0.069053	0.068920	0.000000	0.000000	0.000000	0.000000	-0.002094	0.000013
0.064815	0.066236	0.065583	0.065468	0.000000	0.000000	0.000000	0.000000	-0.001916	0.000011
0.062628	0.062431	0.062585	0.062474	0.000000	0.000000	0.000000	0.000000	-0.001926	0.000010
0.059089	0.059952	0.059570	0.059471	0.000000	0.000000	0.000000	0.000000	-0.001814	0.000009
0.055179	0.056910	0.056086	0.056003	0.000000	0.000000	0.000000	0.000000	-0.001604	0.000008
0.053208	0.053507	0.053396	0.053319	0.000000	0.000000	0.000000	0.000000	-0.001560	0.000007
0.051100	0.050947	0.051060	0.050987	0.000000	0.000000	0.000000	0.000000	-0.001569	0.000006
0.048208	0.048888	0.048581	0.048515	0.000000	0.000000	0.000000	0.000000	-0.001483	0.000006
0.045242	0.046608	0.045953	0.045898	0.000000	0.000000	0.000000	0.000000	-0.001318	0.000005
