0.000000
0.238026
0.106311
0.120375
0.100276
0.137862
0.116918
0.153779
0.170301
0.175938
0.168905
0.161429
0.124470
0.195688
0.211179
0.161572
0.167792
0.162024
0.155791
0.159054
0.158073
0.147940
0.146086
0.156764
0.120016
0.148131
0.159758
0.179689
0.149786
0.151237
0.150175
0.165006
0.156707
0.156812
0.159125
0.167995
0.141234
0.149572
0.143223
0.168130
0.140750
0.159442
0.175138
0.131825
0.164772
0.121446
0.117363
0.155985
0.161933
0.144628
0.140157
0.172858
0.173665
0.127440
0.143650
0.132932
0.166094
0.154616
0.153306
0.158839
0.170776
0.166296
0.145885
0.147181
0.169934
0.181738
0.188368
0.163034
0.193516
0.174665
0.166200
0.166917
0.181887
0.152498
0.172840
0.173514
0.179419
0.184552
0.165785
0.134503
0.169542
0.148151
0.136006
0.175682
0.174743
0.160915
0.141744
0.164996
0.157070
0.181580
0.155795
0.155964
0.175012
0.152509
0.171305
0.167787
0.178039
0.148673
0.140646
0.187509
0.156814
0.167589
0.175307
0.153221
0.172151
0.154663
0.141627
0.162307
0.160074
0.159554
0.144686
0.148091
0.166858
0.150674
0.153047
0.154623
0.156240
0.178959
0.182125
0.185580
0.165017
0.162462
0.181971
0.163723
0.188507
0.176586
0.187247
0.180897
0.159864
0.191634
0.145319
0.169024
0.158666
0.160426
0.163067
0.156260
0.157394
0.148434
0.160378
0.165457
0.149660
0.159630
0.158972
0.156428
0.167196
0.153734
0.162221
0.124507
0.159285
0.156723
0.126600
0.151472
0.156435
0.137310
0.159166
0.151313
0.174314
0.176304
0.205533
0.192067
0.186851
0.152445
0.201170
0.198328
0.174907
0.171322
0.186333
0.205744
0.189938
0.195482
0.171711
0.169295
0.169415
0.154783
0.177071
0.164387
0.156555
0.186805
0.165164
0.193035
0.175721
0.178858
0.165802
0.180476
0.186240
0.143621
0.188674
0.138987
0.164573
0.128866
0.182522
0.168685
0.172153
0.143467
0.138428
0.155412
0.151311
0.166910
0.178638
0.180097
0.176684
0.160790
0.153080
0.117897
0.180050
0.152027
0.155494
0.158328
0.137544
0.172771
0.182171
0.170308
0.141055
0.169347
0.136487
0.168748
0.177627
0.166865
0.167992
0.166482
0.176291
0.161642
0.181497
0.183570
0.160495
0.147877
0.165576
0.175051
0.170115
0.179816
0.185897
0.161082
0.188822
0.159510
0.150655
0.157619
0.189288
0.148422
0.147493
0.170308
0.175153
0.187793
0.168403
0.191253
0.187327
0.191683
0.179585
0.166653
0.190636
0.144078
0.172773
0.149573
0.155359
0.187287
0.181149
0.173287
0.155422
0.156057
0.178819
0.172195
0.174576
0.193712
0.183870
0.179962
0.189125
0.173201
0.183825
0.201138
0.179408
0.192151
0.184425
0.180313
0.181567
0.186231
0.181961
0.203466
0.204787
0.180821
0.199900
0.171080
0.199308
0.179088
0.178844
0.178535
0.161096
0.200574
0.190456
0.186037
0.173684
0.174995
0.177723
0.170495
0.178335
0.173932
0.159643
0.175166
0.155496
0.189137
0.166071
0.173626
0.179610
0.152485
0.169320
0.187580
0.194660
0.172100
0.173956
0.152508
0.168219
0.168433
0.167230
0.169504
0.152637
0.126148
0.153984
0.166629
0.167620
0.152458
0.166286
0.170369
0.183612
0.174339
0.147935
0.152683
0.172959
0.184541
0.176745
0.171309
0.163223
0.129427
0.163800
0.175325
0.165391
0.145309
0.175097
0.164789
0.172971
0.186217
0.170686
0.162511
0.187928
0.181202
0.143491
0.170813
0.140384
0.197873
0.179845
0.184849
0.154721
0.183299
0.183090
0.168067
0.152701
0.173367
0.164707
0.173856
0.185349
0.191435
0.212458
0.182375
0.174272
0.178370
0.183388
0.190674
0.174919
0.168971
0.154426
0.203142
0.171603
0.171076
0.159397
0.150861
0.168271
0.151418
0.155287
0.165817
0.171597
0.177136
0.153851
0.169505
0.141762
0.171842
0.169357
0.173439
0.169393
0.180256
0.169298
0.176467
0.179347
0.174951
0.183378
0.182809
0.177959
0.177184
0.173720
0.154859
0.177325
0.177443
0.145592
0.174536
0.149532
0.161254
0.145135
0.164912
0.134772
0.159097
0.172160
0.186628
0.185728
0.172794
0.163217
0.169257
0.169932
0.177459
0.180812
0.169030
0.193695
0.158395
0.167528
0.160814
0.161917
0.164757
0.171027
0.170815
0.170431
0.165481
0.175220
0.171783
0.170561
0.170892
0.157953
0.168157
0.148785
0.169733
0.176466
0.178351
0.161297
0.174082
0.184006
0.173414
0.173377
0.166819
0.189337
0.176958
0.175029
0.169147
0.165695
0.160140
0.183336
0.169865
0.181558
0.164126
0.171972
0.181405
0.175129
0.165743
0.158734
0.168725
0.182785
0.156465
0.178283
0.176519
0.178571
0.172284
0.181544
0.157464
0.157583
0.168472
0.174276
0.150576
0.140912
0.161418
0.160455
0.164607
0.162303
0.145677
0.174241
0.169055
0.181837
0.169958
0.165137
0.171953
0.143183
0.167826
0.163284
0.145266
0.178155
0.151315
0.156041
0.180653
0.136157
0.164259
0.177523
0.169367
0.145659
0.159413
0.179306
0.123649
0.152160
0.171408
0.168228
0.180443
0.179448
0.188672
0.184282
0.181881
0.209216
0.189016
0.195445
0.207011
0.201608
0.213427
0.186924
0.220637
0.193212
0.214972
0.211632
0.196341
0.201077
0.194204
0.173782
0.182463
0.189794
0.175032
0.187793
0.191042
0.144105
0.159573
0.160864
0.165247
0.151384
0.163240
0.168201
0.156517
0.175825
0.172856
0.183472
0.139534
0.000098
