0.000000	0.000000	0.000000	0.000000	0.000000	0.000000	0.000000	0.000000	0.000000	0.000000
-0.040721	-0.038536	-0.041103	-0.038897	-0.030805	-0.029149	0.030805	0.029149	0.000000	0.040000
-0.121148	-0.102722	-0.121296	-0.102847	-0.096863	-0.081906	0.096863	0.081906	0.000000	0.120000
-0.080639	-0.061354	-0.079902	-0.060794	-0.168077	-0.126241	0.168077	0.126241	0.000000	0.200000
-0.128813	-0.088196	-0.126026	-0.086288	-0.243638	-0.160861	0.243638	0.160861	0.000000	0.280000
-0.029890	-0.022742	-0.029617	-0.022534	-0.168077	-0.126241	0.168077	0.126241	0.000000	0.360000
0.058300	0.049432	0.058371	0.049493	-0.096863	-0.081906	0.096863	0.081906	0.000000	0.440000
0.136344	0.129028	0.137623	0.130238	-0.030805	-0.029149	0.030805	0.029149	0.000000	0.450000
0.204904	0.216522	0.208033	0.219828	0.030851	0.029195	-0.030851	-0.029195	0.000000	0.450000
0.264756	0.312247	0.269745	0.318132	0.098094	0.083137	-0.098094	-0.083137	0.000000	0.450000
0.316852	0.416443	0.323215	0.424806	0.173759	0.131923	-0.173759	-0.131923	0.000000	0.450000
0.375072	0.515429	0.382537	0.525687	0.208221	0.151001	-0.208221	-0.151001	0.000000	0.450000
0.426607	0.543468	0.435124	0.554318	0.150861	0.118248	-0.150861	-0.118248	0.000000	0.450000
0.458474	0.523809	0.466749	0.533263	0.077771	0.068055	-0.077771	-0.068055	0.000000	0.450000
0.487486	0.498904	0.494212	0.505788	0.012737	0.012446	-0.012737	-0.012446	0.000000	0.450000
0.510693	0.480394	0.515286	0.484715	-0.034258	-0.032221	0.034258	0.032221	0.000000	0.450000
0.521833	0.471921	0.525115	0.474889	-0.057350	-0.051832	0.057350	0.051832	0.000000	0.450000
0.521394	0.472250	0.524731	0.475272	-0.056434	-0.051085	0.056434	0.051085	0.000000	0.450000
0.516956	0.475599	0.520835	0.479167	-0.047192	-0.043402	0.047192	0.043402	0.000000	0.450000
0.517893	0.474888	0.521660	0.478342	-0.049139	-0.045041	0.049139	0.045041	0.000000	0.450000
0.514231	0.477675	0.518427	0.481574	-0.041548	-0.038585	0.041548	0.038585	0.000000	0.450000
0.505583	0.484370	0.510714	0.489286	-0.023801	-0.022801	0.023801	0.022801	0.000000	0.450000
0.498250	0.490172	0.504087	0.495913	-0.008961	-0.008815	0.008961	0.008815	0.000000	0.450000
0.493805	0.493746	0.500030	0.499970	-0.000065	-0.000065	0.000065	0.000065	0.000000	0.450000
0.492872	0.494503	0.499174	0.500826	0.001799	0.001793	-0.001799	-0.001793	0.000000	0.450000
0.494079	0.493525	0.500280	0.499720	-0.000610	-0.000609	0.000610	0.000609	0.000000	0.450000
0.490862	0.496138	0.497327	0.502673	0.005844	0.005782	-0.005844	-0.005782	0.000000	0.450000
0.487840	0.498613	0.494540	0.505460	0.012008	0.011749	-0.012008	-0.011749	0.000000	0.450000
0.488196	0.498320	0.494869	0.505131	0.011277	0.011048	-0.011277	-0.011048	0.000000	0.450000
0.491332	0.495754	0.497760	0.502240	0.004894	0.004851	-0.004894	-0.004851	0.000000	0.450000
0.494468	0.493211	0.500636	0.499364	-0.001386	-0.001382	0.001386	0.001382	0.000000	0.450000
0.497056	0.491128	0.503000	0.497000	-0.006563	-0.006485	0.006563	0.006485	0.000000	0.450000
0.498215	0.490200	0.504054	0.495946	-0.008889	-0.008746	0.008889	0.008746	0.000000	0.450000
0.498788	0.489742	0.504576	0.495424	-0.010043	-0.009861	0.010043	0.009861	0.000000	0.450000
0.493863	0.493699	0.500083	0.499917	-0.000181	-0.000181	0.000181	0.000181	0.000000	0.450000
0.487966	0.498510	0.494656	0.505344	0.011751	0.011502	-0.011751	-0.011502	0.000000	0.450000
0.484779	0.501142	0.491702	0.508298	0.018356	0.017757	-0.018356	-0.017757	0.000000	0.450000
0.486969	0.499331	0.493733	0.506267	0.013805	0.013463	-0.013805	-0.013463	0.000000	0.450000
0.491835	0.495345	0.498223	0.501777	0.003880	0.003852	-0.003880	-0.003852	0.000000	0.450000
0.495268	0.492565	0.501368	0.498632	-0.002984	-0.002968	0.002984	0.002968	0.000000	0.450000
0.496990	0.491181	0.502939	0.497061	-0.006430	-0.006355	0.006430	0.006355	0.000000	0.450000
0.497486	0.490783	0.503391	0.496609	-0.007426	-0.007325	0.007426	0.007325	0.000000	0.450000
0.480458	0.504749	0.487672	0.512328	0.027504	0.026180	-0.027504	-0.026180	0.000000	0.450000
0.455258	0.526704	0.463628	0.536389	0.085711	0.074061	-0.085711	-0.074061	0.000000	0.450000
0.433266	0.547334	0.441888	0.558226	0.144858	0.114518	-0.144858	-0.114518	0.000000	0.450000
0.435869	0.544809	0.444499	0.555595	0.137366	0.109774	-0.137366	-0.109774	0.000000	0.450000
0.457190	0.524961	0.465505	0.534509	0.080921	0.070456	-0.080921	-0.070456	0.000000	0.450000
0.480114	0.505037	0.487351	0.512650	0.028241	0.026847	-0.028241	-0.026847	0.000000	0.450000
0.496514	0.491563	0.502506	0.497494	-0.005477	-0.005423	0.005477	0.005423	0.000000	0.450000
0.486746	0.499515	0.493526	0.506474	0.014267	0.013902	-0.014267	-0.013902	0.000000	0.450000
0.472077	0.511872	0.479779	0.520223	0.045897	0.042327	-0.045897	-0.042327	0.000000	0.450000
0.443949	0.537122	0.452537	0.547513	0.114998	0.094983	-0.114998	-0.094983	0.000000	0.450000
0.417734	0.562930	0.426102	0.574206	0.192820	0.142685	-0.192820	-0.142685	0.000000	0.450000
0.393815	0.589201	0.401048	0.600024	0.280657	0.186209	-0.280657	-0.186209	0.000000	0.450000
0.403319	0.578373	0.411117	0.589555	0.243334	0.168816	-0.243334	-0.168816	0.000000	0.450000
0.418965	0.561657	0.427367	0.572919	0.188794	0.140456	-0.188794	-0.140456	0.000000	0.450000
0.419114	0.561503	0.427519	0.572764	0.188310	0.140187	-0.188310	-0.140187	0.000000	0.450000
0.419114	0.561503	0.427519	0.572764	0.188310	0.140187	-0.188310	-0.140187	0.000000	0.450000
0.395057	0.587752	0.402374	0.598637	0.275566	0.183922	-0.275566	-0.183922	0.000000	0.450000
0.373766	0.614406	0.379241	0.623405	0.373965	0.224102	-0.373965	-0.224102	0.000000	0.450000
0.382079	0.603489	0.388386	0.613451	0.332421	0.208106	-0.332421	-0.208106	0.000000	0.450000
0.395465	0.587278	0.402808	0.598183	0.273910	0.183172	-0.273910	-0.183172	0.000000	0.450000
0.398312	0.584005	0.405832	0.595031	0.262545	0.177952	-0.262545	-0.177952	0.000000	0.450000
0.398312	0.584005	0.405832	0.595031	0.262545	0.177952	-0.262545	-0.177952	0.000000	0.450000
0.376594	0.610605	0.382370	0.619970	0.359301	0.218601	-0.359301	-0.218601	0.000000	0.450000
0.358167	0.637579	0.361562	0.643623	0.467948	0.256178	-0.467948	-0.256178	0.000000	0.450000
0.364258	0.628008	0.368560	0.635426	0.428175	0.243222	-0.428175	-0.243222	0.000000	0.450000
0.378893	0.607583	0.384900	0.617216	0.347798	0.214176	-0.347798	-0.214176	0.000000	0.450000
0.398358	0.583953	0.405880	0.594981	0.262366	0.177869	-0.262366	-0.177869	0.000000	0.450000
0.398358	0.583953	0.405880	0.594981	0.262366	0.177869	-0.262366	-0.177869	0.000000	0.450000
0.376634	0.610552	0.382414	0.619922	0.359099	0.218524	-0.359099	-0.218524	0.000000	0.450000
0.358199	0.637525	0.361600	0.643578	0.467722	0.256107	-0.467722	-0.256107	0.000000	0.450000
0.343772	0.664851	0.344244	0.665763	0.588446	0.291101	-0.588446	-0.291101	0.000000	0.450000
0.334149	0.692519	0.331157	0.686316	0.720329	0.323916	-0.720329	-0.323916	0.000000	0.450000
0.330263	0.717533	0.323661	0.703189	0.845685	0.351687	-0.845685	-0.351687	0.000000	0.450000
0.331812	0.745833	0.320444	0.720280	0.990733	0.381289	-0.990733	-0.381289	0.000000	0.450000
0.340035	0.774452	0.322880	0.735382	1.136135	0.409594	-1.136135	-0.409594	0.000000	0.450000
0.355105	0.803365	0.330810	0.748403	1.276949	0.436836	-1.276949	-0.436836	0.000000	0.450000
0.372433	0.827179	0.341035	0.757444	1.385757	0.458450	-1.385757	-0.458450	0.000000	0.450000
0.399517	0.856495	0.357538	0.766500	1.509014	0.484274	-1.509014	-0.484274	0.000000	0.450000
0.432672	0.885901	0.377677	0.773298	1.620259	0.509568	-1.620259	-0.509568	0.000000	0.450000
0.461386	0.908028	0.394760	0.776905	1.696125	0.528378	-1.696125	-0.528378	0.000000	0.450000
0.461386	0.908028	0.394760	0.776905	1.696125	0.528378	-1.696125	-0.528378	0.000000	0.450000
0.461386	0.908028	0.394760	0.776905	1.696125	0.528378	-1.696125	-0.528378	0.000000	0.450000
0.461386	0.908028	0.394760	0.776905	1.696125	0.528378	-1.696125	-0.528378	0.000000	0.450000
0.461386	0.908028	0.394760	0.776905	1.696125	0.528378	-1.696125	-0.528378	0.000000	0.450000
0.461386	0.908028	0.394760	0.776905	1.696125	0.528378	-1.696125	-0.528378	0.000000	0.450000
0.461386	0.908028	0.394760	0.776905	1.696125	0.528378	-1.696125	-0.528378	0.000000	0.450000
0.461386	0.908028	0.394760	0.776905	1.696125	0.528378	-1.696125	-0.528378	0.000000	0.450000
0.461386	0.908028	0.394760	0.776905	1.696125	0.528378	-1.696125	-0.528378	0.000000	0.450000
0.461386	0.908028	0.394760	0.776905	1.696125	0.528378	-1.696125	-0.528378	0.000000	0.450000
0.406630	0.821887	0.352602	0.712685	1.646541	0.515918	-1.646541	-0.515918	0.000000	0.450000
0.406630	0.821887	0.352602	0.712685	1.646541	0.515918	-1.646541	-0.515918	0.000000	0.450000
0.461386	0.908028	0.394760	0.776905	1.696125	0.528378	-1.696125	-0.528378	0.000000	0.450000
0.461386	0.908028	0.394760	0.776905	1.696125	0.528378	-1.696125	-0.528378	0.000000	0.450000
0.411215	0.809291	0.351834	0.692425	1.696125	0.528378	-1.696125	-0.528378	0.000000	0.450000
0.323209	0.653276	0.280266	0.566477	1.646541	0.515918	-1.646541	-0.515918	0.000000	0.450000
0.232714	0.493541	0.206987	0.438980	1.538380	0.490732	-1.538380	-0.490732	0.000000	0.450000
0.232714	0.493541	0.206987	0.438980	1.538380	0.490732	-1.538380	-0.490732	0.000000	0.450000
0.304378	0.636614	0.268679	0.561948	1.572899	0.498512	-1.572899	-0.498512	0.000000	0.450000
0.266585	0.581345	0.241051	0.525662	1.456314	0.473006	-1.456314	-0.473006	0.000000	0.450000
0.233763	0.525055	0.216083	0.485342	1.328087	0.446896	-1.328087	-0.446896	0.000000	0.450000
0.205565	0.468044	0.193841	0.441348	1.190126	0.420001	-1.190126	-0.420001	0.000000	0.450000
0.183730	0.416055	0.176351	0.399346	1.045908	0.392123	-1.045908	-0.392123	0.000000	0.450000
0.169265	0.373405	0.165008	0.364014	0.900126	0.363040	-0.900126	-0.363040	0.000000	0.450000
0.170487	0.358999	0.168418	0.354643	0.757802	0.332501	-0.757802	-0.332501	0.000000	0.450000
0.207007	0.408568	0.206755	0.408070	0.623242	0.300216	-0.623242	-0.300216	0.000000	0.450000
0.220953	0.402699	0.222612	0.405723	0.499335	0.265851	-0.499335	-0.265851	0.000000	0.450000
0.241740	0.402286	0.245121	0.407911	0.387406	0.229016	-0.387406	-0.229016	0.000000	0.450000
0.280443	0.422731	0.285535	0.430405	0.287511	0.189248	-0.287511	-0.189248	0.000000	0.450000
0.334139	0.453796	0.340818	0.462867	0.198891	0.146002	-0.198891	-0.146002	0.000000	0.450000
0.394515	0.481128	0.402198	0.490498	0.120380	0.098631	-0.120380	-0.098631	0.000000	0.450000
0.462508	0.505551	0.470193	0.513951	0.050685	0.046367	-0.050685	-0.046367	0.000000	0.450000
0.499607	0.489089	0.505319	0.494681	-0.011692	-0.011446	0.011692	0.011446	0.000000	0.450000
0.530694	0.465367	0.532799	0.467212	-0.075983	-0.066538	0.075983	0.066538	0.000000	0.450000
0.563078	0.442812	0.559852	0.440275	-0.145705	-0.113596	0.145705	0.113596	0.000000	0.450000
0.596662	0.421809	0.586176	0.414396	-0.220009	-0.151338	0.220009	0.151338	0.000000	0.450000
0.631384	0.402877	0.611510	0.390196	-0.298175	-0.178493	0.298175	0.178493	0.000000	0.450000
0.653177	0.392591	0.626429	0.376514	-0.347657	-0.189421	0.347657	0.189421	0.000000	0.450000
0.653177	0.392591	0.626429	0.376514	-0.347657	-0.189421	0.347657	0.189421	0.000000	0.450000
0.660176	0.389570	0.631059	0.372388	-0.363591	-0.191948	0.363591	0.191948	0.000000	0.450000
0.661277	0.389108	0.631781	0.371751	-0.366099	-0.192303	0.366099	0.192303	0.000000	0.450000
0.634750	0.401204	0.613864	0.388002	-0.305803	-0.180487	0.305803	0.180487	0.000000	0.450000
0.608708	0.414905	0.595183	0.405686	-0.247007	-0.162124	0.247007	0.162124	0.000000	0.450000
0.588171	0.426881	0.579689	0.420724	-0.201074	-0.142861	0.201074	0.142861	0.000000	0.450000
0.585521	0.428497	0.577641	0.422730	-0.195184	-0.140068	0.195184	0.140068	0.000000	0.450000
0.585521	0.428497	0.577641	0.422730	-0.195184	-0.140068	0.195184	0.140068	0.000000	0.450000
0.591800	0.424693	0.582475	0.418001	-0.209156	-0.146572	0.209156	0.146572	0.000000	0.450000
0.578796	0.432670	0.572394	0.427884	-0.180278	-0.132664	0.180278	0.132664	0.000000	0.450000
0.563877	0.442283	0.560499	0.439634	-0.147452	-0.114624	0.147452	0.114624	0.000000	0.450000
0.548709	0.452548	0.548048	0.452004	-0.114484	-0.094007	0.114484	0.094007	0.000000	0.450000
0.548709	0.452548	0.548048	0.452004	-0.114484	-0.094007	0.114484	0.094007	0.000000	0.450000
0.557971	0.446222	0.555694	0.444401	-0.134562	-0.106869	0.134562	0.106869	0.000000	0.450000
0.591373	0.424949	0.582149	0.418320	-0.208205	-0.146142	0.208205	0.146142	0.000000	0.450000
0.616191	0.410793	0.600661	0.400440	-0.263847	-0.168093	0.263847	0.168093	0.000000	0.450000
0.605517	0.416701	0.592819	0.407963	-0.239839	-0.159408	0.239839	0.159408	0.000000	0.450000
0.592270	0.424412	0.582835	0.417651	-0.210204	-0.147043	0.210204	0.147043	0.000000	0.450000
0.576826	0.433912	0.570843	0.429411	-0.175922	-0.130408	0.175922	0.130408	0.000000	0.450000
0.576826	0.433912	0.570843	0.429411	-0.175922	-0.130408	0.175922	0.130408	0.000000	0.450000
0.610886	0.413694	0.596787	0.404146	-0.251903	-0.163919	0.251903	0.163919	0.000000	0.450000
0.643533	0.396982	0.619920	0.382416	-0.325731	-0.185161	0.325731	0.185161	0.000000	0.450000
0.628829	0.404167	0.609711	0.391879	-0.292391	-0.176905	0.292391	0.176905	0.000000	0.450000
0.613956	0.412007	0.599034	0.401994	-0.258812	-0.166369	0.258812	0.166369	0.000000	0.450000
0.613781	0.412103	0.598906	0.402116	-0.258417	-0.166232	0.258417	0.166232	0.000000	0.450000
0.613781	0.412103	0.598906	0.402116	-0.258417	-0.166232	0.258417	0.166232	0.000000	0.450000
0.627690	0.404747	0.608906	0.392635	-0.289814	-0.176176	0.289814	0.176176	0.000000	0.450000
0.640399	0.398464	0.617773	0.384386	-0.318615	-0.183580	0.318615	0.183580	0.000000	0.450000
0.637824	0.399702	0.615998	0.386024	-0.312774	-0.182209	0.312774	0.182209	0.000000	0.450000
0.629768	0.403690	0.610374	0.391258	-0.294518	-0.177496	0.294518	0.177496	0.000000	0.450000
0.629768	0.403690	0.610374	0.391258	-0.294518	-0.177496	0.294518	0.177496	0.000000	0.450000
0.664178	0.387907	0.633672	0.370090	-0.372709	-0.193181	0.372709	0.193181	0.000000	0.450000
0.691715	0.377795	0.650962	0.355537	-0.435534	-0.197613	0.435534	0.197613	0.000000	0.450000
0.711100	0.372161	0.662417	0.346682	-0.479789	-0.196701	0.479789	0.196701	0.000000	0.450000
0.695913	0.376467	0.653492	0.353519	-0.445118	-0.197687	0.445118	0.197687	0.000000	0.450000
0.695913	0.376467	0.653492	0.353519	-0.445118	-0.197687	0.445118	0.197687	0.000000	0.450000
0.725558	0.368816	0.670579	0.340869	-0.512781	-0.194034	0.512781	0.194034	0.000000	0.450000
0.763577	0.363779	0.690513	0.328970	-0.599366	-0.180120	0.599366	0.180120	0.000000	0.450000
0.793935	0.363950	0.704872	0.323122	-0.668238	-0.163638	0.668238	0.163638	0.000000	0.450000
0.795985	0.364102	0.705792	0.322846	-0.672878	-0.162410	0.672878	0.162410	0.000000	0.450000
0.795013	0.364028	0.705357	0.322975	-0.670679	-0.162994	0.670679	0.162994	0.000000	0.450000
0.795013	0.364028	0.705357	0.322975	-0.670679	-0.162994	0.670679	0.162994	0.000000	0.450000
0.835122	0.370534	0.722213	0.320438	-0.761248	-0.137632	0.761248	0.137632	0.000000	0.450000
0.872033	0.382854	0.735735	0.323014	-0.844242	-0.114786	0.844242	0.114786	0.000000	0.450000
0.902643	0.397702	0.745552	0.328488	-0.912937	-0.098786	0.912937	0.098786	0.000000	0.450000
0.887333	0.389752	0.740797	0.325387	-0.878582	-0.106331	0.878582	0.106331	0.000000	0.450000
0.887333	0.389752	0.740797	0.325387	-0.878582	-0.106331	0.878582	0.106331	0.000000	0.450000
0.923602	0.410270	0.751565	0.333850	-0.959991	-0.090273	0.959991	0.090273	0.000000	0.450000
0.963994	0.439930	0.761564	0.347548	-1.051043	-0.081007	1.051043	0.081007	0.000000	0.450000
0.996529	0.468996	0.768119	0.361499	-1.125174	-0.081383	1.125174	0.081383	0.000000	0.450000
1.007234	0.479579	0.769984	0.366616	-1.149823	-0.083156	1.149823	0.083156	0.000000	0.450000
1.005476	0.477806	0.769688	0.365759	-1.145764	-0.082807	1.145764	0.082807	0.000000	0.450000
1.005476	0.477806	0.769688	0.365759	-1.145764	-0.082807	1.145764	0.082807	0.000000	0.450000
1.024419	0.497647	0.772674	0.375354	-1.189761	-0.087778	1.189761	0.087778	0.000000	0.450000
1.047878	0.524538	0.775730	0.388308	-1.245245	-0.097736	1.245245	0.097736	0.000000	0.450000
1.058823	0.538007	0.776905	0.394760	-1.271622	-0.103875	1.271622	0.103875	0.000000	0.450000
1.058823	0.538007	0.776905	0.394760	-1.271622	-0.103875	1.271622	0.103875	0.000000	0.450000
1.058823	0.538007	0.776905	0.394760	-1.271622	-0.103875	1.271622	0.103875	0.000000	0.450000
1.058823	0.538007	0.776905	0.394760	-1.271622	-0.103875	1.271622	0.103875	0.000000	0.450000
1.058823	0.538007	0.776905	0.394760	-1.271622	-0.103875	1.271622	0.103875	0.000000	0.450000
1.058823	0.538007	0.776905	0.394760	-1.271622	-0.103875	1.271622	0.103875	0.000000	0.450000
1.058823	0.538007	0.776905	0.394760	-1.271622	-0.103875	1.271622	0.103875	0.000000	0.450000
1.058823	0.538007	0.776905	0.394760	-1.271622	-0.103875	1.271622	0.103875	0.000000	0.450000
1.058823	0.538007	0.776905	0.394760	-1.271622	-0.103875	1.271622	0.103875	0.000000	0.450000
1.058823	0.538007	0.776905	0.394760	-1.271622	-0.103875	1.271622	0.103875	0.000000	0.450000
1.058823	0.538007	0.776905	0.394760	-1.271622	-0.103875	1.271622	0.103875	0.000000	0.450000
1.058823	0.538007	0.776905	0.394760	-1.271622	-0.103875	1.271622	0.103875	0.000000	0.450000
1.058823	0.538007	0.776905	0.394760	-1.271622	-0.103875	1.271622	0.103875	0.000000	0.450000
1.058823	0.538007	0.776905	0.394760	-1.271622	-0.103875	1.271622	0.103875	0.000000	0.450000
1.058823	0.538007	0.776905	0.394760	-1.271622	-0.103875	1.271622	0.103875	0.000000	0.450000
1.058823	0.538007	0.776905	0.394760	-1.271622	-0.103875	1.271622	0.103875	0.000000	0.450000
1.058823	0.538007	0.776905	0.394760	-1.271622	-0.103875	1.271622	0.103875	0.000000	0.450000
1.058823	0.538007	0.776905	0.394760	-1.271622	-0.103875	1.271622	0.103875	0.000000	0.450000
1.058823	0.538007	0.776905	0.394760	-1.271622	-0.103875	1.271622	0.103875	0.000000	0.450000
1.058823	0.538007	0.776905	0.394760	-1.271622	-0.103875	1.271622	0.103875	0.000000	0.450000
1.058823	0.538007	0.776905	0.394760	-1.271622	-0.103875	1.271622	0.103875	0.000000	0.450000
1.058823	0.538007	0.776905	0.394760	-1.271622	-0.103875	1.271622	0.103875	0.000000	0.450000
1.053540	0.531430	0.776358	0.391613	-1.258847	-0.100790	1.258847	0.100790	0.000000	0.450000
1.039365	0.514474	0.774705	0.383470	-1.224961	-0.093625	1.224961	0.093625	0.000000	0.450000
1.022669	0.495746	0.772418	0.374435	-1.185671	-0.087206	1.185671	0.087206	0.000000	0.450000
1.009482	0.481866	0.770358	0.367723	-1.155020	-0.083635	1.155020	0.083635	0.000000	0.450000
0.990938	0.463671	0.767087	0.358928	-1.112359	-0.080788	1.112359	0.080788	0.000000	0.450000
0.969776	0.444757	0.762826	0.349846	-1.064147	-0.080538	1.064147	0.080538	0.000000	0.450000
0.959065	0.435929	0.760454	0.345653	-1.039889	-0.081584	1.039889	0.081584	0.000000	0.450000
0.941695	0.422674	0.756300	0.339461	-1.000690	-0.084875	1.000690	0.084875	0.000000	0.450000
0.924467	0.410830	0.751801	0.334098	-0.961935	-0.089972	0.961935	0.089972	0.000000	0.450000
0.903248	0.398037	0.745734	0.328625	-0.914293	-0.098510	0.914293	0.098510	0.000000	0.450000
0.888663	0.390401	0.741223	0.325629	-0.881568	-0.105636	0.881568	0.105636	0.000000	0.450000
0.867583	0.381044	0.734203	0.322463	-0.834249	-0.117387	0.834249	0.117387	0.000000	0.450000
0.845737	0.373451	0.726294	0.320709	-0.785145	-0.130837	0.785145	0.130837	0.000000	0.450000
0.828070	0.368875	0.719415	0.320473	-0.745356	-0.142180	0.745356	0.142180	0.000000	0.450000
0.811685	0.365873	0.712643	0.321229	-0.708381	-0.152685	0.708381	0.152685	0.000000	0.450000
0.793780	0.363939	0.704802	0.323144	-0.667886	-0.163731	0.667886	0.163731	0.000000	0.450000
0.773550	0.363410	0.695381	0.326686	-0.622020	-0.175118	0.622020	0.175118	0.000000	0.450000
0.755869	0.364341	0.686649	0.330976	-0.581839	-0.183646	0.581839	0.183646	0.000000	0.450000
0.736104	0.366860	0.676330	0.337069	-0.536830	-0.191108	0.536830	0.191108	0.000000	0.450000
0.717879	0.370499	0.666284	0.343871	-0.495262	-0.195652	0.495262	0.195652	0.000000	0.450000
0.698819	0.375582	0.655228	0.352154	-0.451752	-0.197649	0.451752	0.197649	0.000000	0.450000
0.671832	0.384859	0.638598	0.365821	-0.390159	-0.195117	0.390159	0.195117	0.000000	0.450000
0.650072	0.393976	0.624349	0.378387	-0.340594	-0.188149	0.340594	0.188149	0.000000	0.450000
0.636454	0.400369	0.615048	0.386903	-0.309665	-0.181453	0.309665	0.181453	0.000000	0.450000
0.614944	0.411469	0.599755	0.401305	-0.261038	-0.167138	0.261038	0.167138	0.000000	0.450000
0.604231	0.417431	0.591862	0.408886	-0.236955	-0.158285	0.236955	0.158285	0.000000	0.450000
0.594080	0.423334	0.584215	0.416305	-0.214241	-0.148836	0.214241	0.148836	0.000000	0.450000
0.585987	0.428211	0.578002	0.422376	-0.196219	-0.140564	0.196219	0.140564	0.000000	0.450000
0.586589	0.427844	0.578467	0.421920	-0.197556	-0.141201	0.197556	0.141201	0.000000	0.450000
0.580111	0.431846	0.573425	0.426869	-0.183186	-0.134146	0.183186	0.134146	0.000000	0.450000
0.575891	0.434504	0.570105	0.430138	-0.173857	-0.129325	0.173857	0.129325	0.000000	0.450000
0.569955	0.438308	0.565387	0.434795	-0.160782	-0.122242	0.160782	0.122242	0.000000	0.450000
0.563616	0.442456	0.560288	0.439843	-0.146882	-0.114290	0.146882	0.114290	0.000000	0.450000
0.558750	0.445698	0.556331	0.443768	-0.136260	-0.107913	0.136260	0.107913	0.000000	0.450000
0.558483	0.445878	0.556113	0.443985	-0.135678	-0.107556	0.135678	0.107556	0.000000	0.450000
0.552736	0.449775	0.551389	0.448679	-0.123194	-0.099705	0.123194	0.099705	0.000000	0.450000
0.548214	0.452891	0.547636	0.452414	-0.113418	-0.093296	0.113418	0.093296	0.000000	0.450000
0.547282	0.453538	0.546859	0.453188	-0.111408	-0.091950	0.111408	0.091950	0.000000	0.450000
0.544794	0.455276	0.544777	0.455262	-0.106054	-0.088314	0.106054	0.088314	0.000000	0.450000
0.548109	0.452964	0.547549	0.452501	-0.113191	-0.093145	0.113191	0.093145	0.000000	0.450000
0.546476	0.454100	0.546185	0.453859	-0.109671	-0.090778	0.109671	0.090778	0.000000	0.450000
0.543605	0.456111	0.543779	0.456257	-0.103499	-0.086554	0.103499	0.086554	0.000000	0.450000
0.547881	0.453122	0.547359	0.452690	-0.112700	-0.092816	0.112700	0.092816	0.000000	0.450000
0.549594	0.451935	0.548785	0.451270	-0.116397	-0.095274	0.116397	0.095274	0.000000	0.450000
0.549014	0.452337	0.548302	0.451751	-0.115143	-0.094445	0.115143	0.094445	0.000000	0.450000
0.555358	0.447988	0.553551	0.446530	-0.128882	-0.103328	0.128882	0.103328	0.000000	0.450000
0.555111	0.448156	0.553347	0.446732	-0.128344	-0.102989	0.128344	0.102989	0.000000	0.450000
0.555818	0.447676	0.553929	0.446154	-0.129880	-0.103956	0.129880	0.103956	0.000000	0.450000
0.559125	0.445447	0.556637	0.443464	-0.137076	-0.108412	0.137076	0.108412	0.000000	0.450000
0.556674	0.447097	0.554631	0.445457	-0.131740	-0.105120	0.131740	0.105120	0.000000	0.450000
0.561382	0.443938	0.558476	0.441640	-0.141999	-0.111391	0.141999	0.111391	0.000000	0.450000
0.558198	0.446069	0.555879	0.444217	-0.135057	-0.107174	0.135057	0.107174	0.000000	0.450000
0.554727	0.448417	0.553031	0.447046	-0.127511	-0.102462	0.127511	0.102462	0.000000	0.450000
0.559938	0.444902	0.557301	0.442806	-0.138849	-0.109492	0.138849	0.109492	0.000000	0.450000
0.559526	0.445178	0.556964	0.443139	-0.137951	-0.108946	0.137951	0.108946	0.000000	0.450000
0.569486	0.438612	0.565012	0.435166	-0.159751	-0.121668	0.159751	0.121668	0.000000	0.450000
0.569554	0.438568	0.565066	0.435113	-0.159899	-0.121750	0.159899	0.121750	0.000000	0.450000
0.570048	0.438248	0.565461	0.434722	-0.160985	-0.122355	0.160985	0.122355	0.000000	0.450000
0.574113	0.435635	0.568698	0.431526	-0.169935	-0.127241	0.169935	0.127241	0.000000	0.450000
0.573374	0.436107	0.568111	0.432105	-0.168306	-0.126365	0.168306	0.126365	0.000000	0.450000
0.573017	0.436336	0.567827	0.432385	-0.167519	-0.125939	0.167519	0.125939	0.000000	0.450000
0.582235	0.430523	0.575086	0.425237	-0.187893	-0.136507	0.187893	0.136507	0.000000	0.450000
0.582928	0.430094	0.575626	0.424706	-0.189429	-0.137267	0.189429	0.137267	0.000000	0.450000
0.586397	0.427961	0.578319	0.422066	-0.197130	-0.140998	0.197130	0.140998	0.000000	0.450000
0.583868	0.429513	0.576358	0.423988	-0.191513	-0.138289	0.191513	0.138289	0.000000	0.450000
0.581383	0.431053	0.574420	0.425891	-0.186004	-0.135565	0.186004	0.135565	0.000000	0.450000
0.577632	0.433403	0.571478	0.428785	-0.177702	-0.131335	0.177702	0.131335	0.000000	0.450000
0.587553	0.427256	0.579212	0.421191	-0.199700	-0.142216	0.199700	0.142216	0.000000	0.450000
0.592487	0.424282	0.583000	0.417489	-0.210687	-0.147259	0.210687	0.147259	0.000000	0.450000
0.590917	0.425222	0.581800	0.418661	-0.207189	-0.145681	0.207189	0.145681	0.000000	0.450000
0.589114	0.426309	0.580415	0.420014	-0.203172	-0.143838	0.203172	0.143838	0.000000	0.450000
0.599935	0.419900	0.588646	0.411999	-0.227328	-0.154412	0.227328	0.154412	0.000000	0.450000
0.606029	0.416411	0.593200	0.407596	-0.240989	-0.159851	0.240989	0.159851	0.000000	0.450000
0.608719	0.414899	0.595191	0.405679	-0.247031	-0.162133	0.247031	0.162133	0.000000	0.450000
0.603801	0.417676	0.591541	0.409196	-0.235990	-0.157905	0.235990	0.157905	0.000000	0.450000
0.600446	0.419604	0.589030	0.411626	-0.228473	-0.154882	0.228473	0.154882	0.000000	0.450000
0.611714	0.413237	0.597394	0.403564	-0.253765	-0.164589	0.253765	0.164589	0.000000	0.450000
0.619384	0.409081	0.602972	0.398241	-0.271047	-0.170470	0.271047	0.170470	0.000000	0.450000
0.616664	0.410538	0.601005	0.400113	-0.264914	-0.168452	0.264914	0.168452	0.000000	0.450000
0.614444	0.411741	0.599390	0.401653	-0.259911	-0.166750	0.259911	0.166750	0.000000	0.450000
0.608899	0.414799	0.595324	0.405551	-0.247435	-0.162283	0.247435	0.162283	0.000000	0.450000
0.619771	0.408875	0.603251	0.397976	-0.271921	-0.170751	0.271921	0.170751	0.000000	0.450000
0.635841	0.400668	0.614623	0.387297	-0.308277	-0.181109	0.308277	0.181109	0.000000	0.450000
0.634483	0.401335	0.613678	0.388175	-0.305198	-0.180333	0.305198	0.180333	0.000000	0.450000
0.632368	0.402384	0.612200	0.389551	-0.300405	-0.179088	0.300405	0.179088	0.000000	0.450000
0.641365	0.398004	0.618437	0.383776	-0.320809	-0.184078	0.320809	0.184078	0.000000	0.450000
0.655912	0.391393	0.628248	0.374885	-0.353883	-0.190465	0.353883	0.190465	0.000000	0.450000
0.653730	0.392347	0.626797	0.376183	-0.348915	-0.189638	0.348915	0.189638	0.000000	0.450000
0.648882	0.394514	0.623548	0.379112	-0.337887	-0.187636	0.337887	0.187636	0.000000	0.450000
0.656765	0.391024	0.628812	0.374382	-0.355823	-0.190776	0.355823	0.190776	0.000000	0.450000
0.660283	0.389525	0.631129	0.372326	-0.363834	-0.191983	0.363834	0.191983	0.000000	0.450000
0.650977	0.393569	0.624957	0.377838	-0.342652	-0.188529	0.342652	0.188529	0.000000	0.450000
0.656098	0.391313	0.628371	0.374776	-0.354305	-0.190533	0.354305	0.190533	0.000000	0.450000
0.654434	0.392038	0.627266	0.375763	-0.350517	-0.189910	0.350517	0.189910	0.000000	0.450000
0.644942	0.396324	0.620881	0.381538	-0.328933	-0.185840	0.328933	0.185840	0.000000	0.450000
0.629902	0.403623	0.610468	0.391170	-0.294821	-0.177580	0.294821	0.177580	0.000000	0.450000
0.629244	0.403956	0.610004	0.391604	-0.293331	-0.177167	0.293331	0.177167	0.000000	0.450000
0.622947	0.407200	0.605531	0.395816	-0.279091	-0.173002	0.279091	0.173002	0.000000	0.450000
0.607777	0.415427	0.594495	0.406348	-0.244914	-0.161342	0.244914	0.161342	0.000000	0.450000
0.602094	0.418654	0.590266	0.410429	-0.232163	-0.156381	0.232163	0.156381	0.000000	0.450000
0.588219	0.426852	0.579726	0.420688	-0.201181	-0.142910	0.201181	0.142910	0.000000	0.450000
0.573776	0.435850	0.568431	0.431789	-0.169193	-0.126842	0.169193	0.126842	0.000000	0.450000
0.558242	0.446040	0.555915	0.444181	-0.135152	-0.107233	0.135152	0.107233	0.000000	0.450000
0.543077	0.456483	0.543335	0.456699	-0.102366	-0.085768	0.102366	0.085768	0.000000	0.450000
0.530666	0.465388	0.532774	0.467237	-0.075923	-0.066492	0.075923	0.066492	0.000000	0.450000
0.521767	0.471971	0.525057	0.474947	-0.057211	-0.051720	0.057211	0.051720	0.000000	0.450000
0.491070	0.495968	0.497519	0.502481	0.005424	0.005370	-0.005424	-0.005370	0.000000	0.450000
0.471361	0.512488	0.479100	0.520902	0.047509	0.043694	-0.047509	-0.043694	0.000000	0.450000
0.456527	0.525558	0.464862	0.535153	0.082558	0.071694	-0.082558	-0.071694	0.000000	0.450000
0.434821	0.545822	0.443449	0.556652	0.140364	0.111684	-0.140364	-0.111684	0.000000	0.450000
0.419483	0.561124	0.427898	0.572380	0.187114	0.139519	-0.187114	-0.139519	0.000000	0.450000
0.407828	0.573427	0.415840	0.584692	0.226816	0.160624	-0.226816	-0.160624	0.000000	0.450000
0.384965	0.599867	0.391525	0.610089	0.319022	0.202662	-0.319022	-0.202662	0.000000	0.450000
0.384965	0.599867	0.391525	0.610089	0.319022	0.202662	-0.319022	-0.202662	0.000000	0.450000
0.380903	0.604988	0.387102	0.614834	0.338023	0.210339	-0.338023	-0.210339	0.000000	0.450000
0.379591	0.606677	0.385666	0.616385	0.344372	0.212840	-0.344372	-0.212840	0.000000	0.450000
0.368151	0.622270	0.372965	0.630407	0.404973	0.235261	-0.404973	-0.235261	0.000000	0.450000
0.374279	0.613709	0.379810	0.622778	0.371260	0.223099	-0.371260	-0.223099	0.000000	0.450000
0.374279	0.613709	0.379810	0.622778	0.371260	0.223099	-0.371260	-0.223099	0.000000	0.450000
0.374279	0.613709	0.379810	0.622778	0.371260	0.223099	-0.371260	-0.223099	0.000000	0.450000
0.373286	0.615062	0.378707	0.623995	0.376517	0.225045	-0.376517	-0.225045	0.000000	0.450000
0.373286	0.615062	0.378707	0.623995	0.376517	0.225045	-0.376517	-0.225045	0.000000	0.450000
0.374995	0.612742	0.380603	0.621905	0.367519	0.221703	-0.367519	-0.221703	0.000000	0.450000
0.383573	0.601604	0.390013	0.611705	0.325426	0.205282	-0.325426	-0.205282	0.000000	0.450000
0.389579	0.594228	0.396509	0.604798	0.298536	0.194043	-0.298536	-0.194043	0.000000	0.450000
0.401558	0.580337	0.409263	0.591472	0.249983	0.172025	-0.249983	-0.172025	0.000000	0.450000
0.412305	0.568623	0.420497	0.579921	0.211081	0.152510	-0.211081	-0.152510	0.000000	0.450000
0.421119	0.559447	0.429573	0.570678	0.181852	0.136558	-0.181852	-0.136558	0.000000	0.450000
0.430835	0.549713	0.439441	0.560693	0.151984	0.118939	-0.151984	-0.118939	0.000000	0.450000
0.442260	0.538711	0.450865	0.549192	0.119568	0.098084	-0.119568	-0.098084	0.000000	0.450000
0.451349	0.530262	0.459816	0.540209	0.095584	0.081325	-0.095584	-0.081325	0.000000	0.450000
0.459176	0.523181	0.467427	0.532583	0.076061	0.066741	-0.076061	-0.066741	0.000000	0.450000
0.465486	0.517596	0.473499	0.526506	0.061011	0.054862	-0.061011	-0.054862	0.000000	0.450000
0.470518	0.513216	0.478299	0.521703	0.049419	0.045305	-0.049419	-0.045305	0.000000	0.450000
0.472916	0.511151	0.480573	0.519428	0.044016	0.040722	-0.044016	-0.040722	0.000000	0.450000
0.475338	0.509079	0.482863	0.517138	0.038633	0.036072	-0.038633	-0.036072	0.000000	0.450000
0.477757	0.507026	0.485140	0.514861	0.033336	0.031411	-0.033336	-0.031411	0.000000	0.450000
0.479306	0.505718	0.486593	0.513407	0.029980	0.028414	-0.029980	-0.028414	0.000000	0.450000
0.480659	0.504580	0.487861	0.512140	0.027073	0.025789	-0.027073	-0.025789	0.000000	0.450000
0.480158	0.505001	0.487392	0.512608	0.028147	0.026762	-0.028147	-0.026762	0.000000	0.450000
0.485109	0.500869	0.492008	0.507992	0.017669	0.017113	-0.017669	-0.017113	0.000000	0.450000
0.498410	0.490044	0.504232	0.495768	-0.009282	-0.009126	0.009282	0.009126	0.000000	0.450000
0.510343	0.480665	0.514974	0.485026	-0.033540	-0.031585	0.033540	0.031585	0.000000	0.450000
0.520519	0.472907	0.523965	0.476038	-0.054606	-0.049585	0.054606	0.049585	0.000000	0.450000
0.528256	0.467154	0.530696	0.469312	-0.070834	-0.062571	0.070834	0.062571	0.000000	0.450000
0.537919	0.460145	0.538974	0.461048	-0.091329	-0.077944	0.091329	0.077944	0.000000	0.450000
0.548896	0.452419	0.548204	0.451849	-0.114888	-0.094275	0.114888	0.094275	0.000000	0.450000
0.556380	0.447296	0.554390	0.445696	-0.131101	-0.104721	0.131101	0.104721	0.000000	0.450000
0.562726	0.443045	0.559567	0.440557	-0.144936	-0.113141	0.144936	0.113141	0.000000	0.450000
0.567015	0.440221	0.563030	0.437127	-0.154325	-0.118603	0.154325	0.118603	0.000000	0.450000
0.566890	0.440303	0.562929	0.437227	-0.154051	-0.118446	0.154051	0.118446	0.000000	0.450000
0.572884	0.436421	0.567722	0.432489	-0.167227	-0.125781	0.167227	0.125781	0.000000	0.450000
0.579501	0.432228	0.572947	0.427339	-0.181837	-0.133461	0.181837	0.133461	0.000000	0.450000
0.583375	0.429818	0.575974	0.424365	-0.190419	-0.137753	0.190419	0.137753	0.000000	0.450000
0.584941	0.428853	0.577191	0.423171	-0.193896	-0.139447	0.193896	0.139447	0.000000	0.450000
0.586885	0.427663	0.578696	0.421696	-0.198214	-0.141514	0.198214	0.141514	0.000000	0.450000
0.585039	0.428792	0.577267	0.423096	-0.194114	-0.139552	0.194114	0.139552	0.000000	0.450000
0.590389	0.425540	0.581394	0.419057	-0.206011	-0.145144	0.206011	0.145144	0.000000	0.450000
0.607672	0.415486	0.594417	0.406423	-0.244678	-0.161253	0.244678	0.161253	0.000000	0.450000
0.611062	0.413597	0.596916	0.404022	-0.252298	-0.164062	0.252298	0.164062	0.000000	0.450000
0.618239	0.409692	0.602145	0.399027	-0.268464	-0.169629	0.268464	0.169629	0.000000	0.450000
0.620798	0.408331	0.603990	0.397275	-0.274238	-0.171490	0.274238	0.171490	0.000000	0.450000
0.615089	0.411390	0.599860	0.401205	-0.261363	-0.167249	0.261363	0.167249	0.000000	0.450000
0.618631	0.409482	0.602428	0.398758	-0.269348	-0.169918	0.269348	0.169918	0.000000	0.450000
0.636284	0.400451	0.614930	0.387012	-0.309280	-0.181358	0.309280	0.181358	0.000000	0.450000
0.635241	0.400962	0.614205	0.387685	-0.306915	-0.180768	0.306915	0.180768	0.000000	0.450000
0.635259	0.400953	0.614218	0.387673	-0.306957	-0.180779	0.306957	0.180779	0.000000	0.450000
0.634095	0.401527	0.613407	0.388427	-0.304318	-0.180108	0.304318	0.180108	0.000000	0.450000
0.636988	0.400108	0.615419	0.386560	-0.310878	-0.181750	0.310878	0.181750	0.000000	0.450000
0.642157	0.397629	0.618980	0.383277	-0.322608	-0.184479	0.322608	0.184479	0.000000	0.450000
0.647611	0.395093	0.622690	0.379890	-0.334997	-0.187073	0.334997	0.187073	0.000000	0.450000
0.644853	0.396365	0.620820	0.381593	-0.328731	-0.185798	0.328731	0.185798	0.000000	0.450000
0.640936	0.398209	0.618142	0.384047	-0.319834	-0.183858	0.319834	0.183858	0.000000	0.450000
0.638871	0.399197	0.616721	0.385356	-0.315148	-0.182775	0.315148	0.182775	0.000000	0.450000
0.628662	0.404251	0.609593	0.391990	-0.292014	-0.176799	0.292014	0.176799	0.000000	0.450000
0.615219	0.411319	0.599955	0.401114	-0.261658	-0.167350	0.261658	0.167350	0.000000	0.450000
0.603162	0.418041	0.591065	0.409657	-0.234558	-0.157339	0.234558	0.157339	0.000000	0.450000
0.592378	0.424347	0.582917	0.417570	-0.210444	-0.147151	0.210444	0.147151	0.000000	0.450000
0.579264	0.432376	0.572761	0.427522	-0.181312	-0.133193	0.181312	0.133193	0.000000	0.450000
0.567880	0.439656	0.563725	0.436439	-0.156224	-0.119683	0.156224	0.119683	0.000000	0.450000
0.557245	0.446711	0.555099	0.444991	-0.132982	-0.105892	0.132982	0.105892	0.000000	0.450000
0.540587	0.458243	0.541235	0.458793	-0.097031	-0.082025	0.097031	0.082025	0.000000	0.450000
0.526051	0.468781	0.528787	0.471220	-0.066191	-0.058930	0.066191	0.058930	0.000000	0.450000
0.513317	0.478375	0.517618	0.482383	-0.039661	-0.036954	0.039661	0.036954	0.000000	0.450000
0.503774	0.485790	0.509086	0.490914	-0.020121	-0.019402	0.020121	0.019402	0.000000	0.450000
0.492338	0.494936	0.498684	0.501316	0.002870	0.002855	-0.002870	-0.002855	0.000000	0.450000
0.463066	0.519725	0.471177	0.528829	0.066713	0.059431	-0.066713	-0.059431	0.000000	0.450000
0.441331	0.539589	0.449943	0.550119	0.122106	0.099788	-0.122106	-0.099788	0.000000	0.450000
0.430056	0.550480	0.438655	0.561487	0.154297	0.120355	-0.154297	-0.120355	0.000000	0.450000
0.422726	0.557810	0.431215	0.569013	0.176750	0.133648	-0.176750	-0.133648	0.000000	0.450000
0.415513	0.565242	0.423815	0.576535	0.200186	0.146703	-0.200186	-0.146703	0.000000	0.450000
0.391820	0.591551	0.398915	0.602263	0.288973	0.189890	-0.288973	-0.189890	0.000000	0.450000
0.372983	0.615478	0.378370	0.624368	0.378135	0.225640	-0.378135	-0.225640	0.000000	0.450000
0.372981	0.615479	0.378369	0.624369	0.378142	0.225642	-0.378142	-0.225642	0.000000	0.450000
0.372981	0.615479	0.378369	0.624369	0.378142	0.225642	-0.378142	-0.225642	0.000000	0.450000
0.357865	0.638075	0.361212	0.644042	0.470047	0.256840	-0.470047	-0.256840	0.000000	0.450000
0.359101	0.636056	0.362645	0.642334	0.461531	0.254143	-0.461531	-0.254143	0.000000	0.450000
0.363180	0.629646	0.367332	0.636844	0.434885	0.245467	-0.434885	-0.245467	0.000000	0.450000
0.369979	0.619660	0.375018	0.628099	0.394577	0.231589	-0.394577	-0.231589	0.000000	0.450000
0.369979	0.619660	0.375018	0.628099	0.394577	0.231589	-0.394577	-0.231589	0.000000	0.450000
0.362275	0.631037	0.366298	0.638044	0.440616	0.247365	-0.440616	-0.247365	0.000000	0.450000
0.364820	0.627163	0.369199	0.634692	0.424726	0.242059	-0.424726	-0.242059	0.000000	0.450000
0.369440	0.620425	0.374413	0.628777	0.397613	0.232668	-0.397613	-0.232668	0.000000	0.450000
0.373789	0.614375	0.379266	0.623378	0.373844	0.224058	-0.373844	-0.224058	0.000000	0.450000
0.372509	0.616129	0.377843	0.624952	0.380680	0.226572	-0.380680	-0.226572	0.000000	0.450000
0.368306	0.622046	0.373140	0.630210	0.404075	0.234946	-0.404075	-0.234946	0.000000	0.450000
0.368960	0.621109	0.373875	0.629382	0.400335	0.233631	-0.400335	-0.233631	0.000000	0.450000
0.372697	0.615870	0.378052	0.624720	0.379669	0.226202	-0.379669	-0.226202	0.000000	0.450000
0.377861	0.608933	0.383766	0.618448	0.352918	0.216158	-0.352918	-0.216158	0.000000	0.450000
0.384562	0.600368	0.391088	0.610556	0.320865	0.203419	-0.320865	-0.203419	0.000000	0.450000
0.388774	0.595199	0.395642	0.605714	0.302032	0.195540	-0.302032	-0.195540	0.000000	0.450000
0.388985	0.594943	0.395870	0.605474	0.301112	0.195147	-0.301112	-0.195147	0.000000	0.450000
0.383937	0.601148	0.390409	0.611282	0.323741	0.204596	-0.323741	-0.204596	0.000000	0.450000
0.381577	0.604127	0.387839	0.614040	0.334801	0.209057	-0.334801	-0.209057	0.000000	0.450000
0.384865	0.599991	0.391417	0.610205	0.319477	0.202849	-0.319477	-0.202849	0.000000	0.450000
0.389349	0.594505	0.396261	0.605060	0.299533	0.194471	-0.299533	-0.194471	0.000000	0.450000
0.390805	0.592759	0.397826	0.603409	0.293275	0.191769	-0.293275	-0.191769	0.000000	0.450000
0.389942	0.593791	0.396900	0.604386	0.296970	0.193369	-0.296970	-0.193369	0.000000	0.450000
0.389914	0.593825	0.396869	0.604418	0.297092	0.193422	-0.297092	-0.193422	0.000000	0.450000
0.383437	0.601775	0.389865	0.611864	0.326057	0.205538	-0.326057	-0.205538	0.000000	0.450000
0.386236	0.598295	0.392902	0.608622	0.313267	0.200278	-0.313267	-0.200278	0.000000	0.450000
0.389779	0.593987	0.396724	0.604571	0.297672	0.193671	-0.297672	-0.193671	0.000000	0.450000
0.389465	0.594365	0.396386	0.604928	0.299030	0.194255	-0.299030	-0.194255	0.000000	0.450000
0.382445	0.603025	0.388785	0.613022	0.330695	0.207413	-0.330695	-0.207413	0.000000	0.450000
0.387529	0.596710	0.394300	0.607136	0.307499	0.197859	-0.307499	-0.197859	0.000000	0.450000
0.387474	0.596777	0.394241	0.607199	0.307742	0.197962	-0.307742	-0.197962	0.000000	0.450000
0.393058	0.590089	0.400240	0.600871	0.283790	0.187603	-0.283790	-0.187603	0.000000	0.450000
0.398269	0.584054	0.405787	0.595078	0.262713	0.178031	-0.262713	-0.178031	0.000000	0.450000
0.401119	0.580828	0.408801	0.591951	0.251656	0.172824	-0.251656	-0.172824	0.000000	0.450000
0.409690	0.571417	0.417780	0.582702	0.220196	0.157248	-0.220196	-0.157248	0.000000	0.450000
0.409951	0.571136	0.418052	0.582423	0.219275	0.156775	-0.219275	-0.156775	0.000000	0.450000
0.420884	0.559687	0.429333	0.570922	0.182602	0.136983	-0.182602	-0.136983	0.000000	0.450000
0.432954	0.547638	0.441574	0.558542	0.145765	0.115086	-0.145765	-0.115086	0.000000	0.450000
0.442774	0.538226	0.451374	0.548681	0.118172	0.097141	-0.118172	-0.097141	0.000000	0.450000
0.448157	0.533200	0.456686	0.543348	0.103839	0.087231	-0.103839	-0.087231	0.000000	0.450000
0.455612	0.526383	0.463973	0.536043	0.084827	0.073400	-0.084827	-0.073400	0.000000	0.450000
0.464561	0.518408	0.472613	0.527393	0.063180	0.056610	-0.063180	-0.056610	0.000000	0.450000
0.474695	0.509628	0.482256	0.517745	0.040055	0.037308	-0.040055	-0.037308	0.000000	0.450000
0.487438	0.498944	0.494167	0.505833	0.012837	0.012541	-0.012837	-0.012541	0.000000	0.450000
0.494862	0.492892	0.500997	0.499003	-0.002173	-0.002165	0.002173	0.002165	0.000000	0.450000
0.506145	0.483930	0.511219	0.488781	-0.024946	-0.023850	0.024946	0.023850	0.000000	0.450000
0.512595	0.478929	0.516977	0.483024	-0.038172	-0.035658	0.038172	0.035658	0.000000	0.450000
0.524813	0.469698	0.527713	0.472293	-0.063592	-0.056867	0.063592	0.056867	0.000000	0.450000
0.533368	0.463422	0.535093	0.464921	-0.081646	-0.070819	0.081646	0.070819	0.000000	0.450000
0.559120	0.445450	0.556633	0.443469	-0.137064	-0.108405	0.137064	0.108405	0.000000	0.450000
0.558726	0.445714	0.556311	0.443788	-0.136207	-0.107880	0.136207	0.107880	0.000000	0.450000
0.558726	0.445714	0.556311	0.443788	-0.136207	-0.107880	0.136207	0.107880	0.000000	0.450000
0.566486	0.440567	0.562604	0.437548	-0.153166	-0.117940	0.153166	0.117940	0.000000	0.450000
0.571207	0.437499	0.566387	0.433807	-0.163536	-0.123766	0.163536	0.123766	0.000000	0.450000
0.595585	0.422443	0.585360	0.415190	-0.217603	-0.150302	0.217603	0.150302	0.000000	0.450000
0.586947	0.427625	0.578744	0.421649	-0.198352	-0.141579	0.198352	0.141579	0.000000	0.450000
0.586947	0.427625	0.578744	0.421649	-0.198352	-0.141579	0.198352	0.141579	0.000000	0.407460
0.588310	0.426796	0.579796	0.420620	-0.201383	-0.143005	0.201383	0.143005	0.000000	0.366714
0.587374	0.427365	0.579074	0.421326	-0.199301	-0.142028	0.199301	0.142028	0.000000	0.286716
0.587374	0.427365	0.579074	0.421326	-0.199301	-0.142028	0.199301	0.142028	0.000000	0.219323
0.594642	0.423001	0.584643	0.415888	-0.215496	-0.149386	0.215496	0.149386	0.000000	0.162946
0.586760	0.427739	0.578600	0.421790	-0.197938	-0.141383	0.197938	0.141383	0.000000	0.131279
0.580509	0.431597	0.573737	0.426563	-0.184067	-0.134592	0.184067	0.134592	0.000000	0.110499
0.569564	0.438562	0.565074	0.435105	-0.159922	-0.121763	0.159922	0.121763	0.000000	0.093092
0.559437	0.445237	0.556892	0.443212	-0.137756	-0.108827	0.137756	0.108827	0.000000	0.078370
0.547940	0.453081	0.547408	0.452641	-0.112827	-0.092902	0.112827	0.092902	0.000000	0.066019
0.538192	0.459950	0.539206	0.460817	-0.091912	-0.078364	0.091912	0.078364	0.000000	0.055590
0.530116	0.465790	0.532301	0.467710	-0.074759	-0.065602	0.074759	0.065602	0.000000	0.046804
0.522857	0.471155	0.526009	0.473995	-0.059492	-0.053573	0.059492	0.053573	0.000000	0.039397
0.517235	0.475387	0.521081	0.478921	-0.047771	-0.043891	0.047771	0.043891	0.000000	0.033144
0.514106	0.477770	0.518317	0.481684	-0.041292	-0.038364	0.041292	0.038364	0.000000	0.027831
0.510772	0.480334	0.515356	0.484645	-0.034420	-0.032364	0.034420	0.032364	0.000000	0.023364
0.508521	0.482078	0.513347	0.486653	-0.029801	-0.028249	0.029801	0.028249	0.000000	0.019730
0.517690	0.475042	0.521482	0.478520	-0.048717	-0.044687	0.048717	0.044687	0.000000	0.016714
0.518273	0.474601	0.521994	0.478008	-0.049928	-0.045702	0.049928	0.045702	0.000000	0.013880
0.515426	0.476763	0.519484	0.480517	-0.044020	-0.040707	0.044020	0.040707	0.000000	0.011675
0.511666	0.479644	0.516152	0.483849	-0.036259	-0.033984	0.036259	0.033984	0.000000	0.009826
0.507935	0.482533	0.512824	0.487177	-0.028604	-0.027171	0.028604	0.027171	0.000000	0.008077
0.515330	0.476835	0.519400	0.480601	-0.043823	-0.040538	0.043823	0.040538	0.000000	0.007090
0.536187	0.461387	0.537502	0.462518	-0.087639	-0.075258	0.087639	0.075258	0.000000	0.005889
0.532640	0.463950	0.534470	0.465544	-0.080102	-0.069661	0.080102	0.069661	0.000000	0.005020
0.525448	0.469227	0.528264	0.471742	-0.064925	-0.057928	0.064925	0.057928	0.000000	0.003939
0.483698	0.452289	0.487859	0.456179	-0.037713	-0.035258	0.037713	0.035258	0.000000	0.003320
0.412778	0.416031	0.418154	0.421450	0.004285	0.004252	-0.004285	-0.004252	0.000000	0.002966
0.352307	0.382769	0.358082	0.389043	0.047080	0.043331	-0.047080	-0.043331	0.000000	0.002377
0.313501	0.352290	0.319004	0.358474	0.067465	0.060028	-0.067465	-0.060028	0.000000	0.002021
0.272716	0.309865	0.277595	0.315409	0.074318	0.065394	-0.074318	-0.065394	0.000000	0.001715
0.236597	0.268042	0.240809	0.272814	0.072499	0.063981	-0.072499	-0.063981	0.000000	0.001230
0.195515	0.222966	0.199034	0.226978	0.076616	0.067168	-0.076616	-0.067168	0.000000	0.001108
0.149823	0.177691	0.152665	0.181061	0.101756	0.085755	-0.101756	-0.085755	0.000000	0.001117
0.074189	0.096141	0.075677	0.098069	0.163282	0.125772	-0.163282	-0.125772	0.000000	0.000957
