0.000000
0.257628
0.069683
0.073551
0.079130
0.057443
0.048589
0.061643
0.063716
0.049099
0.054814
0.055499
0.047152
0.107669
0.060662
0.063942
0.081423
0.086538
0.085800
0.061042
0.047176
0.072299
0.072031
0.089616
0.111656
0.109209
0.063892
0.042086
0.100519
0.064418
0.052227
0.055054
0.051741
0.057149
0.042994
0.057140
0.058752
0.057986
0.058359
0.056478
0.046689
0.045577
0.041758
0.044850
0.058417
0.046638
0.058245
0.054523
0.057386
0.054884
0.045976
0.059500
0.049036
0.060014
0.054807
0.059694
0.057947
0.059901
0.059977
0.058789
0.061924
0.054825
0.060507
0.056770
0.043993
0.044058
0.064003
0.054486
0.059742
0.065804
0.055805
0.062542
0.057120
0.062204
0.048424
0.077910
0.049464
0.044532
0.050961
0.052097
0.061588
0.054622
0.064741
0.060222
0.065098
0.058575
0.057207
0.050590
0.061509
0.071541
0.074063
0.094476
0.058673
0.065994
0.053921
0.073391
0.086639
0.096289
0.072464
0.063389
0.053596
0.064098
0.067951
0.069324
0.060921
0.066587
0.073195
0.062006
0.065959
0.058821
0.059264
0.060415
0.055602
0.062893
0.063135
0.071764
0.063405
0.064522
0.050328
0.060083
0.057533
0.068749
0.049739
0.061822
0.061790
0.050344
0.052943
0.063885
0.046881
0.048167
0.052076
0.052048
0.050036
0.059685
0.064471
0.045355
0.050410
0.067088
0.049392
0.075329
0.057137
0.044432
0.054559
0.055763
0.049842
0.062477
0.067049
0.063904
0.064824
0.069165
0.070789
0.055117
0.061411
0.056989
0.056694
0.058632
0.060085
0.062040
0.064521
0.063181
0.052351
0.077287
0.053366
0.072031
0.073111
0.063662
0.070204
0.067525
0.066067
0.059098
0.067164
0.073006
0.066133
0.061912
0.064212
0.079544
0.074957
0.060808
0.083390
0.078839
0.070518
0.075039
0.069595
0.073961
0.061617
0.075326
0.073917
0.078824
0.063711
0.072796
0.062172
0.058165
0.064988
0.090612
0.083547
0.066039
0.065275
0.060537
0.077428
0.059729
0.061302
0.060406
0.058202
0.069461
0.062770
0.062913
0.085898
0.072352
0.078785
0.058704
0.060003
0.071795
0.075157
0.068166
0.078239
0.077096
0.063704
0.054672
0.073245
0.059124
0.073404
0.069778
0.068349
0.071950
0.069410
0.065949
0.066274
0.056696
0.059733
0.054599
0.059663
0.049861
0.054969
0.059100
0.055862
0.050862
0.054208
0.072203
0.062861
0.057655
0.055076
0.056062
0.060839
0.066437
0.052988
0.058354
0.053066
0.068875
0.070221
0.056067
0.055056
0.062866
0.052490
0.057719
0.051731
0.058980
0.070259
0.054674
0.049432
0.057696
0.065636
0.060334
0.070422
0.060878
0.061952
0.063771
0.051180
0.053206
0.069129
0.054054
0.065354
0.052975
0.052643
0.051266
0.062536
0.061379
0.054776
0.059772
0.054513
0.059350
0.052461
0.058639
0.062958
0.062795
0.058317
0.060176
0.071590
0.065600
0.054189
0.068477
0.058836
0.063142
0.057910
0.058054
0.064098
0.057981
0.063918
0.050959
0.051754
0.052152
0.066061
0.060799
0.061675
0.061459
0.049013
0.060222
0.050984
0.067868
0.067466
0.049264
0.053378
0.053421
0.072801
0.050827
0.069824
0.052541
0.064545
0.058086
0.051852
0.053921
0.056865
0.058097
0.051597
0.058200
0.056198
0.062379
0.054855
0.062458
0.063890
0.069015
0.059271
0.069332
0.063282
0.069286
0.071517
0.071092
0.069916
0.069544
0.059221
0.047663
0.075134
0.062585
0.057904
0.061525
0.074960
0.052031
0.050707
0.049906
0.054645
0.053764
0.060880
0.051732
0.051798
0.059424
0.077224
0.075859
0.063085
0.050567
0.067584
0.068069
0.067946
0.070046
0.074429
0.063138
0.065636
0.082346
0.085412
0.077683
0.084544
0.080375
0.076463
0.066756
0.064291
0.070595
0.061359
0.072091
0.079536
0.092856
0.067409
0.073152
0.066064
0.071474
0.063808
0.082486
0.069119
0.064094
0.072673
0.069878
0.050963
0.060813
0.054430
0.073326
0.068241
0.059817
0.057340
0.049717
0.050307
0.062862
0.066653
0.066273
0.070490
0.058841
0.076721
0.062759
0.056793
0.071460
0.068422
0.077992
0.054796
0.069903
0.049692
0.067961
0.051204
0.066886
0.066582
0.055610
0.055805
0.067895
0.060917
0.069512
0.071496
0.057225
0.061815
0.048266
0.045825
0.047520
0.046937
0.048332
0.056996
0.060998
0.065906
0.058278
0.066138
0.065314
0.070516
0.059316
0.065464
0.064930
0.054093
0.071374
0.061181
0.064127
0.076265
0.063781
0.069734
0.060721
0.051469
0.060133
0.061855
0.048066
0.074076
0.078095
0.071353
0.064196
0.072347
0.066978
0.057209
0.071530
0.054022
0.048735
0.071668
0.057852
0.059674
0.052074
0.047556
0.053857
0.051908
0.051603
0.049196
0.059610
0.057567
0.069628
0.084709
0.104216
0.069213
0.072836
0.074362
0.070436
0.066145
0.065925
0.070036
0.088485
0.000127
