0.000000	0.000000	0.000000	0.000000	0.000000	0.000000	0.000000	0.000000	0.000000	0.000000
0.003160	-0.082638	-0.040184	-0.039816	-0.030137	-0.029862	-0.030137	-0.029862	-0.010000	0.040000
0.022510	-0.148120	-0.063103	-0.061417	-0.091202	-0.088765	-0.091206	-0.088761	-0.030000	0.120000
0.047473	-0.123211	-0.037797	-0.036182	-0.153204	-0.146654	-0.153229	-0.146627	-0.050000	0.200000
-0.042461	0.128700	0.043593	0.042429	-0.091202	-0.088765	-0.091206	-0.088761	-0.030000	0.280000
0.036453	0.207658	0.123575	0.122447	-0.030137	-0.029862	-0.030137	-0.029862	-0.010000	0.360000
0.102445	0.276509	0.192027	0.193797	0.030138	0.029863	0.030138	0.029863	0.010000	0.440000
0.152783	0.334446	0.245247	0.254878	0.091763	0.088303	0.079176	0.076178	0.030000	0.450000
0.195984	0.400800	0.292198	0.326697	0.158700	0.142198	0.082241	0.073539	0.050000	0.450000
0.402697	0.300359	0.345870	0.388020	0.183050	0.163515	0.085971	0.076612	0.033568	0.450000
0.437338	0.361008	0.395808	0.440544	0.198244	0.178465	0.096870	0.087007	0.019901	0.450000
0.443031	0.447279	0.444255	0.492993	0.215441	0.194528	0.112977	0.101766	0.015196	0.450000
0.545965	0.418943	0.475704	0.524310	0.226414	0.205799	0.112572	0.102097	-0.004804	0.450000
0.539819	0.427818	0.467431	0.532578	0.242987	0.213986	0.070001	0.061428	-0.024804	0.450000
0.541199	0.427177	0.468488	0.531519	0.253064	0.223785	0.065599	0.057811	-0.044804	0.450000
0.541377	0.428633	0.467809	0.532195	0.259469	0.228845	0.048506	0.042635	-0.064804	0.450000
0.545410	0.426109	0.471487	0.528515	0.256163	0.229125	0.042762	0.038146	-0.084804	0.450000
0.491424	0.482299	0.476937	0.523064	0.229927	0.209985	0.035373	0.032253	-0.090900	0.450000
0.383658	0.591316	0.480131	0.519870	0.192161	0.177649	0.031461	0.029056	-0.071188	0.450000
0.388615	0.589037	0.485440	0.514560	0.140329	0.132440	0.023712	0.022370	-0.051188	0.450000
0.393771	0.586344	0.489606	0.510394	0.094772	0.090925	0.017159	0.016460	-0.031188	0.450000
0.398938	0.582720	0.491987	0.508013	0.060471	0.058567	0.013274	0.012856	-0.011679	0.450000
0.421532	0.561586	0.494100	0.505900	0.032493	0.031736	0.009796	0.009567	0.003231	0.450000
0.475325	0.508354	0.494907	0.505093	0.024992	0.024488	0.008569	0.008397	0.005902	0.450000
0.487732	0.495932	0.494896	0.505104	0.025322	0.024811	0.008638	0.008464	0.005689	0.450000
0.486531	0.496919	0.494607	0.505393	0.027151	0.026572	0.009161	0.008966	0.005664	0.450000
0.486824	0.496859	0.494925	0.505075	0.025180	0.024674	0.008605	0.008432	0.005671	0.450000
0.487260	0.496559	0.495120	0.504880	0.024064	0.023599	0.008318	0.008158	0.005636	0.450000
0.487470	0.496534	0.495378	0.504622	0.022516	0.022103	0.007906	0.007761	0.005633	0.450000
0.487622	0.496453	0.495474	0.504526	0.021939	0.021546	0.007748	0.007609	0.005625	0.450000
0.487721	0.496414	0.495558	0.504442	0.021438	0.021061	0.007613	0.007479	0.005619	0.450000
0.488295	0.495942	0.495696	0.504304	0.020683	0.020330	0.007367	0.007241	0.005524	0.450000
0.486823	0.497125	0.495347	0.504653	0.022912	0.022489	0.008190	0.008039	0.005657	0.450000
0.487111	0.496630	0.495079	0.504921	0.024652	0.024172	0.008726	0.008556	0.005639	0.450000
0.487027	0.496380	0.494640	0.505360	0.027585	0.027000	0.009580	0.009377	0.005502	0.450000
0.487255	0.495781	0.494152	0.505848	0.031064	0.030346	0.010545	0.010301	0.005159	0.450000
0.487608	0.495017	0.493603	0.506397	0.035186	0.034298	0.011624	0.011331	0.004561	0.450000
0.487471	0.494792	0.493120	0.506880	0.039030	0.037972	0.012590	0.012248	0.003845	0.450000
0.487460	0.494445	0.492635	0.507365	0.043042	0.041794	0.013563	0.013170	0.002979	0.450000
0.486806	0.494789	0.492213	0.507787	0.046626	0.045197	0.014405	0.013964	0.002135	0.450000
0.485643	0.495727	0.491917	0.508083	0.049287	0.047721	0.015069	0.014589	0.001468	0.450000
0.485226	0.495926	0.491614	0.508386	0.051922	0.050211	0.015673	0.015156	0.000805	0.450000
0.489328	0.491134	0.490688	0.509313	0.060080	0.057888	0.017744	0.017095	-0.001098	0.450000
0.489358	0.490388	0.489656	0.510344	0.069013	0.066222	0.019775	0.018973	-0.003322	0.450000
0.485960	0.493190	0.488786	0.511214	0.076418	0.073075	0.021530	0.020586	-0.005019	0.450000
0.484585	0.494019	0.487967	0.512033	0.083387	0.079481	0.023145	0.022057	-0.006642	0.450000
0.480492	0.497687	0.487332	0.512668	0.088459	0.084104	0.024458	0.023249	-0.007505	0.450000
0.479702	0.498074	0.486714	0.513287	0.093394	0.088579	0.025708	0.024376	-0.008367	0.450000
0.477608	0.499790	0.486132	0.513868	0.097795	0.092540	0.026907	0.025454	-0.008914	0.450000
0.474738	0.502365	0.485683	0.514318	0.100836	0.095248	0.027881	0.026328	-0.008929	0.450000
0.478736	0.497787	0.484742	0.515258	0.108204	0.101831	0.029725	0.027964	-0.010144	0.450000
0.478519	0.496761	0.482662	0.517338	0.123641	0.115412	0.033847	0.031578	-0.011905	0.450000
0.481350	0.492710	0.480496	0.519505	0.140925	0.130438	0.038114	0.035250	-0.014928	0.450000
0.484963	0.488068	0.478525	0.521477	0.158235	0.145344	0.041909	0.038455	-0.019326	0.450000
0.479921	0.491529	0.475337	0.524665	0.183489	0.166484	0.048355	0.043805	-0.023401	0.450000
0.475712	0.494961	0.473542	0.526461	0.198609	0.178973	0.051633	0.046439	-0.026955	0.450000
0.467919	0.502090	0.471947	0.528057	0.211119	0.189097	0.054635	0.048825	-0.029100	0.450000
0.466184	0.502986	0.469791	0.530215	0.227379	0.202012	0.058677	0.051984	-0.031370	0.450000
0.466832	0.501182	0.466421	0.533587	0.252246	0.221304	0.064806	0.056640	-0.034584	0.450000
0.458260	0.508838	0.463346	0.536665	0.273836	0.237539	0.070323	0.060704	-0.036503	0.450000
0.452242	0.514055	0.460190	0.539825	0.295148	0.253103	0.075904	0.064691	-0.037709	0.450000
0.444726	0.521002	0.457612	0.542406	0.311650	0.264787	0.080510	0.067904	-0.037709	0.450000
0.444736	0.520603	0.455454	0.544569	0.325663	0.274578	0.084165	0.070369	-0.038145	0.450000
0.440982	0.524011	0.453216	0.546810	0.339763	0.284220	0.087969	0.072886	-0.038145	0.450000
0.439371	0.525235	0.449787	0.550247	0.361334	0.298690	0.093546	0.076434	-0.038407	0.450000
0.436833	0.527010	0.448066	0.551981	0.381604	0.313723	0.107060	0.086854	-0.038407	0.450000
0.429907	0.534462	0.437947	0.562123	0.433800	0.344733	0.112159	0.087319	-0.038407	0.450000
0.428684	0.535713	0.435943	0.564138	0.447796	0.353628	0.117473	0.090704	-0.038407	0.450000
0.426614	0.538144	0.432398	0.567697	0.468280	0.365697	0.122028	0.092861	-0.038407	0.450000
0.425372	0.539594	0.430068	0.570043	0.484154	0.375447	0.127979	0.096455	-0.038407	0.450000
0.423981	0.541243	0.427140	0.573000	0.506937	0.389821	0.139080	0.103547	-0.038407	0.450000
0.420167	0.546933	0.418623	0.581570	0.554543	0.415976	0.149771	0.107643	-0.038407	0.450000
0.417583	0.551553	0.411446	0.588805	0.594889	0.437550	0.160108	0.111676	-0.038407	0.450000
0.415563	0.555924	0.404539	0.595775	0.632318	0.456782	0.169306	0.114717	-0.038407	0.450000
0.414199	0.559539	0.398701	0.601673	0.663151	0.472162	0.176891	0.116939	-0.038407	0.450000
0.377851	0.595801	0.398704	0.601779	0.673019	0.479949	0.196876	0.130031	-0.029854	0.450000
0.325623	0.655442	0.382394	0.618415	0.748324	0.514148	0.219444	0.135053	-0.009854	0.450000
0.325202	0.657096	0.380045	0.620979	0.760254	0.520062	0.233224	0.141874	0.010146	0.450000
0.324816	0.659677	0.376239	0.625081	0.780603	0.530189	0.248386	0.148343	0.030146	0.450000
0.324875	0.661968	0.372822	0.628909	0.803944	0.543017	0.267349	0.156880	0.050146	0.450000
0.325219	0.665760	0.366995	0.635365	0.841425	0.562941	0.288471	0.164371	0.070146	0.450000
0.326509	0.671543	0.357714	0.645769	0.900799	0.594302	0.314721	0.171003	0.090146	0.450000
0.328695	0.676836	0.349361	0.655721	0.960998	0.627389	0.340845	0.176728	0.110146	0.450000
0.332210	0.681965	0.341551	0.666042	1.028739	0.666524	0.369044	0.181964	0.130146	0.450000
0.337566	0.686475	0.335771	0.675961	1.105354	0.714163	0.399308	0.187024	0.150146	0.450000
0.339676	0.686312	0.339574	0.674545	1.131564	0.736429	0.410392	0.192252	0.170146	0.450000
0.338856	0.685013	0.344996	0.669458	1.127641	0.739136	0.403934	0.192902	0.190146	0.450000
0.338132	0.683498	0.350647	0.664047	1.123364	0.742001	0.398615	0.194282	0.210146	0.450000
0.337270	0.682672	0.354870	0.660019	1.120413	0.744174	0.388924	0.192357	0.230146	0.450000
0.336207	0.682659	0.357510	0.657573	1.119017	0.745541	0.374160	0.186584	0.250146	0.450000
0.334846	0.683683	0.358238	0.657087	1.119595	0.745907	0.352849	0.176026	0.270146	0.450000
0.332981	0.686296	0.356121	0.659549	1.123195	0.744785	0.321082	0.158371	0.290146	0.450000
0.331605	0.687221	0.356939	0.658941	1.123696	0.745195	0.300031	0.148147	0.310146	0.450000
0.330238	0.688089	0.357801	0.658269	1.124140	0.745627	0.279370	0.138141	0.330146	0.450000
0.328849	0.688999	0.358528	0.657718	1.124718	0.745988	0.258484	0.127943	0.350146	0.450000
0.327322	0.690273	0.358575	0.657866	1.126037	0.745995	0.235202	0.116225	0.370146	0.450000
0.325217	0.693082	0.355946	0.660809	1.130342	0.744623	0.201156	0.098151	0.390146	0.450000
0.367700	0.651225	0.353822	0.663118	1.133402	0.743536	0.180862	0.087406	0.400000	0.450000
0.409224	0.611294	0.349445	0.667675	1.138244	0.741350	0.162370	0.077061	0.400000	0.450000
0.408397	0.613555	0.345461	0.671792	1.142609	0.739403	0.145402	0.067885	0.400000	0.450000
0.407381	0.616358	0.340456	0.676923	1.148044	0.737011	0.123880	0.056661	0.400000	0.450000
0.406670	0.618334	0.336882	0.680559	1.151892	0.735337	0.108367	0.048846	0.400000	0.450000
0.406061	0.620035	0.333777	0.683699	1.155215	0.733905	0.094781	0.042184	0.400000	0.450000
0.405292	0.622197	0.329792	0.687703	1.159454	0.732096	0.077195	0.033804	0.400000	0.450000
0.404945	0.623177	0.327971	0.689523	1.161382	0.731280	0.069101	0.030036	0.400000	0.450000
0.404679	0.623931	0.326565	0.690925	1.162867	0.730654	0.062822	0.027151	0.400000	0.450000
0.404491	0.624467	0.325563	0.691921	1.163923	0.730210	0.058335	0.025109	0.400000	0.450000
0.404421	0.624664	0.325195	0.692287	1.164311	0.730047	0.056682	0.024361	0.400000	0.450000
0.404329	0.624925	0.324704	0.692774	1.164828	0.729831	0.054476	0.023367	0.400000	0.450000
0.404434	0.624628	0.325262	0.692220	1.164240	0.730077	0.056984	0.024498	0.400000	0.450000
0.404536	0.624337	0.325807	0.691678	1.163666	0.730318	0.059428	0.025605	0.400000	0.450000
0.404790	0.623618	0.327150	0.690342	1.162249	0.730914	0.065438	0.028349	0.400000	0.450000
0.405088	0.622774	0.328721	0.688775	1.160589	0.731615	0.072437	0.031582	0.400000	0.450000
0.405423	0.621829	0.330473	0.687021	1.158731	0.732403	0.080213	0.035223	0.400000	0.450000
0.405742	0.620930	0.332131	0.685356	1.156969	0.733154	0.087539	0.038701	0.400000	0.450000
0.406100	0.619926	0.333976	0.683499	1.155003	0.733996	0.095652	0.042606	0.400000	0.450000
0.406461	0.618916	0.335823	0.681633	1.153028	0.734846	0.103741	0.046559	0.400000	0.450000
0.406802	0.617965	0.337552	0.679879	1.151173	0.735649	0.111282	0.050297	0.400000	0.450000
0.407156	0.616982	0.339332	0.678069	1.149257	0.736481	0.119012	0.054184	0.400000	0.450000
0.407520	0.615974	0.341145	0.676219	1.147299	0.737337	0.126857	0.058187	0.400000	0.450000
0.407880	0.614978	0.342929	0.674393	1.145365	0.738186	0.134544	0.062166	0.400000	0.450000
0.408343	0.613704	0.345197	0.672063	1.142897	0.739276	0.144273	0.067285	0.400000	0.450000
0.408801	0.612448	0.347418	0.669773	1.140470	0.740355	0.153754	0.072365	0.400000	0.450000
0.409224	0.611292	0.349447	0.667672	1.138241	0.741351	0.162381	0.077068	0.400000	0.450000
0.409636	0.610171	0.351402	0.665641	1.136084	0.742321	0.170659	0.081653	0.400000	0.450000
0.410072	0.608987	0.353454	0.663503	1.133811	0.743350	0.179314	0.086526	0.400000	0.450000
0.410544	0.607712	0.355648	0.661206	1.131367	0.744463	0.188535	0.091808	0.400000	0.450000
0.410921	0.606696	0.357384	0.659385	1.129425	0.745352	0.195800	0.096037	0.400000	0.450000
0.411415	0.605369	0.359636	0.657012	1.126893	0.746519	0.205196	0.101596	0.400000	0.450000
0.411881	0.604122	0.361736	0.654792	1.124519	0.747620	0.213922	0.106851	0.400000	0.450000
0.412344	0.602888	0.363796	0.652606	1.122177	0.748713	0.222457	0.112078	0.400000	0.450000
0.412915	0.601372	0.366308	0.649931	1.119304	0.750064	0.232822	0.118547	0.400000	0.450000
0.413435	0.599996	0.368565	0.647517	1.116705	0.751295	0.242103	0.124454	0.400000	0.450000
0.413974	0.598578	0.370872	0.645042	1.114032	0.752570	0.251556	0.130584	0.400000	0.450000
0.414670	0.596753	0.373807	0.641878	1.110605	0.754219	0.263538	0.138525	0.400000	0.450000
0.415316	0.595067	0.376488	0.638975	1.107447	0.755753	0.274441	0.145920	0.400000	0.450000
0.416177	0.592832	0.379995	0.635160	1.103276	0.757799	0.288648	0.155807	0.400000	0.450000
0.417109	0.590430	0.383706	0.631101	1.098812	0.760016	0.303608	0.166538	0.400000	0.450000
0.417901	0.588399	0.386793	0.627707	1.095055	0.761904	0.316006	0.175687	0.400000	0.450000
0.418711	0.586335	0.389885	0.624291	1.091250	0.763836	0.328386	0.185065	0.400000	0.450000
0.419630	0.584008	0.393317	0.620484	1.086977	0.766032	0.342078	0.195727	0.400000	0.450000
0.420847	0.580946	0.397744	0.615546	1.081383	0.768947	0.359671	0.209894	0.400000	0.450000
0.421988	0.578096	0.401774	0.611025	1.076205	0.771690	0.375630	0.223220	0.400000	0.450000
0.423124	0.575281	0.405669	0.606634	1.071118	0.774425	0.391007	0.236507	0.400000	0.450000
0.424295	0.572398	0.409572	0.602214	1.065934	0.777255	0.406371	0.250242	0.400000	0.450000
0.425226	0.570123	0.412589	0.598783	1.061864	0.779509	0.418224	0.261165	0.400000	0.450000
0.425920	0.568432	0.414797	0.596267	1.058850	0.781196	0.426881	0.269329	0.400000	0.450000
0.425871	0.568552	0.414641	0.596445	1.059064	0.781075	0.426269	0.268747	0.400000	0.450000
0.425324	0.569884	0.412903	0.598426	1.061437	0.779747	0.419455	0.262317	0.400000	0.450000
0.463147	0.530070	0.404017	0.606073	1.001290	0.722028	0.422618	0.259694	0.390000	0.450000
0.502048	0.488701	0.397173	0.611330	0.937544	0.666250	0.416252	0.253391	0.370000	0.450000
0.498911	0.488361	0.393968	0.612802	0.869238	0.612978	0.402234	0.245824	0.350000	0.450000
0.496534	0.486807	0.393269	0.611890	0.798164	0.561198	0.380646	0.235426	0.330000	0.450000
0.495011	0.484094	0.394911	0.608858	0.724813	0.510628	0.354177	0.223292	0.310000	0.450000
0.494247	0.480693	0.398141	0.604494	0.650241	0.460714	0.322907	0.208396	0.290000	0.450000
0.494408	0.476600	0.402850	0.598905	0.574809	0.411271	0.288564	0.191393	0.270000	0.450000
0.495707	0.471793	0.408939	0.592165	0.498916	0.362102	0.252600	0.172827	0.250000	0.450000
0.498343	0.466318	0.416231	0.584417	0.423091	0.312945	0.215931	0.152895	0.230000	0.450000
0.502545	0.460200	0.424596	0.575752	0.347870	0.263524	0.179411	0.131856	0.210000	0.450000
0.508494	0.453541	0.433851	0.566316	0.273860	0.213505	0.143466	0.109707	0.190000	0.450000
0.516402	0.446376	0.443924	0.556144	0.201595	0.162553	0.108788	0.086761	0.170000	0.450000
0.526820	0.438268	0.455231	0.544791	0.131455	0.110374	0.078093	0.065232	0.150000	0.450000
0.539492	0.429823	0.467230	0.532775	0.064151	0.056353	0.049647	0.043535	0.130000	0.450000
0.554026	0.421664	0.479442	0.520558	-0.000000	-0.000000	0.021771	0.020051	0.110000	0.450000
0.570703	0.413496	0.492306	0.507694	-0.060937	-0.059091	-0.003241	-0.003143	0.090000	0.450000
0.588713	0.406225	0.505149	0.494852	-0.121220	-0.118756	-0.028716	-0.028130	0.070000	0.450000
0.607620	0.400161	0.517837	0.482165	-0.186132	-0.173426	-0.057010	-0.053070	0.050000	0.450000
0.626790	0.395697	0.530099	0.469914	-0.253308	-0.225069	-0.088875	-0.078693	0.030000	0.450000
0.646419	0.392327	0.542544	0.457502	-0.322589	-0.273551	-0.121221	-0.101888	0.010000	0.450000
0.666419	0.389876	0.555496	0.444626	-0.393816	-0.318778	-0.152209	-0.120952	-0.010000	0.450000
0.686235	0.388567	0.568810	0.431463	-0.466609	-0.361073	-0.181999	-0.136140	-0.030000	0.450000
0.705065	0.388707	0.582060	0.418483	-0.540400	-0.401248	-0.211762	-0.148593	-0.050000	0.450000
0.722662	0.390108	0.595355	0.405647	-0.614921	-0.439801	-0.240185	-0.157294	-0.070000	0.450000
0.738921	0.392514	0.608924	0.392816	-0.690021	-0.477099	-0.265183	-0.160807	-0.090000	0.450000
0.752573	0.396245	0.621585	0.381335	-0.764765	-0.515034	-0.289583	-0.162105	-0.110000	0.450000
0.763523	0.400882	0.633300	0.371450	-0.838963	-0.554184	-0.310614	-0.159940	-0.130001	0.450000
0.771975	0.405972	0.644316	0.363189	-0.912653	-0.594625	-0.323097	-0.152111	-0.150001	0.450000
0.777908	0.411249	0.654532	0.357027	-0.985734	-0.636648	-0.320732	-0.137181	-0.170001	0.450000
0.780252	0.416699	0.662038	0.355286	-1.057289	-0.682071	-0.298933	-0.117300	-0.190001	0.450000
0.775052	0.416776	0.652390	0.365387	-1.052458	-0.690452	-0.294770	-0.124516	-0.210001	0.450000
0.769436	0.416964	0.642377	0.375585	-1.047403	-0.699197	-0.289334	-0.130886	-0.230001	0.450000
0.763248	0.417295	0.631827	0.386009	-1.041980	-0.708528	-0.283487	-0.136924	-0.250001	0.450000
0.757011	0.417654	0.621616	0.395871	-1.036604	-0.717663	-0.274189	-0.140322	-0.270001	0.450000
0.749646	0.418281	0.610231	0.406468	-1.030357	-0.728186	-0.267697	-0.145575	-0.290001	0.450000
0.741678	0.419070	0.598617	0.416964	-1.023634	-0.739309	-0.261060	-0.150507	-0.310001	0.450000
0.733108	0.420029	0.586932	0.427233	-1.016397	-0.751023	-0.254380	-0.155157	-0.330001	0.450000
0.724149	0.421109	0.575594	0.436964	-1.008792	-0.763016	-0.246509	-0.158567	-0.350001	0.450000
0.714766	0.422324	0.564674	0.446140	-1.000747	-0.775342	-0.237800	-0.160931	-0.370001	0.450000
0.705012	0.423667	0.554336	0.454681	-0.992264	-0.787931	-0.228105	-0.162041	-0.390001	0.450000
0.657258	0.467374	0.549742	0.458454	-0.988179	-0.793841	-0.220724	-0.160239	-0.400000	0.450000
0.614356	0.510401	0.549910	0.458325	-0.988349	-0.793594	-0.219587	-0.159266	-0.400000	0.450000
0.614311	0.510414	0.549867	0.458358	-0.988306	-0.793657	-0.219878	-0.159516	-0.400000	0.450000
0.614226	0.510439	0.549786	0.458420	-0.988224	-0.793776	-0.220425	-0.159983	-0.400000	0.450000
0.613892	0.510534	0.549470	0.458663	-0.987900	-0.794243	-0.222573	-0.161826	-0.400000	0.450000
0.613323	0.510697	0.548933	0.459076	-0.987349	-0.795039	-0.226228	-0.164973	-0.400000	0.450000
0.613218	0.510728	0.548834	0.459151	-0.987247	-0.795186	-0.226903	-0.165556	-0.400000	0.450000
0.612848	0.510834	0.548486	0.459419	-0.986887	-0.795704	-0.229276	-0.167610	-0.400000	0.450000
0.612417	0.510958	0.548083	0.459728	-0.986467	-0.796306	-0.232035	-0.170006	-0.400000	0.450000
0.611930	0.511099	0.547629	0.460078	-0.985992	-0.796988	-0.235149	-0.172724	-0.400000	0.450000
0.611365	0.511262	0.547106	0.460480	-0.985441	-0.797777	-0.238748	-0.175878	-0.400000	0.450000
0.611053	0.511352	0.546819	0.460701	-0.985136	-0.798212	-0.240733	-0.177625	-0.400000	0.450000
0.610412	0.511538	0.546230	0.461155	-0.984507	-0.799107	-0.244805	-0.181224	-0.400000	0.450000
0.610398	0.511542	0.546218	0.461164	-0.984494	-0.799126	-0.244888	-0.181298	-0.400000	0.450000
0.609731	0.511735	0.545610	0.461634	-0.983839	-0.800057	-0.249115	-0.185055	-0.400000	0.450000
0.609173	0.511897	0.545105	0.462024	-0.983290	-0.800835	-0.252635	-0.188203	-0.400000	0.450000
0.608978	0.511954	0.544928	0.462160	-0.983097	-0.801107	-0.253868	-0.189308	-0.400000	0.450000
0.608877	0.511984	0.544837	0.462230	-0.982997	-0.801248	-0.254506	-0.189881	-0.400000	0.450000
0.608151	0.512195	0.544187	0.462733	-0.982281	-0.802258	-0.259065	-0.193990	-0.400000	0.450000
0.607103	0.512502	0.543254	0.463455	-0.981243	-0.803718	-0.265633	-0.199957	-0.400000	0.450000
0.606413	0.512704	0.542646	0.463926	-0.980557	-0.804678	-0.269935	-0.203894	-0.400000	0.450000
0.605853	0.512869	0.542156	0.464307	-0.979999	-0.805457	-0.273421	-0.207103	-0.400000	0.450000
0.605014	0.513116	0.541427	0.464873	-0.979162	-0.806622	-0.278618	-0.211913	-0.400000	0.450000
0.604111	0.513382	0.540649	0.465479	-0.978258	-0.807876	-0.284193	-0.217114	-0.400000	0.450000
0.603631	0.513524	0.540238	0.465799	-0.977776	-0.808542	-0.287149	-0.219887	-0.400000	0.450000
0.602753	0.513785	0.539493	0.466380	-0.976892	-0.809759	-0.292532	-0.224967	-0.400000	0.450000
0.602012	0.514005	0.538868	0.466868	-0.976144	-0.810787	-0.297062	-0.229271	-0.400000	0.450000
0.601042	0.514294	0.538059	0.467501	-0.975162	-0.812129	-0.302959	-0.234914	-0.400000	0.450000
0.600586	0.514430	0.537680	0.467797	-0.974699	-0.812761	-0.305727	-0.237578	-0.400000	0.450000
0.599615	0.514721	0.536882	0.468424	-0.973710	-0.814105	-0.311592	-0.243259	-0.400000	0.450000
0.597956	0.515220	0.535536	0.469481	-0.972014	-0.816397	-0.321543	-0.252999	-0.400000	0.450000
0.596837	0.515557	0.534643	0.470186	-0.970865	-0.817940	-0.328203	-0.259592	-0.400000	0.450000
0.595892	0.515843	0.533896	0.470776	-0.969890	-0.819243	-0.333798	-0.265179	-0.400000	0.450000
0.594805	0.516174	0.533047	0.471449	-0.968764	-0.820740	-0.340199	-0.271622	-0.400000	0.450000
0.593378	0.516609	0.531946	0.472323	-0.967280	-0.822704	-0.348546	-0.280108	-0.400000	0.450000
0.592284	0.516943	0.531114	0.472985	-0.966137	-0.824207	-0.354899	-0.286631	-0.400000	0.450000
0.591238	0.517265	0.530328	0.473613	-0.965039	-0.825644	-0.360938	-0.292885	-0.400000	0.450000
0.590329	0.517545	0.529651	0.474154	-0.964081	-0.826892	-0.366158	-0.298332	-0.400000	0.450000
0.589645	0.517755	0.529148	0.474558	-0.963360	-0.827828	-0.370062	-0.302431	-0.400000	0.450000
0.589930	0.517668	0.529357	0.474390	-0.963661	-0.827438	-0.368437	-0.300722	-0.400000	0.450000
0.590581	0.517467	0.529839	0.474004	-0.964348	-0.826545	-0.364710	-0.296817	-0.400000	0.450000
0.591080	0.517313	0.530210	0.473708	-0.964873	-0.825861	-0.361848	-0.293832	-0.400000	0.450000
0.591080	0.517313	0.530210	0.473708	-0.964873	-0.825861	-0.361848	-0.293832	-0.400000	0.450000
0.591080	0.517313	0.530210	0.473708	-0.964873	-0.825861	-0.361848	-0.293832	-0.400000	0.450000
0.591042	0.517325	0.530181	0.473730	-0.964833	-0.825913	-0.362065	-0.294058	-0.400000	0.450000
0.591042	0.517325	0.530181	0.473730	-0.964833	-0.825913	-0.362065	-0.294058	-0.400000	0.450000
0.591345	0.517232	0.530408	0.473549	-0.965152	-0.825497	-0.360321	-0.292244	-0.400000	0.450000
0.533785	0.595886	0.555029	0.452295	-0.924972	-0.736593	-0.362314	-0.262705	-0.380000	0.450000
0.553695	0.588928	0.576099	0.432598	-0.873780	-0.660539	-0.357608	-0.238408	-0.360000	0.450000
0.566129	0.582468	0.590802	0.417328	-0.815367	-0.594521	-0.347070	-0.219262	-0.340000	0.450000
0.572172	0.576577	0.598868	0.407677	-0.752081	-0.536248	-0.332018	-0.204729	-0.320000	0.450000
0.572697	0.571405	0.601217	0.403548	-0.685436	-0.483876	-0.313892	-0.193906	-0.300000	0.450000
0.568568	0.567071	0.599218	0.404012	-0.616561	-0.435679	-0.293353	-0.185152	-0.280000	0.450000
0.562291	0.562679	0.595937	0.406130	-0.547209	-0.388481	-0.263827	-0.170775	-0.260000	0.450000
0.553168	0.558884	0.590741	0.410496	-0.477183	-0.342627	-0.231161	-0.154545	-0.240000	0.450000
0.541624	0.555798	0.584138	0.416546	-0.406907	-0.297278	-0.196163	-0.136049	-0.220000	0.450000
0.527825	0.553712	0.576260	0.424083	-0.336667	-0.251840	-0.160497	-0.115894	-0.200000	0.450000
0.511659	0.553191	0.566876	0.433278	-0.266689	-0.205834	-0.126975	-0.095900	-0.180000	0.450000
0.490064	0.557518	0.552765	0.447303	-0.196537	-0.159783	-0.111299	-0.089541	-0.160000	0.450000
0.518808	0.527862	0.550927	0.449141	-0.205589	-0.168380	-0.115705	-0.093824	-0.147215	0.450000
0.490013	0.558446	0.552691	0.447383	-0.235962	-0.192071	-0.116410	-0.093678	-0.127215	0.450000
0.502415	0.547263	0.553611	0.446467	-0.260408	-0.211352	-0.118614	-0.095068	-0.109815	0.450000
0.530582	0.522120	0.556098	0.443992	-0.288152	-0.231842	-0.122380	-0.097021	-0.098132	0.450000
0.549773	0.506440	0.558940	0.441167	-0.314530	-0.250568	-0.126772	-0.099244	-0.089959	0.450000
0.557652	0.502012	0.561770	0.438354	-0.339323	-0.267696	-0.130836	-0.101137	-0.082693	0.450000
0.584288	0.479557	0.565039	0.435109	-0.362553	-0.282826	-0.136025	-0.103601	-0.080515	0.450000
0.596594	0.471194	0.566465	0.433722	-0.383252	-0.297746	-0.149511	-0.113105	-0.080515	0.450000
0.610026	0.468931	0.576585	0.423683	-0.437040	-0.328119	-0.154340	-0.111367	-0.080515	0.450000
0.613390	0.469195	0.578885	0.421426	-0.454952	-0.339186	-0.161205	-0.115026	-0.080515	0.450000
0.619586	0.469072	0.583522	0.416860	-0.484007	-0.355696	-0.168190	-0.117306	-0.080515	0.450000
0.625824	0.468999	0.588373	0.412090	-0.513016	-0.371530	-0.174370	-0.118685	-0.080515	0.450000
0.630799	0.469253	0.592286	0.408261	-0.537607	-0.384980	-0.180800	-0.120600	-0.080515	0.450000
0.634337	0.470530	0.594792	0.405870	-0.561548	-0.399757	-0.193483	-0.127325	-0.080515	0.450000
0.645129	0.470303	0.604370	0.396477	-0.608254	-0.421441	-0.196690	-0.122899	-0.080515	0.450000
0.647577	0.470842	0.606487	0.394442	-0.622218	-0.428920	-0.201410	-0.124339	-0.080515	0.450000
0.650742	0.471380	0.609346	0.391683	-0.639138	-0.437507	-0.205870	-0.125014	-0.080515	0.450000
0.653739	0.471954	0.612123	0.389011	-0.655412	-0.445690	-0.210181	-0.125563	-0.080515	0.450000
0.656614	0.472576	0.614855	0.386393	-0.671326	-0.453647	-0.214477	-0.126045	-0.080515	0.450000
0.658088	0.473917	0.615924	0.385485	-0.686307	-0.463438	-0.225711	-0.131715	-0.080547	0.450000
0.750333	0.388268	0.620870	0.380851	-0.703106	-0.468978	-0.228022	-0.128944	-0.100547	0.450000
0.700717	0.439170	0.620787	0.381080	-0.705806	-0.471287	-0.233817	-0.132179	-0.108889	0.450000
0.714003	0.428377	0.621461	0.380650	-0.713258	-0.476078	-0.241283	-0.135657	-0.119962	0.450000
0.731158	0.414342	0.622209	0.380259	-0.723276	-0.482717	-0.250772	-0.140068	-0.134593	0.450000
0.750687	0.398561	0.623072	0.379910	-0.736449	-0.491556	-0.261536	-0.144884	-0.153257	0.450000
0.758635	0.394718	0.624001	0.379672	-0.753956	-0.503495	-0.272904	-0.149727	-0.173257	0.450000
0.760332	0.396976	0.624527	0.380028	-0.775223	-0.518751	-0.284806	-0.154963	-0.193257	0.450000
0.764844	0.402347	0.629213	0.377803	-0.845643	-0.564849	-0.303077	-0.157999	-0.213257	0.450000
0.764080	0.408394	0.628405	0.381760	-0.913209	-0.616609	-0.319584	-0.164514	-0.233257	0.450000
0.751423	0.416316	0.611973	0.400618	-0.972093	-0.684011	-0.361644	-0.200959	-0.253257	0.450000
0.737593	0.422005	0.594208	0.419252	-1.019929	-0.746022	-0.374979	-0.224483	-0.273257	0.450000
0.728407	0.423262	0.581873	0.430109	-1.011765	-0.758920	-0.378624	-0.240457	-0.293257	0.450000
0.718448	0.424766	0.569604	0.440660	-1.002841	-0.772612	-0.383370	-0.257900	-0.313257	0.450000
0.709524	0.426036	0.559510	0.449260	-0.994813	-0.784526	-0.379710	-0.267535	-0.333257	0.450000
0.701065	0.427193	0.550753	0.456661	-0.987180	-0.795518	-0.370677	-0.271856	-0.353257	0.450000
0.692796	0.428300	0.542949	0.463210	-0.979683	-0.806003	-0.357690	-0.272037	-0.373257	0.450000
0.684473	0.429421	0.535830	0.469152	-0.972071	-0.816340	-0.342043	-0.269213	-0.393257	0.450000
0.625368	0.486665	0.534232	0.470511	-0.970330	-0.818655	-0.331277	-0.262656	-0.400000	0.450000
0.596631	0.515620	0.534479	0.470315	-0.970653	-0.818224	-0.329424	-0.260808	-0.400000	0.450000
0.596961	0.515520	0.534741	0.470109	-0.970992	-0.817769	-0.327468	-0.258863	-0.400000	0.450000
0.597156	0.515461	0.534897	0.469986	-0.971193	-0.817500	-0.326307	-0.257710	-0.400000	0.450000
0.597130	0.515469	0.534875	0.470003	-0.971166	-0.817537	-0.326465	-0.257867	-0.400000	0.450000
0.596813	0.515565	0.534623	0.470202	-0.970839	-0.817974	-0.328349	-0.259739	-0.400000	0.450000
0.597207	0.515446	0.534937	0.469954	-0.971245	-0.817429	-0.326003	-0.257409	-0.400000	0.450000
0.596775	0.515576	0.534593	0.470225	-0.970800	-0.818026	-0.328573	-0.259961	-0.400000	0.450000
0.596079	0.515787	0.534043	0.470660	-0.970082	-0.818986	-0.332698	-0.264077	-0.400000	0.450000
0.595841	0.515859	0.533856	0.470808	-0.969837	-0.819313	-0.334102	-0.265483	-0.400000	0.450000
0.594673	0.516214	0.532943	0.471531	-0.968627	-0.820923	-0.340979	-0.272411	-0.400000	0.450000
0.594484	0.516271	0.532797	0.471647	-0.968431	-0.821182	-0.342085	-0.273530	-0.400000	0.450000
0.593530	0.516562	0.532062	0.472231	-0.967438	-0.822495	-0.347663	-0.279206	-0.400000	0.450000
0.592171	0.516978	0.531028	0.473054	-0.966018	-0.824363	-0.355557	-0.287310	-0.400000	0.450000
0.590835	0.517388	0.530027	0.473853	-0.964615	-0.826196	-0.363253	-0.295296	-0.400000	0.450000
0.589980	0.517652	0.529394	0.474361	-0.963714	-0.827369	-0.368150	-0.300420	-0.400000	0.450000
0.589900	0.517677	0.529335	0.474408	-0.963629	-0.827479	-0.368607	-0.300901	-0.400000	0.450000
0.589864	0.517688	0.529309	0.474429	-0.963591	-0.827528	-0.368811	-0.301115	-0.400000	0.450000
0.589488	0.517804	0.529032	0.474651	-0.963193	-0.828044	-0.370960	-0.303377	-0.400000	0.450000
0.590739	0.517418	0.529956	0.473911	-0.964514	-0.826329	-0.363807	-0.295874	-0.400000	0.450000
0.590739	0.517418	0.529956	0.473911	-0.964514	-0.826329	-0.363807	-0.295874	-0.400000	0.450000
0.590300	0.517553	0.529630	0.474171	-0.964051	-0.826931	-0.366321	-0.298503	-0.400000	0.450000
0.591276	0.517253	0.530356	0.473591	-0.965079	-0.825592	-0.360720	-0.292659	-0.400000	0.450000
0.591380	0.517221	0.530434	0.473528	-0.965188	-0.825449	-0.360120	-0.292035	-0.400000	0.450000
0.571731	0.553873	0.550010	0.456578	-0.920619	-0.742916	-0.366064	-0.271708	-0.390000	0.450000
0.549407	0.589974	0.571183	0.437056	-0.870490	-0.665752	-0.363059	-0.247454	-0.370000	0.450000
0.562496	0.583585	0.586306	0.421644	-0.812750	-0.598928	-0.354508	-0.228627	-0.350000	0.450000
0.569603	0.577593	0.595507	0.411079	-0.750277	-0.539405	-0.339066	-0.212352	-0.330000	0.450000
0.571278	0.572225	0.599135	0.405766	-0.684369	-0.485771	-0.319764	-0.199387	-0.310000	0.450000
0.568493	0.567507	0.598568	0.404809	-0.616241	-0.436223	-0.296869	-0.187775	-0.290000	0.450000
0.561783	0.563621	0.594742	0.407443	-0.546618	-0.389538	-0.271769	-0.176820	-0.270000	0.450000
0.551804	0.560651	0.588600	0.412735	-0.476175	-0.344438	-0.244833	-0.165302	-0.250000	0.450000
0.539073	0.558715	0.580765	0.420002	-0.405435	-0.299868	-0.216641	-0.152601	-0.230000	0.450000
0.523973	0.557994	0.571581	0.428829	-0.334830	-0.254954	-0.188079	-0.138707	-0.210000	0.450000
0.507979	0.557772	0.562344	0.437854	-0.265150	-0.208314	-0.155407	-0.119729	-0.190000	0.450000
0.492052	0.557500	0.553748	0.446331	-0.196793	-0.159398	-0.116636	-0.093426	-0.170000	0.450000
0.475208	0.558296	0.544559	0.455464	-0.129579	-0.108609	-0.077936	-0.064971	-0.150000	0.450000
0.457975	0.560095	0.534987	0.465017	-0.063875	-0.055551	-0.039295	-0.034106	-0.130000	0.450000
0.440493	0.563188	0.524820	0.475180	0.000000	0.000000	-0.002469	-0.002234	-0.110000	0.450000
0.421822	0.569100	0.512648	0.487352	0.061481	0.058442	0.025421	0.024165	-0.090000	0.450000
0.401964	0.578512	0.497831	0.502169	0.120522	0.119483	0.041580	0.041221	-0.070000	0.450000
0.381477	0.591456	0.480183	0.519819	0.187328	0.173219	0.048465	0.044767	-0.050000	0.450000
0.376300	0.594931	0.475508	0.524495	0.191946	0.174285	0.051162	0.046380	-0.030000	0.450000
0.440666	0.529999	0.474390	0.525613	0.194871	0.176179	0.053630	0.048399	-0.025241	0.450000
0.460332	0.509990	0.473637	0.526366	0.199916	0.180222	0.055193	0.049659	-0.025241	0.450000
0.459864	0.510269	0.473213	0.526791	0.202749	0.182480	0.056061	0.050355	-0.025241	0.450000
0.459947	0.510218	0.473289	0.526715	0.202258	0.182090	0.055920	0.050243	-0.025241	0.450000
0.460592	0.509833	0.473874	0.526130	0.198367	0.178987	0.054738	0.049297	-0.025241	0.450000
0.461168	0.509491	0.474393	0.525611	0.194920	0.176225	0.053692	0.048456	-0.025241	0.450000
0.462113	0.508938	0.475237	0.524766	0.189291	0.171690	0.051966	0.047058	-0.025241	0.450000
0.462792	0.508546	0.475838	0.524164	0.185285	0.168445	0.050740	0.046059	-0.025241	0.450000
0.460007	0.511582	0.476373	0.523629	0.180967	0.164858	0.049672	0.045186	-0.024455	0.450000
0.460449	0.511304	0.476724	0.523278	0.177901	0.162283	0.048998	0.044636	-0.023680	0.450000
0.462285	0.509886	0.477564	0.522438	0.171742	0.157172	0.047281	0.043218	-0.023108	0.450000
0.460262	0.512320	0.478380	0.521621	0.165068	0.151541	0.045631	0.041846	-0.021847	0.450000
0.461001	0.512039	0.479261	0.520740	0.157890	0.145447	0.043838	0.040344	-0.020521	0.450000
0.461254	0.512250	0.480131	0.519871	0.150601	0.139201	0.042059	0.038843	-0.019016	0.450000
0.461919	0.512031	0.480948	0.519053	0.143587	0.133140	0.040384	0.037418	-0.017440	0.450000
0.462708	0.511599	0.481587	0.518414	0.137761	0.128057	0.039075	0.036298	-0.015869	0.450000
0.464935	0.509883	0.482474	0.517526	0.130528	0.121754	0.037226	0.034704	-0.014566	0.450000
0.464036	0.511499	0.483682	0.516319	0.120596	0.113023	0.034698	0.032504	-0.012711	0.450000
0.461625	0.514518	0.484680	0.515320	0.111217	0.104642	0.032613	0.030673	-0.010010	0.450000
0.463924	0.512894	0.485753	0.514247	0.101554	0.095954	0.030354	0.028672	-0.007530	0.450000
0.463720	0.513684	0.486664	0.513336	0.092656	0.087862	0.028432	0.026955	-0.004736	0.450000
0.466038	0.512185	0.487896	0.512104	0.081790	0.077937	0.025818	0.024597	-0.002113	0.450000
0.463210	0.515651	0.488833	0.511167	0.071945	0.068810	0.023825	0.022784	0.001447	0.450000
0.466396	0.513330	0.490063	0.509937	0.060520	0.058167	0.021191	0.020365	0.004642	0.450000
0.479716	0.501170	0.491659	0.508341	0.049315	0.047699	0.017756	0.017174	0.005237	0.450000
0.488801	0.493285	0.493258	0.506742	0.039759	0.038702	0.014319	0.013938	0.004223	0.450000
0.489103	0.494074	0.494669	0.505331	0.031114	0.030458	0.011300	0.011061	0.003584	0.450000
0.490405	0.494115	0.496360	0.503640	0.020439	0.020144	0.007694	0.007583	0.003183	0.450000
0.494307	0.491821	0.498322	0.501678	0.008337	0.008281	0.003534	0.003510	0.002511	0.450000
0.516520	0.472274	0.501443	0.498557	-0.007031	-0.006991	-0.003038	-0.003020	-0.002293	0.450000
0.502472	0.488156	0.503507	0.496493	-0.019602	-0.019329	-0.007413	-0.007309	-0.003149	0.450000
0.504391	0.488212	0.505665	0.494335	-0.033165	-0.032422	-0.012015	-0.011746	-0.003723	0.450000
0.510088	0.484497	0.507770	0.492230	-0.045855	-0.044453	-0.016529	-0.016023	-0.004903	0.450000
0.512896	0.483678	0.509827	0.490173	-0.058365	-0.056118	-0.020960	-0.020151	-0.006028	0.450000
0.503302	0.495692	0.512272	0.487728	-0.076612	-0.072949	-0.026215	-0.024957	-0.004080	0.450000
0.503378	0.497907	0.514534	0.485466	-0.094465	-0.089145	-0.031057	-0.029299	-0.001363	0.450000
0.507576	0.496959	0.517666	0.482335	-0.118285	-0.110249	-0.037731	-0.035148	0.001477	0.450000
0.517212	0.489190	0.519429	0.480572	-0.131309	-0.121542	-0.041456	-0.038345	0.002699	0.450000
0.520741	0.487726	0.521354	0.478648	-0.145264	-0.133446	-0.045500	-0.041758	0.003780	0.450000
0.524555	0.486396	0.523636	0.476367	-0.161495	-0.147039	-0.050250	-0.045691	0.004781	0.450000
0.529331	0.484388	0.526138	0.473866	-0.178936	-0.161339	-0.055406	-0.049868	0.005559	0.450000
0.534598	0.481995	0.528697	0.471309	-0.196383	-0.175323	-0.060620	-0.053991	0.006019	0.450000
0.539468	0.479903	0.531138	0.468870	-0.212710	-0.188123	-0.065522	-0.057774	0.006212	0.450000
0.546460	0.477599	0.535191	0.464821	-0.239364	-0.208444	-0.073530	-0.063757	0.006212	0.450000
0.550144	0.476763	0.537625	0.462390	-0.255230	-0.220222	-0.078218	-0.067137	0.006212	0.450000
0.553550	0.476022	0.539886	0.460133	-0.269862	-0.230877	-0.082486	-0.070133	0.006212	0.450000
0.557022	0.475298	0.542200	0.457823	-0.284739	-0.241509	-0.086776	-0.073065	0.006212	0.450000
0.560376	0.474627	0.544449	0.455579	-0.299084	-0.251572	-0.090861	-0.075779	0.006212	0.450000
0.563640	0.474002	0.546652	0.453381	-0.313014	-0.261165	-0.094774	-0.078303	0.006212	0.450000
0.567147	0.473362	0.549035	0.451005	-0.327952	-0.271261	-0.098911	-0.080890	0.006212	0.450000
0.570174	0.472834	0.551108	0.448938	-0.340821	-0.279799	-0.102419	-0.083013	0.006212	0.450000
0.575028	0.472041	0.554463	0.445595	-0.361433	-0.293179	-0.107963	-0.086237	0.006212	0.450000
0.576619	0.471793	0.555573	0.444489	-0.368170	-0.297470	-0.109734	-0.087227	0.006212	0.450000
0.578669	0.471485	0.557010	0.443058	-0.376850	-0.302942	-0.112004	-0.088469	0.006212	0.450000
0.580602	0.471204	0.558373	0.441701	-0.385026	-0.308037	-0.114118	-0.089597	0.006212	0.450000
0.582384	0.470954	0.559638	0.440441	-0.392560	-0.312682	-0.116043	-0.090598	0.006212	0.450000
0.582037	0.471004	0.559390	0.440688	-0.391099	-0.311787	-0.115682	-0.090416	0.006212	0.450000
0.581171	0.471126	0.558775	0.441300	-0.387447	-0.309539	-0.114755	-0.089936	0.006212	0.450000
0.580884	0.471168	0.558571	0.441503	-0.386244	-0.308799	-0.114459	-0.089786	0.006212	0.450000
0.581172	0.471133	0.558772	0.441303	-0.387485	-0.309574	-0.114811	-0.089982	0.006212	0.450000
0.578468	0.471525	0.556864	0.443203	-0.376055	-0.302460	-0.111865	-0.088417	0.006212	0.450000
0.575591	0.471964	0.554850	0.445209	-0.363879	-0.294759	-0.108683	-0.086665	0.006212	0.450000
0.572990	0.472380	0.553043	0.447010	-0.352854	-0.287674	-0.105757	-0.085001	0.006212	0.450000
0.570932	0.472722	0.551621	0.448426	-0.344128	-0.281994	-0.103423	-0.083640	0.006212	0.450000
0.568449	0.473149	0.549917	0.450125	-0.333580	-0.275037	-0.100561	-0.081927	0.006212	0.450000
0.565738	0.473633	0.548067	0.451970	-0.322044	-0.267315	-0.097394	-0.079981	0.006212	0.450000
0.562502	0.474235	0.545874	0.454157	-0.308259	-0.257934	-0.093560	-0.077558	0.006212	0.450000
0.557605	0.475200	0.542581	0.457443	-0.287350	-0.243381	-0.087658	-0.073688	0.006212	0.450000
0.554536	0.475834	0.540531	0.459489	-0.274201	-0.234024	-0.083877	-0.071123	0.006212	0.450000
0.551789	0.476422	0.538705	0.461312	-0.262410	-0.225499	-0.080451	-0.068742	0.006212	0.450000
0.549288	0.476975	0.537048	0.462966	-0.251654	-0.217611	-0.077295	-0.066505	0.006212	0.450000
0.545272	0.477894	0.534399	0.465612	-0.234342	-0.204687	-0.072156	-0.062772	0.006212	0.450000
0.541543	0.478786	0.531946	0.468063	-0.218210	-0.192391	-0.067308	-0.059152	0.006212	0.450000
0.538188	0.479619	0.529744	0.470262	-0.203659	-0.181087	-0.062889	-0.055772	0.006212	0.450000
0.532768	0.481031	0.526191	0.473812	-0.180068	-0.162326	-0.055648	-0.050075	0.006212	0.450000
0.529435	0.481937	0.524007	0.475996	-0.165495	-0.150464	-0.051119	-0.046411	0.006212	0.450000
0.525741	0.482978	0.521583	0.478419	-0.149289	-0.137023	-0.046042	-0.042216	0.006212	0.450000
0.521837	0.484121	0.519014	0.480987	-0.132098	-0.122474	-0.040616	-0.037630	0.006212	0.450000
0.517807	0.485348	0.516351	0.483649	-0.114279	-0.107072	-0.034950	-0.032731	0.006212	0.450000
0.514060	0.486533	0.513862	0.486138	-0.097635	-0.092384	-0.029623	-0.028022	0.006212	0.450000
0.517655	0.480765	0.511701	0.488299	-0.081629	-0.077904	-0.025000	-0.023855	0.004627	0.450000
0.530159	0.464876	0.508234	0.491766	-0.052868	-0.051157	-0.017573	-0.017003	-0.001052	0.450000
0.514273	0.478432	0.505768	0.494232	-0.033721	-0.032952	-0.012277	-0.011997	-0.003884	0.450000
0.495365	0.495337	0.503585	0.496415	-0.020222	-0.019934	-0.007604	-0.007496	-0.003064	0.450000
0.492701	0.496168	0.501526	0.498474	-0.007566	-0.007520	-0.003226	-0.003206	-0.002311	0.450000
0.478308	0.508744	0.499421	0.500579	0.002650	0.002644	0.001221	0.001218	0.001089	0.450000
0.482055	0.503140	0.497195	0.502805	0.015299	0.015129	0.005942	0.005876	0.002895	0.450000
0.483606	0.499694	0.494835	0.505165	0.030065	0.029450	0.010987	0.010763	0.003584	0.450000
0.470007	0.510094	0.490602	0.509398	0.055542	0.053496	0.020121	0.019379	0.006105	0.450000
0.486355	0.491935	0.488032	0.511969	0.074793	0.071307	0.025681	0.024480	0.004048	0.450000
0.486267	0.490350	0.485510	0.514490	0.094531	0.089231	0.031120	0.029367	0.001262	0.450000
0.480312	0.494711	0.482954	0.517047	0.113912	0.106450	0.036618	0.034202	-0.000883	0.450000
0.475004	0.498475	0.480299	0.519702	0.133509	0.123475	0.042299	0.039091	-0.002546	0.450000
0.469949	0.502082	0.477612	0.522390	0.152909	0.139949	0.048012	0.043894	-0.003774	0.450000
0.464534	0.505356	0.473171	0.526833	0.184106	0.165649	0.057368	0.051519	-0.004915	0.450000
0.457790	0.510937	0.470440	0.529566	0.202834	0.180615	0.063044	0.055997	-0.005182	0.450000
0.453655	0.513986	0.467598	0.532411	0.222032	0.195607	0.068891	0.060493	-0.005182	0.450000
0.450717	0.515944	0.464694	0.535318	0.241586	0.210547	0.074773	0.064894	-0.005182	0.450000
0.447941	0.517883	0.461838	0.538178	0.260741	0.224868	0.080459	0.069026	-0.005182	0.450000
0.445264	0.519844	0.458966	0.541055	0.279923	0.238907	0.086082	0.072997	-0.005182	0.450000
0.442867	0.521684	0.456284	0.543743	0.297738	0.251682	0.091230	0.076525	-0.005182	0.450000
0.439356	0.524538	0.452138	0.547899	0.325078	0.270808	0.099002	0.081657	-0.005182	0.450000
0.437277	0.526329	0.449543	0.550501	0.342042	0.282392	0.103734	0.084660	-0.005182	0.450000
0.435389	0.528030	0.447082	0.552971	0.358016	0.293107	0.108125	0.087361	-0.005182	0.450000
0.433555	0.529756	0.444584	0.555478	0.374111	0.303718	0.112487	0.089963	-0.005182	0.450000
0.431899	0.531385	0.442228	0.557844	0.389177	0.313486	0.116510	0.092286	-0.005182	0.450000
0.430613	0.532699	0.440325	0.559755	0.401254	0.321202	0.119689	0.094067	-0.005182	0.450000
0.429234	0.534163	0.438203	0.561888	0.414631	0.329637	0.123171	0.095964	-0.005182	0.450000
0.428034	0.535486	0.436281	0.563819	0.426663	0.337122	0.126266	0.097601	-0.005182	0.450000
0.426398	0.537346	0.433525	0.566591	0.444423	0.348130	0.131335	0.100372	-0.005182	0.450000
0.425308	0.538686	0.431618	0.568508	0.455515	0.354696	0.133547	0.101265	-0.005182	0.450000
0.424439	0.539771	0.430031	0.570105	0.465214	0.360486	0.135943	0.102408	-0.005182	0.450000
0.423697	0.540725	0.428633	0.571513	0.473705	0.365507	0.138016	0.103370	-0.005182	0.450000
0.423495	0.540990	0.428244	0.571904	0.476050	0.366884	0.138580	0.103626	-0.005182	0.450000
0.423514	0.540965	0.428281	0.571867	0.475829	0.366755	0.138529	0.103603	-0.005182	0.450000
0.423597	0.540857	0.428439	0.571708	0.474881	0.366199	0.138304	0.103502	-0.005182	0.450000
0.423880	0.540488	0.428980	0.571163	0.471609	0.364273	0.137515	0.103142	-0.005182	0.450000
0.424145	0.540146	0.429481	0.570659	0.468581	0.362486	0.136785	0.102808	-0.005182	0.450000
0.424819	0.539291	0.430731	0.569401	0.460968	0.357964	0.134919	0.101931	-0.005182	0.450000
0.425395	0.538577	0.431775	0.568351	0.454594	0.354151	0.133352	0.101182	-0.005182	0.407460
0.426190	0.537616	0.433177	0.566941	0.445982	0.348958	0.131212	0.100136	-0.005182	0.366714
0.426966	0.536702	0.434507	0.565603	0.437779	0.343971	0.129164	0.099114	-0.005182	0.286714
0.428140	0.535363	0.436454	0.563645	0.425663	0.336519	0.126079	0.097526	-0.005182	0.206717
0.429491	0.533883	0.438604	0.561484	0.412173	0.328108	0.122589	0.095669	-0.005182	0.134397
0.430851	0.532450	0.440682	0.559397	0.399034	0.319799	0.119142	0.093775	-0.005182	0.110960
0.432456	0.530828	0.443033	0.557036	0.384053	0.310183	0.115156	0.091514	-0.005182	0.095553
0.434189	0.529152	0.445460	0.554598	0.368457	0.300007	0.110944	0.089048	-0.005182	0.082344
0.435729	0.527721	0.447533	0.552518	0.355051	0.291123	0.107276	0.086835	-0.005182	0.071079
0.437498	0.526140	0.449823	0.550220	0.340136	0.281088	0.103142	0.084273	-0.005182	0.062348
0.439170	0.524702	0.451909	0.548129	0.326471	0.271751	0.099306	0.081831	-0.005182	0.054763
0.440621	0.523496	0.453661	0.546372	0.314937	0.263761	0.096037	0.079703	-0.005182	0.048094
0.442182	0.522236	0.455493	0.544535	0.302819	0.255257	0.092569	0.077399	-0.005182	0.042242
0.443641	0.521094	0.457158	0.542867	0.291767	0.247404	0.089378	0.075238	-0.005182	0.037117
0.444680	0.520299	0.458317	0.541705	0.284053	0.241866	0.087140	0.073700	-0.005182	0.032602
0.446086	0.519248	0.459855	0.540164	0.273789	0.234423	0.084136	0.071604	-0.005182	0.028635
0.447478	0.518234	0.461342	0.538674	0.263828	0.227118	0.081197	0.069520	-0.005182	0.025150
0.450766	0.515388	0.462921	0.537093	0.253603	0.219582	0.078025	0.067232	-0.005593	0.022085
0.451819	0.514720	0.464196	0.535816	0.245363	0.213448	0.075440	0.065341	-0.005959	0.019390
0.453265	0.513755	0.465685	0.534326	0.235664	0.206144	0.072405	0.063090	-0.006315	0.017050
0.452767	0.514597	0.466709	0.533300	0.228801	0.200905	0.070362	0.061564	-0.006315	0.014975
0.454568	0.513283	0.468070	0.531939	0.219720	0.193914	0.067584	0.059459	-0.006408	0.013153
0.455886	0.512418	0.469267	0.530740	0.211725	0.187701	0.065106	0.057556	-0.006516	0.011552
0.456172	0.512410	0.469976	0.530031	0.206947	0.183956	0.063651	0.056431	-0.006516	0.010146
0.457658	0.511491	0.471360	0.528646	0.197577	0.176550	0.060766	0.054175	-0.006516	0.008910
0.458897	0.510740	0.472495	0.527510	0.189889	0.170413	0.058390	0.052294	-0.006517	0.007825
0.459864	0.510162	0.473370	0.526634	0.183966	0.165651	0.056559	0.050833	-0.006517	0.006871
0.460771	0.509629	0.474182	0.525821	0.178454	0.161188	0.054838	0.049448	-0.006517	0.006033
0.461542	0.509181	0.474866	0.525137	0.173811	0.157406	0.053383	0.048269	-0.006517	0.005297
0.462238	0.508780	0.475480	0.524523	0.169660	0.154009	0.052090	0.047216	-0.006517	0.004650
0.463475	0.508077	0.476559	0.523443	0.162341	0.147979	0.049795	0.045332	-0.006517	0.004081
0.464490	0.507509	0.477434	0.522568	0.156407	0.143053	0.047926	0.043784	-0.006517	0.003578
0.465073	0.507187	0.477933	0.522069	0.153033	0.140237	0.046865	0.042901	-0.006517	0.003138
0.465859	0.506756	0.478602	0.521400	0.148497	0.136434	0.045429	0.041697	-0.006517	0.002752
0.466327	0.506503	0.478997	0.521005	0.145809	0.134170	0.044569	0.040973	-0.006517	0.002412
0.467075	0.506100	0.479625	0.520377	0.141545	0.130565	0.043212	0.039826	-0.006517	0.002021
0.467836	0.505694	0.480260	0.519741	0.137240	0.126908	0.041842	0.038662	-0.006517	0.001777
0.468025	0.505594	0.480417	0.519584	0.136172	0.125997	0.041500	0.038370	-0.006517	0.001564
0.468592	0.505296	0.480886	0.519115	0.132987	0.123276	0.040480	0.037497	-0.006517	0.001375
0.469099	0.505032	0.481304	0.518697	0.130147	0.120840	0.039563	0.036710	-0.006517	0.001273
0.469433	0.504859	0.481578	0.518423	0.128273	0.119227	0.038952	0.036182	-0.006517	0.001061
0.469829	0.504655	0.481901	0.518100	0.126068	0.117327	0.038234	0.035562	-0.006517	0.000938
0.470026	0.504555	0.482061	0.517940	0.124962	0.116370	0.037866	0.035242	-0.006517	0.000829
0.470593	0.504265	0.482522	0.517479	0.121833	0.113661	0.036856	0.034366	-0.006517	0.000729
0.471008	0.504052	0.482859	0.517142	0.119560	0.111688	0.036131	0.033735	-0.006517	0.000640
0.471743	0.503680	0.483452	0.516549	0.115549	0.108193	0.034842	0.032609	-0.006517	0.000567
0.472308	0.503397	0.483905	0.516096	0.112476	0.105503	0.033846	0.031734	-0.006517	0.000504
0.472797	0.503154	0.484295	0.515705	0.109823	0.103173	0.032982	0.030973	-0.006516	0.000450
0.469252	0.506943	0.484684	0.515316	0.106250	0.099969	0.032133	0.030222	-0.005581	0.000403
0.467536	0.508881	0.485036	0.514964	0.102420	0.096498	0.031365	0.029542	-0.004145	0.000242
0.467895	0.508686	0.485292	0.514709	0.099240	0.093596	0.030796	0.029036	-0.002718	0.000226
0.468861	0.507757	0.485349	0.514652	0.097595	0.092065	0.030648	0.028902	-0.001498	0.000210
0.471436	0.505150	0.485295	0.514705	0.097317	0.091783	0.030737	0.028980	-0.000892	0.000258
0.473925	0.502867	0.485606	0.514394	0.095070	0.089774	0.030033	0.028352	-0.000772	0.000178
0.469554	0.507467	0.485959	0.514042	0.091432	0.086459	0.029258	0.027660	0.000466	0.000166
0.468623	0.508561	0.486206	0.513794	0.088203	0.083487	0.028705	0.027163	0.001994	0.000155
0.470140	0.507251	0.486518	0.513483	0.084797	0.080361	0.028005	0.026534	0.003261	0.000175
0.476808	0.500730	0.486728	0.513272	0.083556	0.079251	0.027502	0.026079	0.003045	0.000133
0.476885	0.500713	0.486809	0.513191	0.083176	0.078916	0.027278	0.025875	0.002835	0.000144
0.477949	0.499755	0.486956	0.513044	0.082551	0.078369	0.026904	0.025535	0.002423	0.000130
0.478531	0.499276	0.487095	0.512905	0.082064	0.077950	0.026538	0.025203	0.001919	0.000107
0.477083	0.500705	0.487061	0.512939	0.082441	0.078297	0.026580	0.025239	0.001741	0.000100
0.478525	0.499385	0.487231	0.512770	0.081716	0.077661	0.026158	0.024855	0.001280	0.000094
0.478579	0.499333	0.487219	0.512781	0.082197	0.078114	0.026105	0.024803	0.000805	0.000088
0.479121	0.498872	0.487321	0.512679	0.082007	0.077966	0.025801	0.024525	0.000235	0.000082
0.479168	0.498803	0.487269	0.512731	0.082860	0.078760	0.025814	0.024532	-0.000359	0.000077
0.480137	0.497817	0.487216	0.512784	0.083922	0.079752	0.025790	0.024504	-0.001192	0.000072
0.480480	0.497414	0.487095	0.512905	0.085529	0.081241	0.025891	0.024588	-0.002137	0.000067
0.479894	0.498068	0.487170	0.512831	0.085702	0.081429	0.025605	0.024323	-0.002923	0.000062
0.480274	0.497858	0.487395	0.512605	0.084873	0.080713	0.024985	0.023756	-0.003727	0.000058
0.477378	0.500885	0.487585	0.512415	0.083655	0.079616	0.024557	0.023367	-0.003801	0.000054
0.478565	0.500135	0.488209	0.511792	0.079575	0.075920	0.023142	0.022075	-0.003962	0.000050
0.478405	0.500693	0.488767	0.511233	0.075714	0.072397	0.021858	0.020897	-0.003916	0.000047
0.479178	0.500187	0.489128	0.510872	0.073216	0.070108	0.020969	0.020076	-0.003939	0.000044
0.478080	0.501669	0.489645	0.510355	0.069231	0.066428	0.019717	0.018916	-0.003546	0.000041
0.478440	0.501589	0.490009	0.509992	0.066226	0.063637	0.018780	0.018044	-0.003124	0.000038
0.479221	0.500998	0.490237	0.509763	0.064204	0.061750	0.018103	0.017410	-0.002810	0.000036
0.478651	0.501780	0.490479	0.509521	0.061780	0.059476	0.017300	0.016653	-0.002286	0.000033
0.481389	0.499035	0.490448	0.509552	0.061998	0.059678	0.017258	0.016611	-0.002405	0.000031
0.478696	0.501836	0.490530	0.509470	0.060546	0.058300	0.016721	0.016099	-0.001867	0.000029
0.461515	0.519153	0.490675	0.509325	0.054702	0.052703	0.016158	0.015566	0.002705	0.000027
0.432951	0.547454	0.490340	0.509660	0.045786	0.044053	0.016999	0.016354	0.013801	0.000026
0.402299	0.577081	0.494293	0.505707	0.029269	0.028609	0.037239	0.036398	0.032790	0.000024
0.405935	0.570401	0.504005	0.495995	0.019509	0.019197	0.090158	0.088721	0.052790	0.000023
0.385412	0.533630	0.498768	0.473694	0.020940	0.019868	0.153230	0.145460	0.072790	0.000021
0.364341	0.474734	0.464435	0.433313	0.020123	0.018736	0.190773	0.177816	0.089071	0.000020
0.391000	0.385320	0.428059	0.400249	0.020103	0.018759	0.190583	0.178035	0.091518	0.000019
0.381597	0.334265	0.391675	0.370032	0.035324	0.033320	0.189677	0.179061	0.088446	0.000018
0.330672	0.318277	0.351111	0.338229	0.057629	0.055465	0.187944	0.180965	0.088446	0.000017
0.292248	0.287203	0.308809	0.303569	0.080418	0.079027	0.186103	0.182908	0.088446	0.000016
0.253678	0.252522	0.266474	0.265277	0.094360	0.093928	0.184939	0.184098	0.088446	0.000015
0.209544	0.212530	0.219816	0.222921	0.116144	0.114506	0.185838	0.183219	0.088446	0.000014
0.178383	0.184340	0.187028	0.193262	0.139012	0.134495	0.187631	0.181508	0.088446	0.000013
0.134771	0.142952	0.139261	0.147793	0.172157	0.162221	0.190239	0.179130	0.088446	0.000012
