0.000000	0.000000	0.000000	0.000000	0.000000
-0.026072	-0.026062	-0.030000	-0.030000	-0.010000
-0.055628	-0.055647	-0.030000	-0.030000	-0.010000
0.024372	0.024353	0.030000	0.030000	0.010000
0.104372	0.104353	0.090000	0.090000	0.030000
0.184372	0.184353	0.150000	0.150000	0.050000
0.264372	0.264353	0.210000	0.210000	0.070000
0.344372	0.344353	0.270000	0.270000	0.090000
0.388048	0.390304	0.270000	0.270000	0.090000
0.388048	0.390304	0.210000	0.210000	0.070000
0.428458	0.429632	0.150000	0.150000	0.050000
0.430389	0.429685	0.090000	0.090000	0.030000
0.430389	0.429685	0.030000	0.030000	0.010000
0.439730	0.432605	-0.030000	-0.030000	-0.010000
0.439730	0.432605	-0.090000	-0.090000	-0.030000
0.448555	0.437640	-0.150000	-0.150000	-0.050000
0.453576	0.466628	-0.210000	-0.150216	-0.070000
0.457790	0.480639	-0.270000	-0.150216	-0.090000
0.462529	0.489889	-0.293352	-0.150216	-0.070000
0.500000	0.500000	-0.293352	-0.122701	-0.066372
0.500000	0.500000	-0.293352	-0.122701	-0.047235
0.500000	0.500000	-0.293152	-0.122701	-0.027235
0.500000	0.500000	-0.293152	-0.122701	-0.013898
0.500000	0.500000	-0.286353	-0.104095	0.006102
0.500000	0.500000	-0.260135	-0.106453	0.026102
0.500000	0.500000	-0.248907	-0.106453	0.046102
0.500000	0.500000	-0.218066	-0.106453	0.066102
0.500000	0.500000	-0.201129	-0.047924	0.086102
0.500000	0.500000	-0.150190	-0.042279	0.072219
0.500000	0.500000	-0.109478	-0.034121	0.052219
0.500000	0.500000	-0.117503	-0.042540	0.035376
0.500000	0.500000	-0.131171	-0.042540	0.034446
0.500000	0.500000	-0.142612	-0.082773	0.014446
0.500000	0.500000	-0.183356	-0.097582	0.014446
0.500000	0.500000	-0.194595	-0.097582	0.034446
0.500000	0.500000	-0.223047	-0.050801	0.047508
0.500000	0.500000	-0.241842	-0.050801	0.067508
0.500000	0.500000	-0.239604	-0.086196	0.087508
0.500000	0.500000	-0.210612	-0.086196	0.107508
0.500000	0.500000	-0.151751	-0.086196	0.107508
0.500000	0.500000	-0.091751	-0.086196	0.116927
0.500000	0.500000	-0.031751	-0.026196	0.136927
0.500000	0.500000	0.028249	0.008050	0.156927
0.500000	0.500000	0.088249	0.024944	0.163381
0.500000	0.500000	0.125078	0.024944	0.156294
0.500000	0.500000	0.135000	0.000833	0.156294
0.500000	0.500000	0.188132	0.000833	0.156294
0.500000	0.500000	0.248132	0.000833	0.176294
0.500000	0.500000	0.257959	0.000833	0.176294
0.500000	0.500000	0.267638	0.000833	0.173066
0.500000	0.500000	0.267638	0.000833	0.168777
0.500000	0.500000	0.267638	0.000833	0.150558
0.493661	0.500000	0.267638	-0.026748	0.144562
0.493661	0.500000	0.267638	-0.026748	0.144562
0.482504	0.500000	0.327638	-0.016069	0.164562
0.475331	0.493568	0.327638	-0.016069	0.164562
0.462361	0.481172	0.356660	-0.016069	0.164562
0.462361	0.481172	0.370701	-0.016069	0.164562
0.462361	0.481172	0.383792	-0.016069	0.164562
0.462361	0.481172	0.386990	-0.016069	0.157364
0.462361	0.481172	0.386990	-0.016069	0.154325
0.471209	0.481172	0.386990	-0.015281	0.154325
0.500000	0.500000	0.446990	0.044719	0.174325
0.500000	0.500000	0.502763	0.044719	0.174325
0.500000	0.500000	0.526483	0.044719	0.174325
0.500000	0.500000	0.560202	0.044719	0.174325
0.500000	0.500000	0.576827	0.044719	0.174325
0.452492	0.469516	0.583423	0.011381	0.165347
0.452492	0.469516	0.583423	0.011381	0.157910
0.452492	0.469516	0.583423	0.011381	0.153949
0.452492	0.469516	0.583423	0.011381	0.153949
0.500000	0.500000	0.588937	0.011853	0.153949
0.500000	0.500000	0.588937	0.011853	0.142313
0.500000	0.500000	0.588937	0.011853	0.122812
0.500000	0.500000	0.587399	0.011853	0.102812
0.500000	0.500000	0.582579	0.058360	0.082812
0.500000	0.500000	0.558757	0.110742	0.062812
0.500000	0.500000	0.530121	0.110742	0.042812
0.500000	0.500000	0.496462	0.097231	0.022812
0.500000	0.500000	0.467304	0.078178	0.002812
0.500000	0.500000	0.452699	0.067479	-0.017188
0.500000	0.500000	0.452699	0.067479	-0.017188
0.500000	0.500000	0.450035	0.091356	-0.037188
0.500000	0.500000	0.432535	0.082007	-0.057188
0.500000	0.500000	0.386301	0.029665	-0.077188
0.500000	0.500000	0.326301	0.002343	-0.097188
0.500000	0.500000	0.315857	-0.020369	-0.117188
0.500000	0.500000	0.313651	-0.061596	-0.127369
0.482915	0.499537	0.287038	-0.121596	-0.123531
0.482475	0.499537	0.278098	-0.168039	-0.118900
0.482475	0.499537	0.278098	-0.168039	-0.118900
0.500000	0.500000	0.338098	-0.108039	-0.098900
0.500000	0.500000	0.398098	-0.059846	-0.078900
0.500000	0.500000	0.418977	-0.016153	-0.078900
0.500000	0.500000	0.438181	-0.016153	-0.082230
0.500000	0.500000	0.438181	-0.052321	-0.099312
0.458364	0.474925	0.413478	-0.094449	-0.119312
0.450564	0.466071	0.411550	-0.097269	-0.139312
0.411016	0.420941	0.365153	-0.097269	-0.159312
0.411016	0.420941	0.365153	-0.097269	-0.166044
0.411016	0.420941	0.365153	-0.097269	-0.157419
0.477469	0.489391	0.425153	-0.093305	-0.154747
0.477469	0.489391	0.439095	-0.093305	-0.154747
0.480921	0.493812	0.483962	-0.066204	-0.154747
0.497686	0.500000	0.499899	-0.066204	-0.162456
0.497686	0.500000	0.499899	-0.066204	-0.167249
0.497686	0.500000	0.499899	-0.066204	-0.183827
0.497686	0.500000	0.499899	-0.066204	-0.203827
0.497686	0.500000	0.481785	-0.066204	-0.223827
0.497686	0.500000	0.463494	-0.069811	-0.243827
0.497686	0.500000	0.439227	-0.070441	-0.263827
0.497686	0.500000	0.389294	-0.070441	-0.260988
0.497686	0.500000	0.389294	-0.070441	-0.245772
0.500000	0.500000	0.439879	-0.010441	-0.262882
0.500000	0.500000	0.452557	0.023776	-0.281356
0.500000	0.500000	0.452483	-0.009142	-0.301356
0.500000	0.500000	0.430138	-0.019193	-0.305854
0.500000	0.500000	0.381274	-0.024576	-0.285854
0.500000	0.500000	0.342953	-0.029105	-0.265854
0.500000	0.500000	0.311994	-0.031620	-0.245854
0.500000	0.500000	0.285161	-0.031620	-0.225854
0.500000	0.500000	0.267505	-0.049108	-0.205854
0.500000	0.500000	0.258016	-0.099439	-0.185854
0.477887	0.498946	0.252019	-0.159439	-0.165854
0.477887	0.498946	0.252019	-0.159439	-0.153577
0.500000	0.500000	0.312019	-0.112293	-0.133577
0.500000	0.500000	0.372019	-0.106069	-0.113577
0.500000	0.500000	0.432019	-0.077258	-0.093577
0.500000	0.500000	0.480354	-0.055477	-0.093577
0.500000	0.500000	0.495508	-0.042378	-0.093577
0.500000	0.500000	0.498649	-0.036543	-0.102129
0.500000	0.500000	0.488304	-0.036543	-0.122129
0.477535	0.499780	0.467245	-0.093195	-0.142129
0.464526	0.483167	0.441484	-0.105086	-0.162129
0.464526	0.483167	0.432334	-0.105086	-0.182129
0.464526	0.483167	0.432334	-0.105086	-0.182129
0.500000	0.500000	0.436098	-0.073703	-0.196461
0.500000	0.500000	0.426731	-0.073703	-0.216461
0.500000	0.500000	0.422571	-0.073703	-0.236461
0.500000	0.500000	0.391054	-0.073703	-0.251040
0.500000	0.500000	0.331054	-0.073703	-0.242055
0.500000	0.500000	0.271054	-0.073703	-0.241780
0.500000	0.500000	0.220479	-0.101435	-0.241780
0.500000	0.500000	0.160479	-0.161435	-0.232385
0.494488	0.500000	0.122660	-0.219791	-0.212385
0.494488	0.500000	0.121061	-0.219791	-0.192385
0.494488	0.500000	0.122503	-0.219791	-0.172385
0.500000	0.500000	0.182503	-0.159791	-0.152385
0.500000	0.500000	0.193157	-0.110264	-0.132385
0.500000	0.500000	0.213961	-0.110264	-0.112385
0.500000	0.500000	0.224663	-0.110264	-0.094040
0.500000	0.500000	0.224663	-0.110264	-0.082090
0.500000	0.500000	0.224663	-0.110264	-0.068098
0.500000	0.500000	0.224663	-0.110264	-0.061081
0.500000	0.500000	0.224663	-0.110264	-0.060758
0.500000	0.500000	0.211335	-0.127202	-0.051236
0.500000	0.500000	0.187315	-0.127202	-0.068278
0.500000	0.500000	0.166966	-0.067202	-0.088278
0.500000	0.500000	0.111987	-0.042463	-0.076428
0.500000	0.500000	0.063484	-0.050244	-0.073627
0.500000	0.500000	0.019706	-0.110244	-0.073627
0.493785	0.500000	-0.029046	-0.170244	-0.067212
0.476363	0.500000	-0.056596	-0.230244	-0.067212
0.476363	0.500000	-0.051297	-0.230244	-0.087212
0.476363	0.500000	-0.028290	-0.230244	-0.107212
0.455454	0.500000	-0.001893	-0.270170	-0.127213
0.447539	0.491380	0.017863	-0.270170	-0.127213
0.447539	0.491380	0.000989	-0.270170	-0.120545
0.500000	0.500000	0.000946	-0.216414	-0.140545
0.500000	0.500000	-0.000440	-0.216414	-0.160545
0.500000	0.500000	-0.017792	-0.216414	-0.180545
0.500000	0.500000	-0.027770	-0.216414	-0.200545
0.500000	0.500000	-0.033669	-0.222559	-0.220545
0.475224	0.500000	-0.033669	-0.278895	-0.240376
0.438596	0.500000	-0.033669	-0.334711	-0.253382
0.419782	0.481764	-0.033669	-0.334711	-0.270379
0.402808	0.460673	-0.033669	-0.334711	-0.287911
0.398536	0.455495	-0.033669	-0.334711	-0.296324
0.398536	0.455495	-0.033669	-0.334711	-0.301981
0.470098	0.500000	-0.052013	-0.331910	-0.321981
0.470098	0.500000	-0.059388	-0.326673	-0.341981
0.471237	0.500000	-0.070259	-0.326673	-0.361981
0.477119	0.500000	-0.074514	-0.326673	-0.381981
0.454309	0.500000	-0.080412	-0.362009	-0.400000
0.415510	0.500000	-0.088102	-0.422009	-0.400000
0.409320	0.500000	-0.108248	-0.445903	-0.400000
0.387934	0.472538	-0.123303	-0.445903	-0.400000
0.387061	0.472538	-0.140481	-0.445903	-0.400000
0.387061	0.472538	-0.140547	-0.445903	-0.400000
0.387061	0.472538	-0.142088	-0.445903	-0.400000
0.387061	0.472538	-0.146927	-0.445903	-0.400000
0.467061	0.500000	-0.177990	-0.385903	-0.398357
0.472787	0.500000	-0.177990	-0.325903	-0.398357
0.472787	0.500000	-0.207353	-0.325903	-0.398357
0.472787	0.500000	-0.225772	-0.325903	-0.398357
0.464222	0.500000	-0.260256	-0.373887	-0.398357
0.449619	0.500000	-0.263508	-0.394450	-0.398357
0.413441	0.500000	-0.273364	-0.417441	-0.398357
0.400869	0.492627	-0.273364	-0.417441	-0.388366
0.395382	0.483306	-0.273364	-0.417441	-0.372831
0.392829	0.478313	-0.272485	-0.417441	-0.352831
0.383629	0.463113	-0.260271	-0.417441	-0.332831
0.383629	0.463113	-0.257527	-0.417441	-0.312831
0.383629	0.463113	-0.257527	-0.417441	-0.312831
0.463629	0.500000	-0.260921	-0.357441	-0.303957
0.476182	0.500000	-0.260921	-0.317441	-0.299904
0.476182	0.500000	-0.260921	-0.273710	-0.299904
0.476182	0.500000	-0.260921	-0.273710	-0.299904
0.476723	0.500000	-0.264272	-0.273710	-0.299904
0.481242	0.500000	-0.271294	-0.305275	-0.294372
0.457552	0.500000	-0.271294	-0.331806	-0.286412
0.433955	0.500000	-0.271294	-0.358460	-0.273144
0.410079	0.483267	-0.271294	-0.360766	-0.257971
0.406473	0.477834	-0.271294	-0.360766	-0.243539
0.402773	0.472339	-0.271294	-0.360766	-0.230117
0.402773	0.472339	-0.271294	-0.360766	-0.230117
0.470585	0.500000	-0.294762	-0.360766	-0.228261
0.470585	0.500000	-0.294762	-0.334214	-0.228261
0.470585	0.500000	-0.307689	-0.334214	-0.228261
0.470585	0.500000	-0.328618	-0.324816	-0.228261
0.470585	0.500000	-0.328618	-0.324816	-0.228261
0.455913	0.500000	-0.329658	-0.343189	-0.228261
0.435622	0.500000	-0.329658	-0.360011	-0.228261
0.405222	0.476854	-0.329658	-0.360011	-0.218844
0.403080	0.473807	-0.329658	-0.360011	-0.217065
0.392445	0.458659	-0.329658	-0.360011	-0.205577
0.387732	0.451926	-0.329658	-0.360011	-0.198289
0.387732	0.451926	-0.329658	-0.360011	-0.198289
0.463596	0.500000	-0.389658	-0.360011	-0.199485
0.463596	0.500000	-0.389658	-0.339307	-0.199485
0.463596	0.500000	-0.404020	-0.328146	-0.199485
0.463596	0.500000	-0.406666	-0.328146	-0.199485
0.439721	0.500000	-0.410363	-0.350512	-0.191808
0.423394	0.500000	-0.410363	-0.371493	-0.185931
0.407439	0.484731	-0.410363	-0.371493	-0.185387
0.406855	0.483932	-0.410363	-0.371493	-0.185387
0.398410	0.471798	-0.410363	-0.371493	-0.184887
0.396954	0.470747	-0.410363	-0.374561	-0.184887
0.396954	0.470747	-0.410363	-0.374561	-0.184887
0.476505	0.500000	-0.457157	-0.360873	-0.184887
0.476505	0.500000	-0.478099	-0.360873	-0.184887
0.481841	0.500000	-0.509293	-0.355012	-0.184887
0.481841	0.500000	-0.529885	-0.349402	-0.184887
0.481841	0.500000	-0.548716	-0.337236	-0.184887
0.481841	0.500000	-0.548716	-0.337236	-0.184887
0.481841	0.500000	-0.552468	-0.337236	-0.184887
0.457405	0.500000	-0.559598	-0.333645	-0.171674
0.450299	0.500000	-0.559598	-0.339742	-0.163980
0.425160	0.500000	-0.559598	-0.366498	-0.149421
0.405400	0.486310	-0.559598	-0.369045	-0.136967
0.405400	0.486310	-0.559598	-0.369045	-0.136967
0.485400	0.500000	-0.602303	-0.336322	-0.136967
0.485400	0.500000	-0.602303	-0.315340	-0.136967
0.485400	0.500000	-0.616066	-0.315340	-0.136967
0.474167	0.500000	-0.622408	-0.346186	-0.136967
0.471605	0.500000	-0.625097	-0.350640	-0.136967
0.447561	0.500000	-0.633712	-0.366982	-0.136967
0.401743	0.500000	-0.633712	-0.405620	-0.136967
0.392475	0.485102	-0.633712	-0.405620	-0.132897
0.389475	0.479355	-0.633712	-0.405620	-0.124581
0.389475	0.479355	-0.633712	-0.405620	-0.124581
0.450766	0.500000	-0.691418	-0.345620	-0.124581
0.450766	0.500000	-0.694131	-0.345620	-0.124581
0.450766	0.500000	-0.732564	-0.345620	-0.124581
0.450766	0.500000	-0.756477	-0.345620	-0.124581
0.450766	0.500000	-0.779291	-0.345620	-0.124581
0.450766	0.500000	-0.789824	-0.345620	-0.124581
0.406420	0.500000	-0.790258	-0.381009	-0.124581
0.393854	0.500000	-0.790258	-0.396541	-0.124581
0.393854	0.500000	-0.790258	-0.396541	-0.124581
0.447587	0.500000	-0.832049	-0.336541	-0.124581
0.447587	0.500000	-0.836018	-0.336541	-0.124581
0.447587	0.500000	-0.859481	-0.336541	-0.124581
0.447587	0.500000	-0.883727	-0.336541	-0.124581
0.447587	0.500000	-0.900000	-0.336541	-0.124581
0.441611	0.500000	-0.900000	-0.336541	-0.124581
0.425524	0.500000	-0.900000	-0.347427	-0.124600
0.425524	0.500000	-0.900000	-0.347427	-0.141727
0.412880	0.500000	-0.900000	-0.353110	-0.147208
0.412880	0.500000	-0.900000	-0.353110	-0.167208
0.467320	0.500000	-0.900000	-0.335120	-0.187208
0.467320	0.500000	-0.900000	-0.335120	-0.207208
0.467320	0.500000	-0.900000	-0.335120	-0.227208
0.467320	0.500000	-0.900000	-0.335120	-0.247208
0.467320	0.500000	-0.900000	-0.335120	-0.267208
0.445146	0.500000	-0.900000	-0.335120	-0.287208
0.425468	0.500000	-0.900000	-0.335120	-0.307208
0.425468	0.500000	-0.900000	-0.335120	-0.327208
0.425468	0.500000	-0.900000	-0.335120	-0.347208
0.425468	0.500000	-0.900000	-0.335120	-0.367208
0.425468	0.500000	-0.900000	-0.305068	-0.387208
0.425468	0.500000	-0.900000	-0.305068	-0.400000
0.408692	0.500000	-0.900000	-0.305068	-0.400000
0.398657	0.500000	-0.900000	-0.305068	-0.400000
0.398657	0.500000	-0.900000	-0.305068	-0.400000
0.398657	0.500000	-0.900000	-0.305068	-0.400000
0.398657	0.500000	-0.900000	-0.305068	-0.400000
0.398657	0.500000	-0.900000	-0.305068	-0.400000
0.478657	0.500000	-0.900000	-0.245068	-0.400000
0.500000	0.500000	-0.900000	-0.185068	-0.400000
0.500000	0.500000	-0.900000	-0.125068	-0.400000
0.500000	0.500000	-0.900000	-0.080079	-0.400000
0.500000	0.500000	-0.900000	-0.036415	-0.400000
0.500000	0.500000	-0.900000	-0.036415	-0.400000
0.500000	0.500000	-0.900000	-0.036415	-0.400000
0.500000	0.500000	-0.900000	-0.045162	-0.400000
0.500000	0.500000	-0.900000	-0.078277	-0.400000
0.500000	0.500000	-0.900000	-0.078277	-0.400000
0.500000	0.500000	-0.900000	-0.078277	-0.400000
0.500000	0.500000	-0.900000	-0.138277	-0.400000
0.500000	0.500000	-0.900000	-0.193194	-0.400000
0.500000	0.500000	-0.900000	-0.207005	-0.400000
0.500000	0.500000	-0.868363	-0.213445	-0.400000
0.500000	0.500000	-0.809485	-0.227937	-0.400000
0.500000	0.500000	-0.809485	-0.233595	-0.400000
0.500000	0.500000	-0.804616	-0.238520	-0.400000
0.500000	0.500000	-0.796920	-0.238520	-0.395659
0.500000	0.500000	-0.792343	-0.238520	-0.390704
0.500000	0.500000	-0.792343	-0.238520	-0.390704
0.500000	0.500000	-0.778828	-0.250321	-0.386284
0.500000	0.500000	-0.770037	-0.250621	-0.379633
0.500000	0.500000	-0.759913	-0.250519	-0.371436
0.500000	0.500000	-0.753107	-0.250206	-0.365673
0.500000	0.500000	-0.742477	-0.247640	-0.353941
0.500000	0.500000	-0.731535	-0.245720	-0.342583
0.500000	0.500000	-0.699866	-0.239042	-0.322583
0.500000	0.500000	-0.664076	-0.231707	-0.302583
0.500000	0.500000	-0.620638	-0.222446	-0.282583
0.500000	0.500000	-0.563397	-0.209299	-0.262582
0.500000	0.500000	-0.548057	-0.203802	-0.242582
0.500000	0.500000	-0.511423	-0.191877	-0.222582
0.500000	0.500000	-0.498090	-0.183802	-0.202582
0.500000	0.500000	-0.498090	-0.180584	-0.191515
0.500000	0.500000	-0.498090	-0.180128	-0.189492
0.500000	0.500000	-0.498090	-0.179362	-0.186543
0.500000	0.500000	-0.498090	-0.179211	-0.186543
0.500000	0.500000	-0.498090	-0.177968	-0.186543
0.500000	0.500000	-0.498090	-0.190601	-0.186543
0.500000	0.500000	-0.536165	-0.186336	-0.186543
0.500000	0.500000	-0.536377	-0.191824	-0.186543
0.500000	0.500000	-0.554471	-0.193597	-0.186543
0.500000	0.500000	-0.567764	-0.196439	-0.186543
0.500000	0.500000	-0.582313	-0.196979	-0.186543
0.500000	0.500000	-0.590532	-0.197734	-0.186543
0.500000	0.500000	-0.596911	-0.199662	-0.186543
0.500000	0.500000	-0.605696	-0.200013	-0.186543
0.500000	0.500000	-0.610738	-0.201032	-0.186543
0.500000	0.500000	-0.610738	-0.215886	-0.186543
0.500000	0.500000	-0.663534	-0.211165	-0.186543
0.500000	0.500000	-0.676322	-0.213663	-0.188481
0.500000	0.500000	-0.682588	-0.212084	-0.199532
0.500000	0.500000	-0.682588	-0.211376	-0.199532
0.500000	0.500000	-0.687568	-0.216561	-0.200968
0.500000	0.500000	-0.694703	-0.221958	-0.214697
0.500000	0.500000	-0.704794	-0.240478	-0.232574
0.500000	0.500000	-0.762433	-0.234928	-0.252574
0.500000	0.500000	-0.766544	-0.242019	-0.272574
0.500000	0.500000	-0.781351	-0.244070	-0.292574
0.500000	0.500000	-0.790274	-0.239975	-0.312574
0.500000	0.500000	-0.790274	-0.238205	-0.312574
0.500000	0.500000	-0.790274	-0.233106	-0.312574
0.500000	0.500000	-0.790274	-0.260594	-0.313844
0.500000	0.500000	-0.850274	-0.253835	-0.333844
0.500000	0.500000	-0.867865	-0.254566	-0.353844
0.500000	0.500000	-0.882726	-0.250729	-0.373844
0.500000	0.500000	-0.889118	-0.250515	-0.393845
0.500000	0.500000	-0.899618	-0.239380	-0.400000
0.500000	0.500000	-0.899618	-0.256635	-0.400000
0.500000	0.500000	-0.900000	-0.246090	-0.400000
0.500000	0.500000	-0.900000	-0.238647	-0.400000
0.500000	0.500000	-0.900000	-0.244296	-0.400000
0.500000	0.500000	-0.900000	-0.251706	-0.400000
0.500000	0.500000	-0.895957	-0.265216	-0.400000
0.500000	0.500000	-0.848355	-0.263573	-0.400000
0.500000	0.500000	-0.848355	-0.268466	-0.400000
0.500000	0.500000	-0.808841	-0.267981	-0.400000
0.500000	0.500000	-0.750283	-0.258092	-0.380000
0.500000	0.500000	-0.693660	-0.248248	-0.360000
0.500000	0.500000	-0.649305	-0.239582	-0.340000
0.500000	0.500000	-0.592029	-0.227906	-0.320000
0.500000	0.500000	-0.561213	-0.219315	-0.300000
0.500000	0.500000	-0.521768	-0.207994	-0.280000
0.500000	0.500000	-0.482568	-0.195651	-0.260000
0.500000	0.500000	-0.480339	-0.190990	-0.240000
0.500000	0.500000	-0.446011	-0.177914	-0.220000
0.500000	0.500000	-0.424241	-0.167166	-0.200000
0.500000	0.500000	-0.412240	-0.158476	-0.180000
0.500000	0.500000	-0.398749	-0.149002	-0.160000
0.500000	0.500000	-0.388344	-0.140047	-0.140000
0.500000	0.500000	-0.338055	-0.119296	-0.120000
0.500000	0.500000	-0.325476	-0.111576	-0.100000
0.500000	0.500000	-0.290920	-0.099147	-0.080000
0.500000	0.500000	-0.290499	-0.094308	-0.060000
0.500000	0.500000	-0.275365	-0.085631	-0.040000
0.500000	0.500000	-0.264905	-0.077999	-0.020000
0.500000	0.500000	-0.249655	-0.068830	0.000000
0.500000	0.500000	-0.250861	-0.063903	0.020000
0.500000	0.500000	-0.251615	-0.058721	0.040000
0.500000	0.500000	-0.272830	-0.060535	0.057620
0.500000	0.500000	-0.269167	-0.053878	0.077620
0.500000	0.500000	-0.268611	-0.048152	0.097620
0.500000	0.500000	-0.271751	-0.043439	0.117620
0.500000	0.500000	-0.263825	-0.038349	0.128044
0.500000	0.500000	-0.238385	-0.031261	0.128044
0.500000	0.500000	-0.220536	-0.026270	0.128044
0.500000	0.500000	-0.217602	-0.025499	0.128044
0.500000	0.500000	-0.233583	-0.031918	0.122493
0.500000	0.500000	-0.230736	-0.031134	0.122493
0.500000	0.500000	-0.220747	-0.028246	0.122493
0.500000	0.500000	-0.209427	-0.027093	0.115341
0.500000	0.500000	-0.195608	-0.025377	0.107467
0.500000	0.500000	-0.188190	-0.025701	0.098885
0.500000	0.500000	-0.195462	-0.027781	0.098885
0.500000	0.500000	-0.201079	-0.029292	0.098885
0.500000	0.500000	-0.212402	-0.030839	0.104307
0.500000	0.500000	-0.241287	-0.039371	0.104307
0.500000	0.500000	-0.243837	-0.040084	0.104307
0.500000	0.500000	-0.244633	-0.040323	0.104307
0.500000	0.500000	-0.237607	-0.038212	0.104307
0.500000	0.500000	-0.236885	-0.037710	0.105156
0.500000	0.500000	-0.238502	-0.036472	0.110650
0.500000	0.500000	-0.239536	-0.034252	0.118785
0.500000	0.500000	-0.240572	-0.033785	0.121270
0.500000	0.500000	-0.241949	-0.033571	0.123259
0.500000	0.500000	-0.260425	-0.039185	0.123259
0.500000	0.500000	-0.263644	-0.040098	0.123259
0.500000	0.500000	-0.265834	-0.040685	0.123259
0.500000	0.500000	-0.266801	-0.040973	0.123259
0.500000	0.500000	-0.264451	-0.040329	0.123259
0.500000	0.500000	-0.261449	-0.039497	0.123259
0.500000	0.500000	-0.254425	-0.037469	0.123259
0.500000	0.500000	-0.247677	-0.035538	0.123259
0.500000	0.500000	-0.233527	-0.030887	0.124107
0.500000	0.500000	-0.242718	-0.034086	0.124107
0.500000	0.500000	-0.240760	-0.033476	0.124107
0.500000	0.500000	-0.238860	-0.032928	0.124107
0.500000	0.500000	-0.235954	-0.032128	0.124107
0.500000	0.500000	-0.229247	-0.030202	0.124107
0.500000	0.500000	-0.218948	-0.027168	0.124107
0.500000	0.500000	-0.203833	-0.024898	0.116944
0.500000	0.500000	-0.183423	-0.022674	0.104278
0.500000	0.500000	-0.168756	-0.022089	0.092124
0.500000	0.500000	-0.153948	-0.021334	0.079690
0.500000	0.500000	-0.162093	-0.024023	0.079689
0.500000	0.500000	-0.161566	-0.025491	0.074241
0.500000	0.500000	-0.165177	-0.026576	0.074241
0.500000	0.500000	-0.165760	-0.026686	0.074241
0.500000	0.500000	-0.159410	-0.024866	0.074241
0.500000	0.500000	-0.150670	-0.022325	0.074241
0.500000	0.500000	-0.128865	-0.019815	0.061234
0.500000	0.500000	-0.106985	-0.017692	0.046776
0.500000	0.500000	-0.091258	-0.016540	0.034862
0.500000	0.500000	-0.083554	-0.015536	0.030500
0.500000	0.500000	-0.078675	-0.015462	0.026710
0.500000	0.500000	-0.068647	-0.015689	0.015971
0.500000	0.500000	-0.068250	-0.015561	0.015971
0.500000	0.500000	-0.063862	-0.014243	0.015971
0.500000	0.500000	-0.051652	-0.011850	0.011871
0.500000	0.500000	-0.036728	-0.009096	0.006213
0.500000	0.500000	-0.023403	-0.006210	0.002610
0.500000	0.500000	-0.015342	-0.004358	0.000771
0.500000	0.500000	-0.009142	-0.002790	-0.000162
0.500000	0.500000	-0.003301	-0.001074	-0.000279
0.500000	0.500000	0.002191	0.000720	0.000204
0.500000	0.500000	0.006736	0.002128	0.000325
0.500000	0.500000	0.014293	0.004198	-0.000409
0.500000	0.500000	0.020803	0.005640	-0.001941
0.500000	0.500000	0.032244	0.008267	-0.004628
0.500000	0.500000	0.040911	0.010263	-0.006644
0.500000	0.500000	0.041299	0.009809	-0.008208
0.500000	0.500000	0.046828	0.010951	-0.009874
0.500000	0.500000	0.051979	0.012107	-0.011164
0.500000	0.500000	0.056424	0.013112	-0.012248
0.500000	0.500000	0.069724	0.016679	-0.014148
0.500000	0.500000	0.074247	0.017529	-0.015847
0.500000	0.500000	0.083802	0.019098	-0.020058
0.500000	0.500000	0.093123	0.020698	-0.023976
0.500000	0.500000	0.100439	0.021872	-0.027325
0.500000	0.500000	0.106386	0.022976	-0.029621
0.500000	0.500000	0.108935	0.023340	-0.030900
0.500000	0.500000	0.108546	0.023072	-0.031291
0.500000	0.500000	0.107358	0.022681	-0.031303
0.500000	0.500000	0.104859	0.021880	-0.031303
0.500000	0.500000	0.112522	0.024392	-0.031303
0.500000	0.500000	0.117155	0.025231	-0.032951
0.500000	0.500000	0.129056	0.027106	-0.038371
0.500000	0.500000	0.139663	0.028622	-0.043608
0.500000	0.500000	0.142234	0.028782	-0.045471
0.500000	0.500000	0.142572	0.028829	-0.045640
0.500000	0.500000	0.142601	0.028867	-0.045640
0.500000	0.500000	0.142217	0.028754	-0.045640
0.500000	0.500000	0.140210	0.028140	-0.045640
0.500000	0.500000	0.139259	0.027855	-0.045640
0.500000	0.500000	0.169790	0.036237	-0.048627
0.500000	0.500000	0.182799	0.038551	-0.053443
0.500000	0.500000	0.191720	0.040017	-0.057048
0.500000	0.500000	0.197536	0.041058	-0.059131
0.500000	0.500000	0.212672	0.044122	-0.063405
0.500000	0.500000	0.226290	0.046179	-0.069219
0.500000	0.500000	0.233488	0.047701	-0.070936
0.500000	0.500000	0.235549	0.048300	-0.070936
0.500000	0.500000	0.246061	0.050300	-0.074036
0.500000	0.500000	0.272349	0.059225	-0.074036
0.500000	0.500000	0.281847	0.060061	-0.074866
0.500000	0.500000	0.287648	0.060768	-0.077563
0.500000	0.500000	0.293694	0.061522	-0.080301
0.500000	0.500000	0.298097	0.061712	-0.083401
0.500000	0.500000	0.298056	0.061030	-0.085498
0.500000	0.500000	0.296321	0.060020	-0.087200
0.500000	0.500000	0.311300	0.062180	-0.093028
0.500000	0.500000	0.332681	0.071442	-0.093028
0.500000	0.500000	0.351165	0.072724	-0.093028
0.500000	0.500000	0.350196	0.072308	-0.093028
0.500000	0.500000	0.346217	0.071222	-0.093028
0.500000	0.500000	0.339235	0.069235	-0.093615
0.500000	0.500000	0.332747	0.067586	-0.093615
0.500000	0.500000	0.323041	0.064882	-0.094240
0.500000	0.500000	0.341342	0.069993	-0.094240
0.500000	0.500000	0.336847	0.068783	-0.094240
0.500000	0.500000	0.333796	0.068019	-0.094240
0.500000	0.500000	0.324323	0.065480	-0.094240
0.500000	0.500000	0.316580	0.063426	-0.094240
0.500000	0.500000	0.313407	0.062633	-0.094240
0.500000	0.500000	0.306245	0.060683	-0.094240
0.500000	0.500000	0.306614	0.060680	-0.094240
0.500000	0.500000	0.328619	0.068335	-0.094240
0.500000	0.500000	0.339419	0.069421	-0.094240
0.500000	0.500000	0.340961	0.069646	-0.094240
0.500000	0.500000	0.345897	0.070878	-0.094240
0.500000	0.500000	0.347860	0.071340	-0.094240
0.500000	0.500000	0.345595	0.070691	-0.094240
0.500000	0.500000	0.348391	0.071171	-0.094794
0.500000	0.500000	0.358352	0.072931	-0.097085
0.500000	0.500000	0.374949	0.080204	-0.097085
0.500000	0.500000	0.390482	0.081049	-0.097085
0.500000	0.500000	0.389501	0.080661	-0.097085
0.500000	0.500000	0.387311	0.079954	-0.097085
0.500000	0.500000	0.386569	0.079685	-0.097085
0.500000	0.500000	0.399186	0.081967	-0.098985
0.500000	0.500000	0.410857	0.084192	-0.099307
0.500000	0.500000	0.420911	0.094921	-0.099307
0.500000	0.500000	0.456466	0.094099	-0.099307
0.500000	0.500000	0.459834	0.095506	-0.099307
0.500000	0.500000	0.464889	0.095474	-0.099307
0.500000	0.500000	0.463744	0.094792	-0.100860
0.500000	0.500000	0.465782	0.095392	-0.100860
0.500000	0.500000	0.468711	0.097888	-0.100860
0.500000	0.500000	0.479148	0.107964	-0.100860
0.500000	0.500000	0.510488	0.104758	-0.100860
0.500000	0.500000	0.510488	0.105230	-0.100860
0.500000	0.500000	0.508888	0.104132	-0.100860
0.500000	0.500000	0.501891	0.102417	-0.100860
0.500000	0.500000	0.500249	0.102043	-0.100860
0.500000	0.500000	0.500158	0.101744	-0.101628
0.500000	0.500000	0.500158	0.106527	-0.101628
0.500000	0.500000	0.503419	0.102788	-0.101628
0.500000	0.500000	0.495338	0.100939	-0.101628
0.500000	0.500000	0.481590	0.096296	-0.107625
0.500000	0.500000	0.473284	0.093498	-0.112111
0.500000	0.500000	0.465832	0.090767	-0.116983
0.500000	0.500000	0.464604	0.088881	-0.123043
0.500000	0.500000	0.468410	0.095371	-0.123043
0.500000	0.500000	0.485432	0.093702	-0.123043
0.500000	0.500000	0.482399	0.093033	-0.123043
0.500000	0.500000	0.477076	0.091928	-0.123043
0.500000	0.500000	0.465930	0.089415	-0.123043
0.500000	0.500000	0.460970	0.088301	-0.123043
0.500000	0.500000	0.459289	0.085453	-0.131790
0.500000	0.500000	0.464739	0.087047	-0.131790
0.500000	0.500000	0.455843	0.083702	-0.135664
0.500000	0.500000	0.453460	0.077431	-0.155664
0.500000	0.500000	0.444051	0.069182	-0.175664
0.500000	0.500000	0.429024	0.059468	-0.195664
0.500000	0.500000	0.411769	0.049481	-0.215664
0.500000	0.500000	0.369824	0.031380	-0.235664
0.500000	0.500000	0.326355	-0.000386	-0.255664
0.420000	0.424980	0.266355	-0.060386	-0.275664
0.369552	0.381953	0.206355	-0.120386	-0.295664
0.312401	0.312396	0.146355	-0.180386	-0.315664
0.232401	0.232396	0.086355	-0.240386	-0.335664
0.167887	0.166035	0.026355	-0.300386	-0.355664
0.103187	0.101162	-0.033645	-0.360386	-0.375664
0.059672	0.059320	-0.033645	-0.360386	-0.375664
0.045755	0.045647	0.026355	-0.300386	-0.355664
0.016877	0.016858	0.086355	-0.240386	-0.335664
-0.024041	-0.024088	0.146355	-0.180386	-0.315664
-0.069970	-0.070059	0.206355	-0.120386	-0.295664
-0.075751	-0.075854	0.266355	-0.060386	-0.275664
-0.119061	-0.119008	0.326355	-0.000386	-0.255664
-0.116315	-0.115296	0.386355	0.059614	-0.235664
-0.070424	-0.069343	0.446355	0.119614	-0.215664
