-11.253850	0.000000	0.000000	0.000000
-11.243968	-0.009152	-0.011368	0.000000
-11.241607	-0.011660	-0.015132	0.004000
-11.241434	-0.011699	-0.015193	0.016000
-11.241333	-0.011692	-0.015205	0.036000
-11.241233	-0.011670	-0.015216	0.064000
-11.240948	-0.011910	-0.015641	0.100000
-11.239844	-0.012806	-0.016843	0.144000
-11.236714	-0.013837	-0.018100	0.189000
-11.229995	-0.015280	-0.020249	0.234000
-11.221969	-0.016739	-0.022484	0.279000
-11.207636	-0.019857	-0.027031	0.324000
-11.186773	-0.019900	-0.027666	0.369000
-11.165431	-0.018599	-0.027091	0.414000
-11.142438	-0.017087	-0.026753	0.459000
-11.114042	-0.013860	-0.025004	0.504000
-11.081717	-0.009159	-0.021898	0.549000
-11.047000	-0.003374	-0.017312	0.594000
-11.016747	0.000257	-0.015028	0.639000
-10.983285	0.006383	-0.009922	0.684000
-10.945075	0.012009	-0.005746	0.729000
-10.900971	0.016200	-0.003980	0.774000
-10.854338	0.020143	-0.002512	0.819000
-10.810620	0.022741	-0.002554	0.864000
-10.777484	0.023936	-0.003323	0.909000
-10.742740	0.024798	-0.004347	0.954000
-10.699393	0.026586	-0.004089	0.999000
-10.668345	0.027864	-0.003561	1.044000
-10.632105	0.029276	-0.002859	1.089000
-10.592611	0.030498	-0.002235	1.134000
-10.553535	0.031604	-0.001410	1.179000
-10.511767	0.032742	-0.000296	1.224000
-10.471059	0.033574	0.000199	1.269000
-10.438956	0.034101	0.000346	1.314000
-10.407863	0.034548	0.000365	1.359000
-10.378436	0.034925	0.000316	1.404000
-10.348470	0.035187	0.000173	1.449000
-10.318156	0.035480	0.000181	1.494000
-10.287663	0.035737	0.000181	1.539000
-10.254622	0.036133	0.000290	1.584000
-10.228774	0.036487	0.000448	1.629000
-10.192902	0.037121	0.000726	1.674000
-10.161125	0.037715	0.000963	1.719000
-10.128706	0.038405	0.001179	1.764000
-10.100305	0.039183	0.001486	1.809000
-10.065403	0.040218	0.002056	1.854000
-10.036535	0.041286	0.002705	1.899000
-10.003348	0.042544	0.003447	1.944000
-9.972397	0.043756	0.004112	1.989000
-9.944783	0.044988	0.004860	2.034000
-9.906955	0.046753	0.006044	2.079000
-9.877128	0.048235	0.006997	2.124000
-9.848411	0.049448	0.007672	2.169000
-9.816581	0.051200	0.008728	2.214000
-9.786851	0.052855	0.009738	2.259000
-9.744915	0.055551	0.011363	2.304000
-9.712550	0.057777	0.012749	2.349000
-9.684418	0.060149	0.014280	2.394000
-9.655418	0.062643	0.016026	2.439000
-9.625776	0.065675	0.018212	2.484000
-9.595748	0.068563	0.020294	2.529000
-9.569275	0.071815	0.022919	2.574000
-9.532116	0.077062	0.027162	2.619000
-9.498282	0.082140	0.030470	2.664000
-9.460667	0.088635	0.034641	2.709000
-9.424760	0.095807	0.039701	2.754000
-9.389137	0.103825	0.045620	2.799000
-9.360806	0.110566	0.050590	2.844000
-9.329705	0.118552	0.056215	2.889000
-9.294042	0.127912	0.062416	2.934000
-9.262075	0.136888	0.068385	2.979000
-9.234214	0.145537	0.074073	3.024000
-9.205674	0.154765	0.080089	3.069000
-9.174624	0.165720	0.087360	3.114000
-9.141384	0.178859	0.096299	3.159000
-9.109529	0.191824	0.105020	3.204000
-9.079856	0.205075	0.113972	3.249000
-9.047164	0.220485	0.124277	3.294000
-9.021224	0.232954	0.132242	3.339000
-8.992258	0.246461	0.139912	3.384000
-8.963576	0.260365	0.147276	3.429000
-8.938084	0.273712	0.154958	3.474000
-8.913552	0.287546	0.163143	3.519000
-8.887608	0.303254	0.172592	3.564000
-8.862198	0.320465	0.183801	3.609000
-8.840284	0.336433	0.194000	3.654000
-8.816416	0.354566	0.205621	3.699000
-8.789994	0.375618	0.219239	3.744000
-8.763144	0.398128	0.233076	3.789000
-8.743422	0.414009	0.241854	3.834000
-8.719729	0.435460	0.254451	3.879000
-8.698336	0.454528	0.264686	3.924000
-8.674274	0.479052	0.279131	3.969000
-8.649166	0.508050	0.298362	4.014000
-8.630569	0.531938	0.314712	4.059000
-8.608927	0.562559	0.337952	4.104000
-8.592640	0.588450	0.358678	4.149000
-8.576667	0.616291	0.381540	4.194000
-8.558360	0.651007	0.411063	4.239000
-8.544264	0.682006	0.438575	4.284000
-8.533459	0.709254	0.463355	4.329000
-8.522752	0.741080	0.493685	4.374000
-8.514946	0.771824	0.524424	4.419000
-8.508628	0.804089	0.557670	4.464000
-8.504263	0.841240	0.597401	4.509000
-8.502489	0.870272	0.628982	4.554000
-8.502017	0.897161	0.658723	4.599000
-8.503706	0.928351	0.694439	4.644000
-8.507353	0.960656	0.732179	4.689000
-8.512689	0.994803	0.772655	4.734000
-8.517923	1.021269	0.804376	4.779000
-8.526854	1.054414	0.846121	4.824000
-8.537185	1.083747	0.884776	4.869000
-8.548827	1.112296	0.923292	4.914000
-8.559992	1.136955	0.957250	4.959000
-8.572663	1.162894	0.992998	5.004000
-8.585808	1.188307	1.028227	5.049000
-8.599078	1.212689	1.061507	5.094000
-8.613177	1.237674	1.095700	5.139000
-8.628280	1.263078	1.130516	5.184000
-8.643278	1.285932	1.163131	5.229000
-8.661192	1.311349	1.200286	5.274000
-8.679680	1.336613	1.236278	5.319000
-8.694470	1.357158	1.264586	5.364000
-8.713322	1.382888	1.299094	5.409000
-8.734716	1.410535	1.336179	5.454000
-8.760458	1.442730	1.378042	5.499000
-8.779305	1.464691	1.407593	5.544000
-8.804663	1.492691	1.445589	5.589000
-8.827713	1.516155	1.479226	5.634000
-8.851170	1.538466	1.511828	5.679000
-8.881202	1.564920	1.552375	5.724000
-8.904578	1.584034	1.582583	5.769000
-8.932218	1.605599	1.617503	5.814000
-8.964862	1.629168	1.657144	5.859000
-8.993630	1.648175	1.690982	5.904000
-9.033462	1.671738	1.735474	5.949000
-9.073190	1.691528	1.778842	5.994000
-9.103077	1.704085	1.811179	6.039000
-9.131989	1.714976	1.841903	6.084000
-9.160120	1.724364	1.871291	6.129000
-9.190740	1.733370	1.902820	6.174000
-9.220724	1.740705	1.933274	6.219000
-9.253197	1.747182	1.966189	6.264000
-9.280181	1.751687	1.993145	6.309000
-9.311502	1.755518	2.024510	6.354000
-9.340186	1.757988	2.052625	6.399000
-9.379267	1.759416	2.090596	6.444000
-9.411245	1.759329	2.121315	6.489000
-9.441100	1.757791	2.150281	6.534000
-9.466966	1.755696	2.174985	6.579000
-9.491696	1.752944	2.198554	6.624000
-9.517740	1.748743	2.224032	6.669000
-9.550502	1.741324	2.257413	6.714000
-9.579541	1.732181	2.289306	6.759000
-9.607710	1.721700	2.321886	6.804000
-9.635306	1.713126	2.351853	6.849000
-9.663173	1.706203	2.379524	6.894000
-9.693607	1.699747	2.407699	6.939000
-9.727904	1.693625	2.438030	6.984000
-9.766949	1.689219	2.468814	7.029000
-9.796339	1.687257	2.489031	7.074000
-9.827108	1.685408	2.509459	7.119000
-9.861488	1.683893	2.531372	7.164000
-9.895211	1.683317	2.551443	7.209000
-9.933513	1.684555	2.571552	7.254000
-9.967378	1.687654	2.586771	7.299000
-9.996509	1.691617	2.598644	7.344000
-10.024328	1.696985	2.607433	7.389000
-10.055763	1.704638	2.615920	7.434000
-10.091170	1.716481	2.621719	7.479000
-10.116356	1.727544	2.623664	7.524000
-10.142335	1.741174	2.623238	7.569000
-10.167898	1.757773	2.620097	7.614000
-10.195917	1.779012	2.615260	7.659000
-10.218420	1.800930	2.607093	7.704000
-10.244065	1.832061	2.592722	7.749000
-10.263957	1.859464	2.580362	7.794000
-10.287276	1.890831	2.567849	7.839000
-10.312734	1.925284	2.556344	7.884000
-10.338072	1.961201	2.545891	7.929000
-10.362250	1.999484	2.535831	7.974000
-10.390370	2.047948	2.524729	8.019000
-10.410019	2.084908	2.516637	8.064000
-10.428115	2.121861	2.508533	8.109000
-10.443240	2.157780	2.498826	8.154000
-10.459295	2.198167	2.487793	8.199000
-10.473644	2.240364	2.473941	8.244000
-10.483907	2.277863	2.459161	8.289000
-10.494987	2.324910	2.438822	8.334000
-10.502797	2.363468	2.420768	8.379000
-10.511761	2.416440	2.394037	8.424000
-10.514875	2.455518	2.370598	8.469000
-10.514528	2.497506	2.341618	8.514000
-10.511267	2.543376	2.307106	8.559000
-10.506319	2.582648	2.275879	8.604000
-10.500693	2.617323	2.247792	8.649000
-10.493680	2.652501	2.218722	8.694000
-10.485428	2.688087	2.188752	8.739000
-10.475530	2.725753	2.157008	8.784000
-10.466843	2.755634	2.131887	8.829000
-10.454194	2.795857	2.098298	8.874000
-10.443969	2.829361	2.071907	8.919000
-10.429736	2.876722	2.036928	8.964000
-10.415476	2.920172	2.005615	9.009000
-10.404024	2.953113	1.982484	9.054000
-10.387365	2.993023	1.952794	9.099000
-10.366495	3.032887	1.919626	9.144000
-10.340311	3.072709	1.881696	9.189000
-10.319233	3.102368	1.852715	9.234000
-10.292513	3.137966	1.817548	9.279000
-10.267192	3.170532	1.785676	9.324000
-10.240353	3.203747	1.753336	9.369000
-10.211682	3.238142	1.720447	9.414000
-10.183810	3.270559	1.689989	9.459000
-10.157607	3.300277	1.662666	9.504000
-10.125969	3.334731	1.631310	9.549000
-10.092778	3.368974	1.600082	9.594000
-10.060047	3.400252	1.570565	9.639000
-10.016373	3.438107	1.532597	9.684000
-9.982489	3.464874	1.504042	9.729000
-9.942588	3.493724	1.471197	9.774000
-9.906648	3.517860	1.442511	9.819000
-9.868744	3.541042	1.412752	9.864000
-9.830702	3.562568	1.383659	9.909000
-9.789654	3.583630	1.352719	9.954000
-9.755500	3.599214	1.327065	9.999000
-9.707917	3.618406	1.291567	10.044000
-9.668408	3.632657	1.262624	10.089000
-9.628650	3.645256	1.233642	10.134000
-9.580854	3.659049	1.199751	10.179000
-9.546639	3.668067	1.175972	10.224000
-9.511604	3.676690	1.152194	10.269000
-9.471549	3.685857	1.125621	10.314000
-9.442512	3.691958	1.106577	10.359000
-9.403423	3.699377	1.081150	10.404000
-9.370832	3.704836	1.060101	10.449000
-9.343077	3.709050	1.042268	10.494000
-9.313337	3.712540	1.022704	10.539000
-9.285366	3.713803	1.002814	10.584000
-9.255837	3.713956	0.981035	10.629000
-9.220618	3.713164	0.954690	10.674000
-9.178968	3.711712	0.923751	10.719000
-9.148176	3.710474	0.901217	10.764000
-9.117261	3.710292	0.880288	10.809000
-9.078930	3.711899	0.856779	10.854000
-9.045512	3.714938	0.838570	10.899000
-9.006791	3.720238	0.819786	10.944000
-8.971539	3.729070	0.807361	10.989000
-8.939710	3.738699	0.797896	11.034000
-8.908926	3.748798	0.789530	11.079000
-8.882469	3.758394	0.782992	11.124000
-8.855080	3.769445	0.777173	11.169000
-8.825007	3.782342	0.770617	11.214000
-8.799571	3.793752	0.765441	11.259000
-8.772440	3.807385	0.761037	11.304000
-8.739329	3.823960	0.755017	11.349000
-8.707280	3.840992	0.749949	11.394000
-8.677845	3.857217	0.745333	11.439000
-8.648505	3.872710	0.739749	11.484000
-8.619662	3.887341	0.733457	11.529000
-8.586460	3.903409	0.725598	11.574000
-8.555773	3.917149	0.717323	11.619000
-8.527153	3.929074	0.708797	11.664000
-8.496691	3.941375	0.699879	11.709000
-8.463240	3.954036	0.689557	11.754000
-8.433058	3.964334	0.679763	11.799000
-8.396782	3.976055	0.668001	11.844000
-8.364179	3.985942	0.657425	11.889000
-8.327529	3.997012	0.646702	11.934000
-8.296716	4.006197	0.638508	11.979000
-8.265014	4.016491	0.631920	12.024000
-8.235448	4.026261	0.626252	12.069000
-8.201460	4.036860	0.620048	12.114000
-8.163583	4.049263	0.615143	12.159000
-8.134383	4.058184	0.610975	12.204000
-8.103803	4.066403	0.605566	12.249000
-8.068323	4.076018	0.600175	12.294000
-8.023099	4.087061	0.593759	12.339000
-7.979798	4.092516	0.583004	12.384000
-7.941048	4.095333	0.573037	12.429000
-7.905024	4.096234	0.562558	12.474000
-7.868953	4.095558	0.551144	12.519000
-7.834624	4.094242	0.540267	12.564000
-7.801556	4.091087	0.528348	12.609000
-7.766685	4.085022	0.513250	12.654000
-7.737918	4.079723	0.501076	12.699000
-7.709317	4.073758	0.488451	12.744000
-7.680682	4.066294	0.474468	12.789000
-7.650720	4.056740	0.457919	12.834000
-7.619773	4.044387	0.438107	12.879000
-7.588981	4.030970	0.417359	12.924000
-7.559719	4.016351	0.395688	12.969000
-7.528848	3.998890	0.370851	13.014000
-7.505233	3.985494	0.352156	13.059000
-7.469164	3.962678	0.321500	13.104000
-7.438866	3.942357	0.295196	13.149000
-7.410692	3.921764	0.269384	13.194000
-7.375622	3.894150	0.236023	13.239000
-7.343460	3.869007	0.206985	13.284000
-7.303591	3.837026	0.172014	13.329000
-7.276711	3.815046	0.149309	13.374000
-7.251853	3.793824	0.128209	13.419000
-7.218200	3.764092	0.100133	13.464000
-7.188163	3.735985	0.074871	13.509000
-7.155548	3.702526	0.045871	13.554000
-7.123687	3.666912	0.016058	13.599000
-7.098466	3.636668	-0.008389	13.644000
-7.073935	3.604622	-0.033891	13.689000
-7.048314	3.568166	-0.062517	13.734000
-7.028316	3.537443	-0.086197	13.779000
-7.007426	3.503130	-0.112494	13.824000
-6.990241	3.472041	-0.136389	13.869000
-6.972853	3.436941	-0.163551	13.914000
-6.960659	3.407930	-0.186847	13.959000
-6.949619	3.379284	-0.209868	14.004000
-6.937141	3.345978	-0.236493	14.049000
-6.924092	3.312972	-0.261733	14.094000
-6.911027	3.283046	-0.283304	14.139000
-6.895339	3.251859	-0.303927	14.184000
-6.880323	3.226068	-0.319265	14.229000
-6.860981	3.197835	-0.333632	14.274000
-6.839045	3.171747	-0.343749	14.319000
-6.820604	3.152828	-0.349385	14.364000
-6.793066	3.128152	-0.354539	14.409000
-6.767552	3.107416	-0.357674	14.454000
-6.738439	3.087513	-0.358524	14.499000
-6.709483	3.069585	-0.358364	14.544000
-6.680526	3.052677	-0.358372	14.589000
-6.655403	3.039294	-0.358008	14.634000
-6.623796	3.024748	-0.356571	14.679000
-6.598266	3.014527	-0.354580	14.724000
-6.567610	3.004363	-0.351004	14.769000
-6.542317	2.996483	-0.348110	14.814000
-6.504526	2.985675	-0.343988	14.859000
-6.475479	2.977819	-0.341221	14.904000
-6.442471	2.969115	-0.338822	14.949000
-6.414764	2.962114	-0.337363	14.994000
-6.378846	2.953253	-0.335781	15.039000
-6.351663	2.946533	-0.334688	15.084000
-6.325179	2.940225	-0.333396	15.129000
-6.292571	2.932350	-0.332097	15.174000
-6.263485	2.925417	-0.330997	15.219000
-6.235587	2.918606	-0.330509	15.264000
-6.202567	2.910337	-0.330000	15.309000
-6.172144	2.902843	-0.329562	15.354000
-6.141358	2.894688	-0.329699	15.399000
-6.112514	2.887170	-0.329494	15.444000
-6.075100	2.876940	-0.329775	15.489000
-6.044935	2.868312	-0.330226	15.534000
-6.007606	2.857206	-0.331081	15.579000
-5.972476	2.846498	-0.331917	15.624000
-5.939607	2.837239	-0.331438	15.669000
-5.905289	2.827558	-0.330902	15.714000
-5.878824	2.819604	-0.330829	15.759000
-5.836356	2.807367	-0.329853	15.804000
-5.806515	2.798701	-0.328819	15.849000
-5.779337	2.790776	-0.328011	15.894000
-5.748217	2.781069	-0.327630	15.939000
-5.717017	2.771643	-0.326951	15.984000
-5.683430	2.761130	-0.326415	16.029000
-5.649965	2.750261	-0.326185	16.074000
-5.617070	2.739171	-0.326271	16.119000
-5.588303	2.729024	-0.326938	16.164000
-5.560299	2.718244	-0.328406	16.209000
-5.526337	2.704717	-0.330782	16.254000
-5.495365	2.692248	-0.333029	16.299000
-5.459753	2.677602	-0.335375	16.344000
-5.423588	2.662641	-0.337002	16.389000
-5.393014	2.649875	-0.338403	16.434000
-5.355106	2.633553	-0.340502	16.479000
-5.323437	2.619547	-0.342607	16.524000
-5.293080	2.605635	-0.344901	16.569000
-5.259633	2.589764	-0.347922	16.614000
-5.231373	2.576057	-0.350638	16.659000
-5.205311	2.562938	-0.353366	16.704000
-5.176947	2.548440	-0.356251	16.749000
-5.150376	2.534552	-0.358497	16.794000
-5.119366	2.517585	-0.361787	16.839000
-5.093794	2.502764	-0.365146	16.884000
-5.059010	2.482592	-0.369522	16.929000
-5.031289	2.466461	-0.372726	16.974000
-5.002698	2.449515	-0.376105	17.019000
-4.971646	2.430726	-0.379754	17.064000
-4.946140	2.414101	-0.383930	17.109000
-4.915787	2.394339	-0.388791	17.154000
-4.892176	2.379034	-0.392341	17.199000
-4.863810	2.360525	-0.396245	17.244000
-4.832752	2.339010	-0.401330	17.289000
-4.804145	2.319527	-0.405627	17.334000
-4.773236	2.298874	-0.409585	17.379000
-4.749355	2.282959	-0.412360	17.424000
-4.719167	2.262337	-0.416043	17.469000
-4.691008	2.243221	-0.419241	17.514000
-4.666073	2.226880	-0.421374	17.559000
-4.639822	2.209353	-0.424001	17.604000
-4.613807	2.192358	-0.426193	17.649000
-4.587683	2.175727	-0.427895	17.694000
-4.560917	2.158917	-0.429108	17.739000
-4.534738	2.142084	-0.430822	17.784000
-4.506594	2.124586	-0.432227	17.829000
-4.478579	2.107766	-0.433048	17.874000
-4.451284	2.090991	-0.434354	17.919000
-4.421642	2.073116	-0.435542	17.964000
-4.391375	2.055194	-0.436604	18.009000
-4.367776	2.041284	-0.437461	18.054000
-4.343492	2.026691	-0.438787	18.099000
-4.314493	2.009838	-0.439649	18.144000
-4.289238	1.996014	-0.439539	18.189000
-4.264280	1.982521	-0.439249	18.234000
-4.237788	1.968484	-0.438909	18.279000
-4.209270	1.954312	-0.437682	18.324000
-4.184307	1.942573	-0.436179	18.369000
-4.157167	1.929645	-0.434843	18.414000
-4.133269	1.918154	-0.434041	18.459000
-4.110684	1.907351	-0.433336	18.504000
-4.085446	1.895681	-0.432492	18.549000
-4.054541	1.881750	-0.431430	18.594000
-4.026651	1.869633	-0.430224	18.639000
-4.001288	1.858861	-0.429178	18.684000
-3.975149	1.847920	-0.428004	18.729000
-3.944628	1.835801	-0.426380	18.774000
-3.915401	1.824446	-0.424710	18.819000
-3.884579	1.812788	-0.422956	18.864000
-3.856138	1.802224	-0.421534	18.909000
-3.825048	1.791001	-0.419844	18.954000
-3.789234	1.778779	-0.417442	18.999000
-3.763182	1.770418	-0.415256	19.044000
-3.730811	1.760432	-0.412098	19.089000
-3.695016	1.750408	-0.407632	19.134000
-3.666224	1.742556	-0.404062	19.179000
-3.634408	1.734089	-0.399885	19.224000
-3.604990	1.726807	-0.395861	19.269000
-3.573266	1.719506	-0.391336	19.314000
-3.536817	1.711917	-0.385463	19.359000
-3.505042	1.705681	-0.380275	19.404000
-3.476212	1.700642	-0.375190	19.449000
-3.448138	1.696486	-0.369572	19.494000
-3.416372	1.691966	-0.363696	19.539000
-3.389229	1.688710	-0.358445	19.584000
-3.357920	1.684829	-0.352594	19.629000
-3.320141	1.681058	-0.344935	19.674000
-3.285144	1.677997	-0.337831	19.719000
-3.253100	1.675864	-0.330714	19.764000
-3.220913	1.674496	-0.322970	19.809000
-3.191482	1.673723	-0.315510	19.854000
-3.154950	1.673007	-0.306346	19.899000
-3.124798	1.672748	-0.298834	19.944000
-3.095317	1.672349	-0.292005	19.984746
-3.060497	1.672163	-0.284073	20.021418
-3.030924	1.672415	-0.276918	20.050089
-2.999272	1.672547	-0.269699	20.070761
-2.969767	1.672715	-0.263103	20.084200
-2.936486	1.673001	-0.255824	20.095296
-2.901075	1.673542	-0.248366	20.104852
-2.869516	1.674035	-0.241854	20.113086
-2.833075	1.674535	-0.234653	20.120194
-2.795117	1.674743	-0.227930	20.126429
-2.764701	1.675260	-0.222260	20.131905
-2.731420	1.675724	-0.216292	20.136715
-2.701501	1.676316	-0.210855	20.140939
-2.667110	1.676560	-0.205229	20.144650
-2.637618	1.677221	-0.200193	20.147911
-2.605509	1.677607	-0.195343	20.150774
-2.573470	1.678177	-0.190191	20.153289
-2.545539	1.678544	-0.185971	20.155498
-2.510459	1.678868	-0.181029	20.157437
-2.471995	1.679537	-0.175285	20.159142
-2.433003	1.680014	-0.169796	20.160639
-2.400516	1.680129	-0.165706	20.161954
-2.372119	1.680125	-0.162250	20.163110
-2.333230	1.680349	-0.157548	20.164124
-2.301735	1.680637	-0.153711	20.165015
-2.262368	1.680522	-0.149655	20.165798
-2.228387	1.680063	-0.146760	20.166485
-2.197617	1.679557	-0.144298	20.167088
-2.162972	1.679198	-0.141090	20.167618
-2.127156	1.679152	-0.137323	20.168083
-2.093732	1.678855	-0.134215	20.168491
-2.058652	1.678207	-0.131356	20.168849
-2.026781	1.677652	-0.128916	20.169162
-1.995996	1.676578	-0.127310	20.169438
-1.962006	1.675803	-0.124962	20.169679
-1.930088	1.675225	-0.122653	20.169881
-1.896549	1.674075	-0.120785	20.170059
-1.865343	1.673128	-0.118927	20.170215
-1.828183	1.671765	-0.117172	20.170353
-1.794583	1.670287	-0.115867	20.170480
-1.759517	1.668888	-0.114430	20.170586
-1.730429	1.667466	-0.113524	20.170680
-1.695238	1.666329	-0.111660	20.170763
-1.659525	1.665634	-0.109173	20.170836
-1.624368	1.664906	-0.106987	20.170900
-1.588180	1.663829	-0.105195	20.170956
-1.552505	1.662644	-0.103583	20.171007
-1.516334	1.661449	-0.102006	20.171052
-1.480750	1.660226	-0.100556	20.171092
-1.443116	1.658693	-0.099341	20.171116
-1.411663	1.657096	-0.098746	20.171139
-1.366175	1.654842	-0.097752	20.171160
-1.331700	1.653654	-0.096390	20.171185
-1.301096	1.652694	-0.094943	20.171203
-1.270257	1.651648	-0.093890	20.171220
-1.235711	1.650667	-0.092715	20.171235
-1.201344	1.649461	-0.091755	20.171253
-1.173150	1.648233	-0.091138	20.171266
-1.140358	1.646971	-0.090330	20.171281
-1.106299	1.645585	-0.089459	20.171294
-1.070579	1.644104	-0.088508	20.171304
-1.041251	1.643041	-0.087622	20.171314
-1.012403	1.641617	-0.087112	20.171324
-0.979317	1.640275	-0.086300	20.171332
-0.948918	1.638767	-0.085848	20.171341
-0.910592	1.636944	-0.085238	20.171348
-0.873898	1.635086	-0.084730	20.171356
-0.842558	1.633878	-0.083932	20.171362
-0.807375	1.632721	-0.082632	20.171368
-0.774346	1.631900	-0.080995	20.171374
-0.740229	1.631463	-0.078878	20.171380
-0.707544	1.630979	-0.076966	20.171385
-0.677690	1.630264	-0.075467	20.171389
-0.640826	1.629547	-0.073582	20.171394
-0.609633	1.628860	-0.072180	20.171398
-0.581964	1.628114	-0.071082	20.171402
-0.547837	1.627196	-0.069846	20.171405
-0.515690	1.626433	-0.068788	20.171409
-0.485751	1.625667	-0.068042	20.171412
-0.441939	1.624575	-0.066713	20.171415
-0.403581	1.623527	-0.065576	20.171417
-0.370003	1.622420	-0.064831	20.171420
-0.333248	1.620459	-0.065121	20.171422
-0.292271	1.618140	-0.065685	20.171425
-0.253919	1.615616	-0.067028	20.171427
-0.222074	1.613615	-0.068610	20.171429
-0.191500	1.611277	-0.071090	20.171431
-0.159670	1.608790	-0.074528	20.171432
-0.128944	1.607767	-0.077883	20.171434
-0.102237	1.607303	-0.081926	20.171436
-0.076824	1.607604	-0.085814	20.171437
-0.054290	1.607660	-0.089098	20.171438
-0.033338	1.607893	-0.091586	20.171440
