0.000000
0.648196
0.133946
0.104015
0.074617
0.099558
0.089190
0.122224
0.137135
0.118012
0.178792
0.173554
0.145403
0.111176
0.111963
0.110962
0.104434
0.109905
0.086019
0.107519
0.099431
0.096340
0.096695
0.097181
0.106632
0.098006
0.098513
0.098606
0.156752
0.169511
0.092769
0.103802
0.165186
0.110131
0.103064
0.125986
0.117157
0.114865
0.167984
0.139502
0.130226
0.109343
0.102860
0.175046
0.200904
0.125741
0.111818
0.115957
0.097476
0.102317
0.098637
0.123497
0.117548
0.114173
0.115036
0.085043
0.091989
0.107939
0.099119
0.107371
0.107843
0.109566
0.110687
0.121505
0.119032
0.117614
0.128096
0.136297
0.139394
0.152275
0.149999
0.150974
0.154688
0.142590
0.147476
0.159865
0.134487
0.132126
0.131861
0.161719
0.157580
0.138631
0.127795
0.156110
0.157205
0.148536
0.133281
0.123781
0.131573
0.119583
0.111172
0.115730
0.115182
0.118901
0.119368
0.128309
0.119497
0.137148
0.127838
0.111337
0.117061
0.134083
0.123862
0.138123
0.123131
0.152799
0.145946
0.125213
0.118921
0.126639
0.119916
0.119460
0.115727
0.116286
0.126308
0.118735
0.134277
0.106643
0.114488
0.120171
0.121418
0.134667
0.136505
0.145130
0.134701
0.147758
0.168609
0.161160
0.150553
0.170246
0.153349
0.141215
0.163944
0.190048
0.149303
0.136542
0.163361
0.165429
0.172616
0.164924
0.181532
0.159890
0.161942
0.157647
0.150470
0.175478
0.190473
0.161752
0.172060
0.160413
0.160278
0.160013
0.142021
0.122311
0.117966
0.128579
0.120271
0.123012
0.116445
0.125011
0.110906
0.119920
0.116621
0.126420
0.130339
0.135629
0.137719
0.157979
0.147701
0.126728
0.141230
0.141043
0.150908
0.141181
0.159436
0.143160
0.112008
0.130197
0.137066
0.141385
0.110964
0.118556
0.119478
0.135512
0.126293
0.129302
0.114045
0.127270
0.117662
0.123692
0.126606
0.120166
0.116687
0.126704
0.113316
0.113954
0.114160
0.119822
0.109905
0.128320
0.145792
0.115737
0.135458
0.134740
0.151384
0.166517
0.177713
0.163912
0.144211
0.138950
0.140363
0.134368
0.137699
0.120860
0.110887
0.115713
0.117155
0.134949
0.127213
0.138315
0.126833
0.119874
0.102957
0.126896
0.110572
0.129601
0.131473
0.118361
0.115425
0.108779
0.129078
0.118938
0.120581
0.115109
0.110772
0.105315
0.112306
0.118694
0.128100
0.124724
0.121051
0.105598
0.122078
0.110321
0.112039
0.135397
0.135187
0.112710
0.121339
0.126726
0.108439
0.165303
0.126260
0.120334
0.118686
0.124536
0.113395
0.131450
0.126039
0.136001
0.138913
0.127907
0.132325
0.140031
0.138877
0.133251
0.128207
0.138053
0.132270
0.124133
0.133001
0.135200
0.125148
0.129953
0.129641
0.128649
0.119877
0.109990
0.119122
0.103202
0.119947
0.112423
0.113496
0.114507
0.106634
0.115936
0.114091
0.094827
0.122337
0.126539
0.110079
0.100906
0.115483
0.105144
0.118573
0.102552
0.126848
0.116865
0.108870
0.116288
0.109828
0.140441
0.126986
0.124829
0.130330
0.129137
0.127646
0.117492
0.113087
0.127551
0.141706
0.129136
0.126669
0.133341
0.138090
0.128300
0.110129
0.116920
0.191952
0.226921
0.113356
0.122777
0.119380
0.124546
0.138244
0.108262
0.108101
0.100453
0.114954
0.099814
0.103936
0.123609
0.130259
0.113795
0.097814
0.098299
0.110156
0.090738
0.090489
0.086240
0.091312
0.092342
0.093347
0.000269
