0.000000	0.000000	0.000000	0.000000	0.000000	0.000000	0.000000	0.000000	0.000000	0.000000
0.014730	0.014395	0.014738	0.014404	-0.030340	-0.029652	-0.030340	-0.029652	-0.025000	0.040000
0.059796	0.055873	0.058430	0.054611	-0.092924	-0.086870	-0.092949	-0.086845	-0.075000	0.120000
0.144036	0.129065	0.135947	0.121963	-0.157603	-0.141515	-0.157776	-0.141332	-0.125000	0.200000
0.185725	0.160422	0.168253	0.145784	-0.223675	-0.194168	-0.224253	-0.193550	-0.175000	0.280000
0.234834	0.196967	0.202715	0.171099	-0.290350	-0.245737	-0.291667	-0.244329	-0.225000	0.360000
0.272293	0.241996	0.236042	0.211728	-0.311945	-0.279540	-0.347731	-0.310233	-0.196050	0.440000
0.303743	0.294977	0.283877	0.276431	-0.239920	-0.233379	-0.334503	-0.325376	-0.146050	0.520000
0.337872	0.356160	0.331914	0.348142	-0.181305	-0.172326	-0.325901	-0.310176	-0.097420	0.600000
0.378315	0.417005	0.383016	0.419368	-0.122563	-0.111375	-0.275968	-0.251499	-0.047420	0.650000
0.426440	0.490553	0.439668	0.502767	-0.060944	-0.053005	-0.217965	-0.190249	0.002580	0.650000
0.476417	0.572769	0.490348	0.587441	0.003637	0.003025	-0.157454	-0.131264	0.052580	0.650000
0.527034	0.669109	0.542496	0.688598	0.071826	0.056589	-0.107711	-0.084795	0.102580	0.650000
0.569126	0.779965	0.579950	0.796649	0.145937	0.106788	-0.112676	-0.081948	0.129200	0.650000
0.586487	0.773040	0.602559	0.797456	0.183591	0.139969	-0.040538	-0.030627	0.111802	0.650000
0.597550	0.756735	0.616587	0.783420	0.218186	0.173376	0.028505	0.022433	0.093221	0.650000
0.614049	0.735228	0.636932	0.763112	0.246469	0.207098	0.093560	0.078052	0.057218	0.650000
0.629296	0.716263	0.655217	0.744835	0.265364	0.234276	0.141834	0.124671	0.022603	0.650000
0.631271	0.718060	0.655153	0.744878	0.259044	0.228654	0.111283	0.097833	-0.002476	0.650000
0.636799	0.717979	0.658046	0.741965	0.197188	0.175306	0.071556	0.063451	0.010941	0.650000
0.647204	0.713167	0.666028	0.733975	0.138999	0.126275	0.045636	0.041408	0.016387	0.650000
0.652984	0.710216	0.670586	0.729415	0.100864	0.092789	0.036183	0.033264	0.029536	0.650000
0.655740	0.708723	0.672798	0.727203	0.092575	0.085693	0.032902	0.030440	0.027250	0.650000
0.656987	0.708042	0.673800	0.726201	0.088648	0.082289	0.031544	0.029268	0.026520	0.650000
0.658267	0.707314	0.674842	0.725159	0.084809	0.078956	0.030422	0.028311	0.025812	0.650000
0.660427	0.706206	0.676538	0.723463	0.077943	0.072912	0.027808	0.026004	0.024510	0.650000
0.663020	0.704874	0.678571	0.721429	0.070093	0.065945	0.024913	0.023433	0.022839	0.650000
0.664625	0.704007	0.679849	0.720152	0.065634	0.061974	0.023528	0.022211	0.021765	0.650000
0.667433	0.702648	0.682001	0.717999	0.057505	0.054629	0.020231	0.019217	0.019643	0.650000
0.669472	0.701527	0.683628	0.716372	0.052305	0.049920	0.018877	0.018014	0.018250	0.650000
0.671408	0.700539	0.685133	0.714867	0.047241	0.045280	0.017200	0.016485	0.016813	0.650000
0.673481	0.699517	0.686723	0.713277	0.041878	0.040321	0.015294	0.014724	0.015188	0.650000
0.675321	0.698730	0.688072	0.711928	0.036903	0.035668	0.012926	0.012493	0.013503	0.650000
0.674533	0.699196	0.687430	0.712570	0.038674	0.037312	0.013100	0.012638	0.013952	0.650000
0.674262	0.699414	0.687180	0.712820	0.039136	0.037731	0.012788	0.012328	0.013979	0.650000
0.673778	0.699716	0.686777	0.713223	0.040210	0.038721	0.012804	0.012329	0.014207	0.650000
0.673596	0.699739	0.686671	0.713329	0.040881	0.039356	0.013390	0.012889	0.014459	0.650000
0.672251	0.700295	0.685694	0.714306	0.044742	0.042953	0.015301	0.014688	0.015627	0.650000
0.667866	0.702651	0.682226	0.717774	0.056462	0.053673	0.018337	0.017429	0.018093	0.650000
0.664185	0.704664	0.679289	0.720712	0.067274	0.063421	0.021064	0.019853	0.019534	0.650000
0.660925	0.706461	0.676673	0.723327	0.077852	0.072854	0.023731	0.022200	0.020176	0.650000
0.658801	0.707477	0.675043	0.724958	0.085562	0.079702	0.026725	0.024885	0.020815	0.650000
0.657473	0.708036	0.674060	0.725940	0.090673	0.084231	0.029223	0.027134	0.021432	0.650000
0.653731	0.710120	0.671032	0.728969	0.105511	0.097187	0.033087	0.030457	0.020525	0.650000
0.645416	0.714955	0.664167	0.735836	0.126927	0.114700	0.042059	0.037961	0.030851	0.650000
0.641866	0.717104	0.661184	0.738820	0.150769	0.135140	0.046317	0.041447	0.021572	0.650000
0.639040	0.718684	0.658868	0.741138	0.172997	0.154101	0.051336	0.045633	0.012327	0.650000
0.635296	0.721040	0.655657	0.744351	0.193549	0.170924	0.056493	0.049756	0.007839	0.650000
0.630862	0.723921	0.651799	0.748212	0.216059	0.188848	0.062868	0.054758	0.004788	0.650000
0.627093	0.726590	0.648383	0.751632	0.244098	0.211463	0.067923	0.058581	-0.006815	0.650000
0.623732	0.729236	0.645156	0.754863	0.277836	0.238729	0.071806	0.061357	-0.026532	0.650000
0.614696	0.735818	0.636853	0.763182	0.319773	0.268993	0.087315	0.072835	-0.025470	0.650000
0.608482	0.741010	0.630695	0.769355	0.363407	0.301135	0.097479	0.079873	-0.040178	0.650000
0.602413	0.746427	0.624426	0.775643	0.408794	0.333770	0.108457	0.087262	-0.056911	0.650000
0.596763	0.752163	0.618062	0.782024	0.456649	0.367479	0.116727	0.092195	-0.080838	0.650000
0.589308	0.759656	0.609731	0.790392	0.509168	0.402253	0.132325	0.101999	-0.097527	0.650000
0.582272	0.768013	0.600725	0.799420	0.569424	0.441392	0.142942	0.107333	-0.130654	0.650000
0.573515	0.779041	0.588847	0.811323	0.639084	0.483588	0.156851	0.113770	-0.167298	0.650000
0.558604	0.797901	0.568876	0.831378	0.724448	0.527266	0.185147	0.126617	-0.185717	0.650000
0.545611	0.817195	0.547834	0.852370	0.815012	0.570725	0.199091	0.128002	-0.235532	0.650000
0.530098	0.840985	0.521399	0.878723	0.914262	0.611671	0.223133	0.132595	-0.280764	0.650000
0.511357	0.870908	0.487614	0.912398	1.026253	0.649628	0.256256	0.137333	-0.324041	0.650000
0.489446	0.907339	0.446178	0.954054	1.156315	0.684193	0.293690	0.137692	-0.374041	0.650000
0.458749	0.959886	0.390563	1.011190	1.306926	0.709698	0.354923	0.136818	-0.375000	0.650000
0.466669	0.947475	0.400468	1.000106	1.281556	0.715551	0.418561	0.168212	-0.375000	0.650000
0.472313	0.938632	0.408488	0.991657	1.264209	0.719783	0.460015	0.190742	-0.375000	0.650000
0.479546	0.928419	0.419690	0.980560	1.237985	0.727880	0.546884	0.236376	-0.343946	0.650000
0.487115	0.918452	0.435313	0.966866	1.211347	0.736804	0.625268	0.283445	-0.293946	0.650000
0.498141	0.902845	0.461212	0.944241	1.179181	0.747364	0.685872	0.334157	-0.243946	0.650000
0.512288	0.881833	0.495339	0.913340	1.143090	0.759707	0.730315	0.389698	-0.193946	0.650000
0.516478	0.877189	0.499805	0.890368	1.132666	0.763821	0.730346	0.399272	-0.143946	0.650000
0.520103	0.873472	0.490850	0.849673	1.124455	0.767078	0.720524	0.401392	-0.093946	0.650000
0.511031	0.891602	0.438499	0.805830	1.145856	0.760044	0.663851	0.346400	-0.043946	0.650000
0.503931	0.906716	0.395313	0.765167	1.164129	0.754391	0.598482	0.294793	0.006054	0.650000
0.498402	0.919280	0.360772	0.730451	1.179740	0.749740	0.525071	0.245875	0.056054	0.650000
0.494078	0.929742	0.329281	0.693463	1.193217	0.745793	0.444496	0.199088	0.106054	0.650000
0.493713	0.932855	0.309508	0.657296	1.196771	0.744605	0.378271	0.166913	0.156054	0.650000
0.501806	0.920120	0.309715	0.617839	1.178178	0.749674	0.364585	0.169356	0.206054	0.650000
0.514358	0.899013	0.318431	0.578487	1.149395	0.758313	0.378971	0.191187	0.256054	0.650000
0.534066	0.865209	0.342135	0.544667	1.106355	0.773186	0.431295	0.246571	0.306054	0.650000
0.554132	0.831423	0.363671	0.516841	1.066544	0.789287	0.478608	0.306897	0.356054	0.650000
0.574567	0.797816	0.385458	0.497493	1.029571	0.806812	0.522540	0.372143	0.406054	0.650000
0.595398	0.764484	0.408583	0.486304	0.995063	0.826007	0.564105	0.442071	0.456055	0.650000
0.615828	0.732594	0.429246	0.478518	0.963748	0.846423	0.604828	0.515583	0.500000	0.650000
0.623996	0.719410	0.448222	0.487941	0.951308	0.855501	0.629888	0.554793	0.500000	0.650000
0.623996	0.719410	0.461449	0.502340	0.951308	0.855501	0.629888	0.554793	0.500000	0.650000
0.623996	0.719410	0.467335	0.508748	0.951308	0.855501	0.629888	0.554793	0.500000	0.650000
0.623996	0.719410	0.474451	0.516495	0.951308	0.855501	0.629888	0.554793	0.500000	0.650000
0.623996	0.719410	0.482719	0.525495	0.951308	0.855501	0.629888	0.554793	0.500000	0.650000
0.623996	0.719410	0.491478	0.535030	0.951308	0.855501	0.629888	0.554793	0.500000	0.650000
0.623996	0.719410	0.500022	0.544331	0.951308	0.855501	0.629888	0.554793	0.500000	0.650000
0.623996	0.719410	0.508702	0.553781	0.951308	0.855501	0.629888	0.554793	0.500000	0.650000
0.623996	0.719410	0.517292	0.563131	0.951308	0.855501	0.629888	0.554793	0.500000	0.650000
0.623996	0.719410	0.527587	0.574339	0.951308	0.855501	0.629888	0.554793	0.500000	0.650000
0.623996	0.719410	0.537068	0.584661	0.951308	0.855501	0.629888	0.554793	0.500000	0.650000
0.623996	0.719410	0.554986	0.604166	0.951308	0.855501	0.629888	0.554793	0.500000	0.650000
0.623996	0.719410	0.565562	0.615680	0.951308	0.855501	0.629888	0.554793	0.500000	0.650000
0.623996	0.719410	0.577588	0.628771	0.951308	0.855501	0.629888	0.554793	0.500000	0.650000
0.623996	0.719410	0.589745	0.642005	0.951308	0.855501	0.629888	0.554793	0.500000	0.650000
0.623996	0.719410	0.601819	0.655149	0.951308	0.855501	0.629888	0.554793	0.500000	0.650000
0.623996	0.719410	0.615147	0.669659	0.951308	0.855501	0.629888	0.554793	0.500000	0.650000
0.623996	0.719410	0.629333	0.685101	0.951308	0.855501	0.629888	0.554793	0.500000	0.650000
0.623996	0.719410	0.641843	0.698720	0.951308	0.855501	0.629888	0.554793	0.500000	0.650000
0.623996	0.719410	0.654790	0.712815	0.951308	0.855501	0.629888	0.554793	0.500000	0.650000
0.623996	0.719410	0.666994	0.726100	0.951308	0.855501	0.629888	0.554793	0.500000	0.650000
0.623996	0.719410	0.671216	0.730696	0.951308	0.855501	0.629888	0.554793	0.500000	0.650000
0.623996	0.719410	0.671216	0.730696	0.951308	0.855501	0.629888	0.554793	0.500000	0.650000
0.623996	0.719410	0.671216	0.730696	0.951308	0.855501	0.629888	0.554793	0.500000	0.650000
0.623996	0.719410	0.671216	0.730696	0.951308	0.855501	0.629888	0.554793	0.500000	0.650000
0.623996	0.719410	0.671216	0.730696	0.951308	0.855501	0.629888	0.554793	0.500000	0.650000
0.623996	0.719410	0.671216	0.730696	0.951308	0.855501	0.629888	0.554793	0.500000	0.650000
0.623996	0.719410	0.671216	0.730696	0.951308	0.855501	0.629888	0.554793	0.500000	0.650000
0.623996	0.719410	0.671216	0.730696	0.951308	0.855501	0.629888	0.554793	0.500000	0.650000
0.621810	0.722933	0.669175	0.732978	0.954598	0.853046	0.623350	0.544343	0.500000	0.650000
0.619244	0.727072	0.666726	0.735729	0.958495	0.850188	0.615522	0.532038	0.500000	0.650000
0.617387	0.730073	0.664915	0.737771	0.961342	0.848136	0.609747	0.523101	0.500000	0.650000
0.617387	0.730073	0.664915	0.737771	0.961342	0.848136	0.609747	0.523101	0.500000	0.650000
0.617387	0.730073	0.664915	0.737771	0.961342	0.848136	0.609747	0.523101	0.500000	0.650000
0.617387	0.730073	0.664915	0.737771	0.961342	0.848136	0.609747	0.523101	0.500000	0.650000
0.617387	0.730073	0.664915	0.737771	0.961342	0.848136	0.609747	0.523101	0.500000	0.650000
0.619754	0.726250	0.667217	0.735177	0.957717	0.850754	0.617090	0.534486	0.500000	0.650000
0.624307	0.718909	0.671503	0.730376	0.950842	0.855853	0.630809	0.556278	0.500000	0.650000
0.632009	0.706535	0.678351	0.722803	0.939495	0.864673	0.652846	0.592770	0.500000	0.650000
0.640409	0.693096	0.685279	0.715289	0.927505	0.874586	0.675320	0.631960	0.500000	0.650000
0.650760	0.676612	0.693110	0.707025	0.913253	0.887254	0.700961	0.679254	0.500000	0.650000
0.658755	0.663936	0.698668	0.701338	0.902620	0.897401	0.719343	0.714941	0.500000	0.650000
0.662640	0.657791	0.701226	0.698779	0.902436	0.897547	0.731995	0.727854	0.500000	0.650000
0.668900	0.647913	0.705162	0.694923	0.910431	0.889232	0.758953	0.740915	0.500000	0.650000
0.678656	0.632570	0.710870	0.689531	0.922536	0.875822	0.799650	0.759742	0.500000	0.650000
0.688938	0.616464	0.716370	0.684596	0.934850	0.861051	0.840812	0.777758	0.500000	0.650000
0.703111	0.588539	0.725500	0.676723	0.890960	0.779108	0.915143	0.814136	0.450000	0.650000
0.707305	0.576633	0.730021	0.672719	0.834401	0.713255	0.933000	0.817899	0.400000	0.650000
0.690433	0.598016	0.723996	0.677348	0.757084	0.677181	0.866643	0.785535	0.350000	0.650000
0.675303	0.617563	0.716936	0.683562	0.682185	0.635740	0.791703	0.741992	0.300000	0.650000
0.665729	0.629770	0.711714	0.688463	0.613046	0.586209	0.722133	0.692251	0.250000	0.650000
0.661472	0.635711	0.709172	0.690908	0.548691	0.530956	0.657481	0.637133	0.200000	0.650000
0.662413	0.636537	0.709927	0.690142	0.487979	0.471696	0.596877	0.577732	0.150000	0.650000
0.668497	0.633535	0.714277	0.685827	0.429651	0.409817	0.539132	0.515263	0.100000	0.650000
0.679676	0.628112	0.722181	0.678002	0.372409	0.346572	0.482921	0.450950	0.050000	0.650000
0.695874	0.621698	0.733308	0.666986	0.315024	0.283183	0.426962	0.385976	-0.000000	0.650000
0.716936	0.615562	0.747116	0.653293	0.256439	0.220853	0.370168	0.321446	-0.050000	0.650000
0.742531	0.610622	0.762929	0.637559	0.195879	0.160690	0.311725	0.258377	-0.100000	0.650000
0.772007	0.607319	0.780003	0.620489	0.132927	0.103567	0.251114	0.197678	-0.150000	0.650000
0.804229	0.605649	0.797561	0.602844	0.067539	0.049989	0.188087	0.140122	-0.200000	0.650000
0.837515	0.605332	0.814809	0.585435	-0.000000	-0.000000	0.122631	0.086295	-0.250000	0.650000
0.869746	0.606036	0.830932	0.569141	-0.069183	-0.046821	0.054921	0.036517	-0.300000	0.650000
0.898670	0.607543	0.845088	0.554913	-0.139401	-0.091300	-0.014717	-0.009276	-0.350000	0.650000
0.922261	0.609804	0.856406	0.543772	-0.210035	-0.134567	-0.085827	-0.051665	-0.400000	0.650000
0.939007	0.612917	0.863992	0.536762	-0.280501	-0.177929	-0.157839	-0.091865	-0.450000	0.650000
0.948024	0.617074	0.866966	0.534855	-0.350251	-0.222755	-0.230062	-0.131749	-0.500000	0.650000
0.938562	0.628742	0.852587	0.550333	-0.415705	-0.276793	-0.298812	-0.180871	-0.500000	0.650000
0.918223	0.645502	0.827849	0.575518	-0.468096	-0.332949	-0.362798	-0.240265	-0.464695	0.650000
0.897336	0.662867	0.803038	0.600260	-0.526656	-0.398747	-0.423446	-0.304462	-0.414695	0.650000
0.877742	0.679199	0.781267	0.621623	-0.583602	-0.466040	-0.481747	-0.370728	-0.364695	0.650000
0.859940	0.694100	0.762974	0.639357	-0.639414	-0.533974	-0.538346	-0.437915	-0.314695	0.650000
0.875796	0.687771	0.771205	0.631854	-0.708487	-0.580787	-0.543879	-0.429911	-0.264695	0.650000
0.896222	0.677831	0.784203	0.619881	-0.765887	-0.610495	-0.541573	-0.409840	-0.214695	0.650000
0.920400	0.664875	0.801997	0.603348	-0.813985	-0.625621	-0.531447	-0.379024	-0.164695	0.650000
0.937746	0.652860	0.819056	0.586581	-0.821666	-0.610416	-0.497946	-0.336380	-0.114695	0.650000
0.967540	0.636193	0.844710	0.562308	-0.874968	-0.618949	-0.487901	-0.300157	-0.064695	0.650000
0.990706	0.621430	0.868257	0.539143	-0.906965	-0.613550	-0.470041	-0.263727	-0.014695	0.650000
1.021163	0.603063	0.899820	0.508017	-0.953021	-0.607540	-0.457397	-0.221901	0.035305	0.650000
1.057260	0.581498	0.939587	0.468020	-1.004764	-0.593347	-0.444607	-0.169895	0.085305	0.650000
1.066780	0.574542	0.951797	0.455019	-1.017252	-0.585350	-0.437412	-0.152410	0.107628	0.650000
1.082447	0.567111	0.968385	0.438828	-1.042280	-0.581989	-0.445875	-0.133662	0.115781	0.650000
1.091144	0.561091	0.979585	0.426855	-1.054034	-0.574333	-0.442565	-0.117480	0.133210	0.650000
1.092993	0.560729	0.981370	0.425433	-1.059273	-0.576405	-0.451283	-0.117324	0.133210	0.650000
1.095044	0.560009	0.983482	0.423506	-1.063174	-0.576742	-0.455114	-0.115295	0.133210	0.650000
1.096316	0.559245	0.984903	0.421961	-1.063637	-0.574950	-0.451441	-0.112271	0.133210	0.650000
1.092258	0.561684	0.980365	0.426891	-1.062159	-0.580643	-0.463097	-0.121984	0.133210	0.650000
1.079753	0.572073	0.962959	0.446764	-1.055988	-0.602400	-0.495732	-0.156790	0.105403	0.650000
1.059582	0.587273	0.935743	0.476786	-1.046769	-0.632981	-0.538676	-0.210659	0.066158	0.650000
1.035134	0.604445	0.903938	0.510382	-1.036026	-0.665628	-0.577235	-0.270884	0.017115	0.650000
1.003163	0.624589	0.866453	0.547634	-1.022644	-0.702225	-0.619723	-0.343797	-0.032885	0.650000
0.968334	0.645146	0.830160	0.581893	-1.007996	-0.737504	-0.656705	-0.416897	-0.082885	0.650000
0.922594	0.670841	0.789720	0.618460	-0.987952	-0.778901	-0.701973	-0.510651	-0.132885	0.650000
0.879629	0.694281	0.758451	0.646235	-0.967785	-0.814079	-0.733321	-0.590849	-0.182885	0.650000
0.839236	0.715807	0.734550	0.667577	-0.947306	-0.844529	-0.755403	-0.660120	-0.232885	0.650000
0.816600	0.726997	0.723468	0.677670	-0.935403	-0.860231	-0.755074	-0.686419	-0.282885	0.650000
0.789104	0.740681	0.711698	0.688637	-0.919876	-0.878824	-0.760129	-0.723137	-0.332885	0.650000
0.769479	0.749721	0.704518	0.695538	-0.908366	-0.891413	-0.757462	-0.742442	-0.382885	0.650000
0.755508	0.755380	0.700028	0.699972	-0.900056	-0.899944	-0.750048	-0.749951	-0.432885	0.650000
0.742377	0.760432	0.696131	0.703918	-0.908058	-0.892133	-0.756851	-0.743225	-0.482885	0.650000
0.738103	0.762012	0.694923	0.705162	-0.910769	-0.889569	-0.759085	-0.741047	-0.500000	0.650000
0.738103	0.762012	0.694923	0.705162	-0.910769	-0.889569	-0.759085	-0.741047	-0.500000	0.650000
0.738103	0.762012	0.694923	0.705162	-0.910769	-0.889569	-0.759085	-0.741047	-0.500000	0.650000
0.738103	0.762012	0.694923	0.705162	-0.910769	-0.889569	-0.759085	-0.741047	-0.500000	0.650000
0.738103	0.762012	0.694923	0.705162	-0.910769	-0.889569	-0.759085	-0.741047	-0.500000	0.650000
0.738103	0.762012	0.694923	0.705162	-0.910769	-0.889569	-0.759085	-0.741047	-0.500000	0.650000
0.738103	0.762012	0.694923	0.705162	-0.910769	-0.889569	-0.759085	-0.741047	-0.500000	0.650000
0.738103	0.762012	0.694923	0.705162	-0.910769	-0.889569	-0.759085	-0.741047	-0.500000	0.650000
0.738103	0.762012	0.694923	0.705162	-0.910769	-0.889569	-0.759085	-0.741047	-0.500000	0.650000
0.738103	0.762012	0.694923	0.705162	-0.910769	-0.889569	-0.759085	-0.741047	-0.500000	0.650000
0.738103	0.762012	0.694923	0.705162	-0.910769	-0.889569	-0.759085	-0.741047	-0.500000	0.650000
0.738103	0.762012	0.694923	0.705162	-0.910769	-0.889569	-0.759085	-0.741047	-0.500000	0.650000
0.738103	0.762012	0.694923	0.705162	-0.910769	-0.889569	-0.759085	-0.741047	-0.500000	0.650000
0.738103	0.762012	0.694923	0.705162	-0.910769	-0.889569	-0.759085	-0.741047	-0.500000	0.650000
0.738103	0.762012	0.694923	0.705162	-0.910769	-0.889569	-0.759085	-0.741047	-0.500000	0.650000
0.738103	0.762012	0.694923	0.705162	-0.910769	-0.889569	-0.759085	-0.741047	-0.500000	0.650000
0.738103	0.762012	0.694923	0.705162	-0.910769	-0.889569	-0.759085	-0.741047	-0.500000	0.650000
0.738103	0.762012	0.694923	0.705162	-0.910769	-0.889569	-0.759085	-0.741047	-0.500000	0.650000
0.738103	0.762012	0.694923	0.705162	-0.910769	-0.889569	-0.759085	-0.741047	-0.500000	0.650000
0.738103	0.762012	0.694923	0.705162	-0.910769	-0.889569	-0.759085	-0.741047	-0.500000	0.650000
0.738103	0.762012	0.694923	0.705162	-0.910769	-0.889569	-0.759085	-0.741047	-0.500000	0.650000
0.738103	0.762012	0.694923	0.705162	-0.910769	-0.889569	-0.759085	-0.741047	-0.500000	0.650000
0.738103	0.762012	0.694923	0.705162	-0.910769	-0.889569	-0.759085	-0.741047	-0.500000	0.650000
0.738103	0.762012	0.692165	0.702364	-0.910769	-0.889569	-0.759085	-0.741047	-0.500000	0.650000
0.738103	0.762012	0.691838	0.702031	-0.910769	-0.889569	-0.759085	-0.741047	-0.500000	0.650000
0.738103	0.762012	0.688974	0.699126	-0.910769	-0.889569	-0.759085	-0.741047	-0.500000	0.650000
0.738103	0.762012	0.682667	0.692725	-0.910769	-0.889569	-0.759085	-0.741047	-0.500000	0.650000
0.738103	0.762012	0.675203	0.685152	-0.910769	-0.889569	-0.759085	-0.741047	-0.500000	0.650000
0.738103	0.762012	0.671533	0.681428	-0.910769	-0.889569	-0.759085	-0.741047	-0.500000	0.650000
0.738103	0.762012	0.671533	0.681428	-0.910769	-0.889569	-0.759085	-0.741047	-0.500000	0.650000
0.743014	0.759161	0.669192	0.675930	-0.907228	-0.892926	-0.747703	-0.735554	-0.500000	0.650000
0.746721	0.757012	0.670380	0.674720	-0.904586	-0.895477	-0.739063	-0.731338	-0.500000	0.650000
0.752772	0.753509	0.669454	0.669769	-0.900326	-0.899675	-0.724874	-0.724323	-0.500000	0.650000
0.755372	0.752005	0.670337	0.668888	-0.901484	-0.898509	-0.721255	-0.718742	-0.500000	0.650000
0.755372	0.752005	0.670337	0.668888	-0.901484	-0.898509	-0.721255	-0.718742	-0.500000	0.650000
0.755372	0.752005	0.670337	0.668888	-0.901484	-0.898509	-0.721255	-0.718742	-0.500000	0.650000
0.755372	0.752005	0.670337	0.668888	-0.901484	-0.898509	-0.721255	-0.718742	-0.500000	0.650000
0.762034	0.748156	0.672669	0.666581	-0.906069	-0.893818	-0.713209	-0.702906	-0.500000	0.650000
0.771940	0.742446	0.678315	0.664965	-0.912746	-0.886747	-0.700745	-0.679039	-0.500000	0.650000
0.771940	0.742446	0.678315	0.664965	-0.912746	-0.886747	-0.700745	-0.679039	-0.500000	0.650000
0.771940	0.742446	0.686158	0.672653	-0.912746	-0.886747	-0.700745	-0.679039	-0.500000	0.650000
0.771940	0.742446	0.689944	0.676366	-0.912746	-0.886747	-0.700745	-0.679039	-0.500000	0.650000
0.771940	0.742446	0.700704	0.686914	-0.912746	-0.886747	-0.700745	-0.679039	-0.500000	0.650000
0.771940	0.742446	0.706410	0.692507	-0.912746	-0.886747	-0.700745	-0.679039	-0.500000	0.650000
0.771940	0.742446	0.707025	0.693110	-0.912746	-0.886747	-0.700745	-0.679039	-0.500000	0.650000
0.771940	0.742446	0.707025	0.693110	-0.912746	-0.886747	-0.700745	-0.679039	-0.500000	0.650000
0.771940	0.742446	0.707025	0.693110	-0.912746	-0.886747	-0.700745	-0.679039	-0.500000	0.650000
0.771940	0.742446	0.707025	0.693110	-0.912746	-0.886747	-0.700745	-0.679039	-0.500000	0.650000
0.771868	0.742487	0.706996	0.693137	-0.912698	-0.886799	-0.700838	-0.679214	-0.500000	0.650000
0.771868	0.742487	0.706996	0.693137	-0.912698	-0.886799	-0.700838	-0.679214	-0.500000	0.650000
0.764964	0.746466	0.704303	0.695749	-0.908061	-0.891739	-0.709586	-0.695887	-0.500000	0.650000
0.755372	0.752005	0.700758	0.699243	-0.901484	-0.898509	-0.721255	-0.718742	-0.500000	0.650000
0.752213	0.753833	0.699639	0.700361	-0.900717	-0.899285	-0.726191	-0.724979	-0.500000	0.650000
0.738103	0.762012	0.694923	0.705162	-0.910769	-0.889569	-0.759085	-0.741047	-0.500000	0.650000
0.738103	0.762012	0.694923	0.705162	-0.910769	-0.889569	-0.759085	-0.741047	-0.500000	0.650000
0.728948	0.767333	0.692101	0.708116	-0.917490	-0.883385	-0.780102	-0.751007	-0.500000	0.650000
0.720055	0.772514	0.689531	0.710870	-0.924178	-0.877464	-0.800258	-0.760350	-0.500000	0.650000
0.704225	0.781762	0.685353	0.715505	-0.936487	-0.867133	-0.835480	-0.776208	-0.500000	0.650000
0.694573	0.787417	0.683042	0.718172	-0.944261	-0.860961	-0.856527	-0.785417	-0.500000	0.650000
0.681257	0.795238	0.680131	0.721664	-0.955337	-0.852601	-0.885012	-0.797580	-0.500000	0.650000
0.676370	0.798114	0.679140	0.722895	-0.959510	-0.849576	-0.895305	-0.801894	-0.500000	0.650000
0.671527	0.803347	0.678051	0.724249	-0.964194	-0.846351	-0.922231	-0.821104	-0.450000	0.650000
0.678129	0.803640	0.677465	0.724527	-0.897375	-0.791594	-0.919825	-0.823414	-0.400000	0.650000
0.697121	0.795882	0.679998	0.721188	-0.821518	-0.743636	-0.878498	-0.803133	-0.350000	0.650000
0.727927	0.779619	0.687716	0.712593	-0.739625	-0.701676	-0.799405	-0.760697	-0.300000	0.650000
0.747560	0.767848	0.694520	0.705524	-0.667038	-0.653148	-0.727110	-0.712420	-0.250000	0.650000
0.756545	0.759816	0.699020	0.700981	-0.601046	-0.598958	-0.660839	-0.658578	-0.200000	0.650000
0.755594	0.754870	0.700236	0.699764	-0.540215	-0.539785	-0.599943	-0.599471	-0.150000	0.650000
0.745793	0.752416	0.697670	0.702333	-0.481827	-0.478188	-0.541730	-0.537698	-0.100000	0.650000
0.742063	0.745997	0.698521	0.701480	-0.420983	-0.419022	-0.480816	-0.478603	-0.088481	0.650000
0.748410	0.734371	0.705611	0.694398	-0.363053	-0.356889	-0.423271	-0.416086	-0.110310	0.650000
0.767573	0.716498	0.721486	0.678613	-0.377328	-0.354399	-0.370921	-0.347785	-0.083255	0.650000
0.798121	0.693544	0.745941	0.654359	-0.428232	-0.376730	-0.318718	-0.278034	-0.046480	0.650000
0.827487	0.670898	0.771425	0.629013	-0.483685	-0.398876	-0.262277	-0.212026	-0.001504	0.650000
0.855750	0.648398	0.797704	0.602707	-0.541513	-0.418207	-0.201884	-0.150354	0.048496	0.650000
0.870347	0.638688	0.810523	0.589865	-0.589163	-0.441226	-0.187451	-0.133820	0.085719	0.650000
0.879979	0.631526	0.820121	0.580219	-0.637438	-0.467042	-0.181750	-0.125575	0.132328	0.650000
0.888057	0.624526	0.829320	0.570943	-0.679663	-0.487534	-0.173806	-0.116260	0.176777	0.650000
0.894434	0.618231	0.837522	0.562656	-0.714883	-0.503027	-0.164863	-0.107025	0.216099	0.650000
0.894964	0.613575	0.842429	0.557654	-0.741523	-0.515505	-0.150331	-0.095816	0.258623	0.650000
0.899175	0.609799	0.847708	0.552340	-0.761785	-0.522907	-0.145713	-0.090990	0.279077	0.650000
0.877347	0.617938	0.832374	0.567665	-0.721720	-0.513336	-0.129949	-0.086026	0.279077	0.650000
0.858222	0.626210	0.817848	0.582193	-0.676055	-0.497622	-0.120413	-0.083972	0.266035	0.650000
0.848087	0.631368	0.809389	0.590660	-0.642697	-0.482650	-0.117753	-0.084538	0.247755	0.650000
0.838433	0.636819	0.801039	0.599021	-0.608800	-0.466499	-0.118905	-0.087779	0.226905	0.650000
0.831541	0.641057	0.794715	0.605354	-0.575459	-0.447634	-0.119552	-0.090095	0.201453	0.650000
0.824623	0.645206	0.788554	0.611521	-0.540075	-0.426335	-0.119880	-0.092144	0.174427	0.650000
0.807154	0.653027	0.775694	0.624368	-0.478671	-0.390053	-0.114219	-0.091415	0.145922	0.650000
0.793653	0.658730	0.765998	0.634050	-0.416977	-0.348072	-0.106808	-0.088067	0.111761	0.650000
0.787883	0.661837	0.761370	0.638676	-0.371622	-0.313779	-0.105759	-0.088429	0.075742	0.650000
0.772501	0.666796	0.751600	0.648427	-0.304084	-0.263355	-0.092246	-0.079427	0.048246	0.650000
0.760490	0.671303	0.743607	0.656411	-0.238380	-0.210886	-0.085225	-0.075138	0.012949	0.650000
0.751437	0.674130	0.737922	0.662089	-0.173851	-0.156168	-0.076726	-0.068783	-0.025256	0.650000
0.741371	0.677102	0.731696	0.668310	-0.119103	-0.108847	-0.066900	-0.061074	-0.049190	0.650000
0.726723	0.681436	0.722498	0.677504	-0.083548	-0.078361	-0.051717	-0.048487	-0.039394	0.650000
0.714199	0.685529	0.714329	0.685671	-0.055856	-0.053618	-0.039139	-0.037566	-0.028273	0.650000
0.699396	0.690653	0.704401	0.695599	-0.024471	-0.024165	-0.023247	-0.022957	-0.012475	0.650000
0.685974	0.695848	0.694998	0.705002	0.005183	0.005110	-0.009154	-0.009024	0.001308	0.650000
0.672293	0.701788	0.684968	0.715032	0.034543	0.033093	0.005435	0.005206	0.018237	0.650000
0.658989	0.707582	0.675081	0.724919	0.063388	0.059049	0.025134	0.023405	0.040706	0.650000
0.646466	0.714522	0.664934	0.735068	0.103179	0.093426	0.039414	0.035651	0.048790	0.650000
0.636514	0.720157	0.656748	0.743259	0.140363	0.124270	0.054978	0.048574	0.054971	0.650000
0.628564	0.725144	0.649944	0.750071	0.185555	0.161315	0.067660	0.058616	0.046330	0.650000
0.622242	0.729431	0.644348	0.755676	0.229490	0.196625	0.078399	0.066830	0.032714	0.650000
0.615317	0.734342	0.638083	0.761957	0.273257	0.230418	0.092002	0.077011	0.024108	0.650000
0.610281	0.738434	0.633212	0.766842	0.316242	0.263503	0.100649	0.083065	0.005504	0.650000
0.605302	0.742849	0.628146	0.771924	0.359377	0.295844	0.108620	0.088332	-0.014386	0.650000
0.600907	0.747226	0.623314	0.776768	0.402724	0.327852	0.114223	0.091595	-0.039393	0.650000
0.596455	0.751976	0.618146	0.781948	0.446449	0.359244	0.119559	0.094446	-0.065629	0.650000
0.589844	0.758699	0.610761	0.789365	0.491207	0.388772	0.131244	0.101462	-0.079388	0.650000
0.585745	0.764138	0.605047	0.795076	0.535606	0.418785	0.131748	0.100188	-0.113691	0.650000
0.581528	0.769980	0.598849	0.801265	0.579190	0.447008	0.131590	0.098297	-0.147807	0.650000
0.576769	0.776479	0.591854	0.808250	0.621808	0.472993	0.132979	0.097344	-0.177770	0.650000
0.571570	0.783553	0.584178	0.815916	0.662698	0.496249	0.135218	0.096801	-0.203464	0.650000
0.566879	0.790291	0.576786	0.823289	0.700925	0.517133	0.135806	0.095154	-0.229651	0.650000
0.562199	0.797034	0.569328	0.830728	0.736366	0.535297	0.136687	0.093706	-0.252322	0.650000
0.559817	0.801427	0.564249	0.835777	0.765733	0.551036	0.131208	0.088626	-0.281756	0.650000
0.560277	0.802716	0.562351	0.837653	0.788173	0.564912	0.119802	0.080473	-0.317864	0.650000
0.556639	0.807786	0.556616	0.843385	0.811260	0.574945	0.121778	0.080420	-0.328983	0.650000
0.569654	0.792174	0.573828	0.826173	0.758139	0.555986	0.104063	0.072308	-0.329996	0.650000
0.574143	0.786639	0.580028	0.819974	0.735984	0.546739	0.101419	0.071767	-0.323912	0.650000
0.579293	0.780005	0.587579	0.812428	0.702961	0.530510	0.099119	0.071708	-0.307578	0.650000
0.580406	0.777811	0.590134	0.809880	0.684476	0.519298	0.102052	0.074381	-0.288945	0.650000
0.582474	0.774477	0.593859	0.806164	0.662783	0.506859	0.105962	0.078071	-0.269802	0.650000
0.584726	0.770976	0.597780	0.802254	0.637882	0.491868	0.108103	0.080556	-0.248478	0.650000
0.585694	0.768848	0.600127	0.799919	0.617633	0.478580	0.111948	0.083985	-0.226158	0.650000
0.587037	0.766244	0.602902	0.797159	0.596682	0.465101	0.117180	0.088611	-0.203529	0.595460
0.590065	0.761965	0.607524	0.792546	0.566435	0.445942	0.118650	0.090925	-0.179369	0.535914
0.593584	0.757331	0.612525	0.787549	0.532215	0.423585	0.118349	0.092010	-0.153998	0.482323
0.597295	0.752669	0.617540	0.782535	0.495767	0.398969	0.117281	0.092507	-0.127753	0.434090
0.600956	0.748154	0.622342	0.777733	0.458893	0.373309	0.117019	0.093585	-0.100670	0.390681
0.603163	0.745147	0.625447	0.774631	0.426916	0.349706	0.118442	0.095569	-0.072352	0.310683
0.607351	0.740609	0.630341	0.769730	0.384152	0.318264	0.115624	0.094624	-0.043872	0.252245
0.609338	0.738251	0.632791	0.767279	0.354236	0.295130	0.115859	0.095486	-0.018911	0.172331
0.611810	0.735812	0.635460	0.764605	0.328300	0.275270	0.113841	0.094550	-0.002342	0.128191
0.611255	0.736279	0.634911	0.765155	0.333999	0.279683	0.115003	0.095362	-0.005328	0.108168
0.615136	0.733119	0.638651	0.761402	0.309266	0.261385	0.108141	0.090654	0.000513	0.093185
0.619606	0.729670	0.642845	0.757195	0.281088	0.240095	0.100192	0.085021	0.007007	0.080297
0.623621	0.726733	0.646516	0.753514	0.256109	0.220827	0.093090	0.079841	0.012673	0.069461
0.627624	0.723772	0.650190	0.749834	0.228214	0.198657	0.087463	0.075816	0.022646	0.060998
0.630869	0.721627	0.653023	0.746996	0.210166	0.184320	0.081775	0.071469	0.025348	0.053579
0.633715	0.719816	0.655468	0.744547	0.194993	0.172130	0.076832	0.067624	0.027224	0.047063
0.636413	0.718155	0.657754	0.742258	0.181067	0.160820	0.072197	0.063966	0.028712	0.041339
0.639351	0.716406	0.660211	0.739799	0.166492	0.148862	0.067202	0.059963	0.029918	0.036311
0.642663	0.714502	0.662940	0.737066	0.150833	0.135868	0.061671	0.055462	0.030772	0.031895
0.646833	0.712053	0.666399	0.733606	0.131707	0.119773	0.055942	0.050812	0.032471	0.028016
0.650435	0.710133	0.669280	0.730723	0.117156	0.107394	0.050249	0.046020	0.031675	0.024608
0.653271	0.708665	0.671523	0.728480	0.106346	0.098095	0.045884	0.042294	0.030660	0.021615
0.656064	0.707254	0.673711	0.726291	0.096242	0.089320	0.041692	0.038672	0.029340	0.018986
0.659323	0.705655	0.676234	0.723767	0.085061	0.079504	0.036880	0.034457	0.027424	0.016676
0.662507	0.704142	0.678670	0.721330	0.074705	0.070305	0.032264	0.030355	0.025222	0.014647
0.667139	0.701865	0.682241	0.717759	0.060948	0.057941	0.026723	0.025400	0.021884	0.012865
0.670580	0.700299	0.684823	0.715177	0.051171	0.049004	0.022248	0.021304	0.018900	0.011299
0.674309	0.698642	0.687592	0.712408	0.041062	0.039634	0.017565	0.016953	0.015493	0.009924
0.676805	0.697562	0.689427	0.710573	0.034517	0.033491	0.014481	0.014050	0.013132	0.008716
0.679457	0.696430	0.691364	0.708636	0.027750	0.027074	0.011309	0.011033	0.010601	0.007654
0.683158	0.694564	0.694205	0.705795	0.019498	0.019178	0.008978	0.008830	0.007576	0.006722
0.685130	0.693719	0.695640	0.704360	0.014429	0.014251	0.006940	0.006854	0.006107	0.005902
0.688170	0.692455	0.697827	0.702173	0.012931	0.012851	0.003757	0.003733	-0.002396	0.005166
0.693080	0.690413	0.701350	0.698650	0.008422	0.008389	-0.000917	-0.000914	-0.013514	0.004536
0.686051	0.704353	0.690817	0.709184	-0.004437	-0.004322	-0.061726	-0.060126	-0.027966	0.003980
0.675669	0.698304	0.682203	0.704753	-0.029602	-0.028645	-0.122924	-0.118971	-0.056581	0.003509
0.607327	0.664312	0.621298	0.677683	-0.030477	-0.027872	-0.189216	-0.173306	-0.056298	0.003033
0.557660	0.611731	0.570869	0.624385	-0.032273	-0.029430	-0.189490	-0.173076	-0.051560	0.002682
0.506979	0.558525	0.516574	0.567339	-0.031508	-0.028610	-0.189904	-0.172731	-0.047715	0.002364
0.469571	0.513254	0.475395	0.518551	-0.027085	-0.024784	-0.159560	-0.146181	-0.031252	0.002074
0.436550	0.460270	0.439268	0.462922	-0.023901	-0.022671	-0.095080	-0.090208	-0.012066	0.001819
0.404231	0.407827	0.408143	0.411769	-0.013979	-0.013856	-0.032725	-0.032436	-0.009045	0.001599
0.373090	0.366700	0.379780	0.373281	0.006236	0.006129	0.027655	0.027182	0.002458	0.001387
0.344424	0.333281	0.351646	0.340310	0.018650	0.018047	0.061160	0.059185	0.006149	0.001226
0.309788	0.297945	0.317182	0.305144	0.033059	0.031796	0.086526	0.083232	0.010303	0.000848
0.273146	0.261044	0.280455	0.268175	0.046458	0.044403	0.110628	0.105760	0.013972	0.000776
0.234741	0.222286	0.241798	0.229192	0.058262	0.055178	0.135793	0.128663	0.017110	0.000867
0.201105	0.201803	0.206437	0.207146	0.074785	0.074528	0.110376	0.109997	0.039933	0.000614
0.155927	0.182613	0.156962	0.184002	0.145995	0.124975	0.054513	0.046495	0.089933	0.000678
0.107137	0.145732	0.104079	0.142607	0.228753	0.169592	-0.011630	-0.008488	0.139933	0.000463
