0.000000
0.434776
0.144003
0.121796
0.117656
0.122297
0.136372
0.134628
0.137102
0.116578
0.138511
0.143359
0.123701
0.143669
0.121525
0.125677
0.142102
0.155551
0.133288
0.158688
0.155744
0.124958
0.126389
0.099502
0.129532
0.121872
0.118300
0.132065
0.138633
0.135144
0.125345
0.141469
0.131688
0.134791
0.158386
0.138237
0.120164
0.111713
0.111298
0.131299
0.133405
0.128541
0.135081
0.137652
0.142898
0.134175
0.143564
0.132556
0.153397
0.143113
0.140230
0.123381
0.112323
0.125097
0.123270
0.117791
0.119913
0.126269
0.126822
0.133706
0.140722
0.127605
0.121031
0.128876
0.138297
0.140661
0.134922
0.122342
0.129493
0.142379
0.129478
0.151930
0.154572
0.165864
0.145125
0.149411
0.156835
0.156047
0.162326
0.159556
0.145454
0.142636
0.146891
0.139716
0.154893
0.158603
0.140544
0.147970
0.141141
0.135857
0.127414
0.122932
0.127732
0.122076
0.121675
0.124016
0.126364
0.126794
0.123560
0.111473
0.112232
0.114825
0.120513
0.124163
0.136293
0.126643
0.120432
0.124230
0.123255
0.117281
0.123144
0.115895
0.125385
0.122648
0.119904
0.119756
0.111478
0.114052
0.103127
0.103406
0.113672
0.110090
0.114907
0.108941
0.112510
0.113440
0.116414
0.113978
0.121055
0.110825
0.112776
0.112346
0.119150
0.112523
0.110395
0.129103
0.123582
0.123168
0.128733
0.146576
0.153876
0.146789
0.140367
0.125608
0.140669
0.131084
0.114208
0.110470
0.126527
0.126575
0.120902
0.126361
0.119568
0.121931
0.121071
0.119748
0.108094
0.111857
0.096224
0.115688
0.118059
0.122649
0.118417
0.121589
0.119106
0.129354
0.122968
0.120072
0.132161
0.129766
0.141261
0.130660
0.113679
0.124295
0.123385
0.115411
0.121055
0.130619
0.135184
0.125593
0.148038
0.146794
0.126147
0.123750
0.122010
0.132067
0.124283
0.143206
0.132237
0.133374
0.143285
0.133195
0.135698
0.130867
0.128922
0.144573
0.148559
0.161537
0.141720
0.153829
0.151933
0.156981
0.147242
0.148384
0.136084
0.135592
0.130633
0.133227
0.132112
0.143680
0.129917
0.115571
0.157325
0.142994
0.137805
0.142133
0.163780
0.127081
0.126882
0.120770
0.142970
0.124167
0.120391
0.134179
0.120818
0.114489
0.118580
0.121729
0.114278
0.114476
0.124151
0.124315
0.131182
0.135353
0.144326
0.137798
0.140970
0.135312
0.142514
0.127901
0.143835
0.140744
0.126564
0.117383
0.120241
0.111422
0.118301
0.129405
0.133826
0.126294
0.145784
0.138831
0.137033
0.145636
0.145510
0.140539
0.124689
0.136834
0.132967
0.122536
0.128457
0.130248
0.128977
0.126792
0.130548
0.139159
0.127812
0.142952
0.136262
0.137446
0.144133
0.139355
0.124303
0.146277
0.131312
0.141609
0.105091
0.105779
0.109680
0.114926
0.128930
0.129403
0.129871
0.113385
0.126273
0.118884
0.130065
0.117401
0.127078
0.110987
0.116007
0.116890
0.110599
0.114679
0.108332
0.117347
0.112157
0.122344
0.116334
0.115669
0.114484
0.110416
0.127532
0.126827
0.122203
0.121372
0.107121
0.135778
0.129507
0.138947
0.119099
0.118770
0.117515
0.116765
0.125198
0.118540
0.133835
0.143397
0.121460
0.136303
0.118096
0.115824
0.117222
0.116329
0.117499
0.109463
0.102122
0.094284
0.101447
0.096573
0.095082
0.084104
0.086662
0.089362
0.085606
0.087307
0.081735
0.086759
0.089684
0.091773
0.088804
0.079687
0.092255
0.103587
0.101339
0.125841
0.121195
0.116861
0.123895
0.120447
0.118375
0.108295
0.123550
0.121244
0.130729
0.125791
0.113897
0.118894
0.117713
0.105353
0.108368
0.138608
0.130945
0.002519
